,,3,,3,,,,,,,,,3,,3,,,,,,,,,3,,3,,,,,,,,,3,,3,,,,,,,,,,,,,,,,,,,,,,,,,,,
,,4,,,4,,,,,,,,4,,,4,,,,,,,,4,,,4,,,,,,,,,4,,4,,,,,,,,,,,,,,,,,,,,,,,,,,
,,10,,,10,,,,,,,,10,,,10,,,,,,,,10,,,10,,,,,,,,,10,,10,,,,,,,,,,,,,,,,,,,,,,,,,,
,,4,,,4,,,,,,,,4,,,4,,,,,,,,4,,,4,,,,,,,,,4,,4,,,,,,,,,,,,,,,,,,,,,,,,,,
,,,47,47,,,,,,,,,,47,,47,,,,,,,,47,,47,,,,,,,,,,47,47,,,,,,,,,,,,,,,,,,,,,,,,,,,
,,5,,5,,,,,,,,,5,,5,,,,,,,,,5,,5,,,,,,,,,,5,5,,,,,,,,,,,,,,,,,,,,,,,,,,,
,,,42,42,,,,,,,,,,42,,42,,,,,,,,42,,42,,,,,,,,,,42,42,,,,,,,,,,,,,,,,,,,,,,,,,,,
,,,41,,41,,,,,,,,,41,41,,,,,,,,,41,,,41,,,,,,,,,41,,41,,,,,,,,,,,,,,,,,,,,,,,,,,
,,,40,40,,,,,,,,,,40,,40,,,,,,,,40,,40,,,,,,,,,40,,40,,,,,,,,,,,,,,,,,,,,,,,,,,,
,,2,,,2,,,,,,,,2,,,2,,,,,,,,2,,,2,,,,,,,,2,,,2,,,,,,,,,,,,,,,,,,,,,,,,,,
,,,41,,41,,,,,,,,,41,41,,,,,,,,,41,,,41,,,,,,,,,41,,41,,,,,,,,,,,,,,,,,,,,,,,,,,
,,,44,,44,,,,,,,,,44,44,,,,,,,,,44,,,44,,,,,,,,,44,,44,,,,,,,,,,,,,,,,,,,,,,,,,,
,,,42,42,,,,,,,,,,42,,42,,,,,,,,42,,42,,,,,,,,,,42,42,,,,,,,,,,,,,,,,,,,,,,,,,,,
,,,31,,31,,,,,,,,31,,,31,,,,,,,,,31,,31,,,,,,,,31,,,31,,,,,,,,,,,,,,,,,,,,,,,,,,
,,,40,40,,,,,,,,,,40,,40,,,,,,,,40,,40,,,,,,,,,40,,40,,,,,,,,,,,,,,,,,,,,,,,,,,,
,,23,,23,,,,,,,,,,23,23,,,,,,,,,,23,23,,,,,,,,,23,,23,,,,,,,,,,,,,,,,,,,,,,,,,,,
,,,40,40,,,,,,,,,,40,,40,,,,,,,,40,,40,,,,,,,,,40,,40,,,,,,,,,,,,,,,,,,,,,,,,,,,
,,3,,3,,,,,,,,,3,,3,,,,,,,,,3,,3,,,,,,,,,3,,3,,,,,,,,,,,,,,,,,,,,,,,,,,,
,,,42,42,,,,,,,,,,42,,42,,,,,,,,42,,42,,,,,,,,,,42,42,,,,,,,,,,,,,,,,,,,,,,,,,,,
,,,44,,44,,,,,,,,,44,44,,,,,,,,,44,,,44,,,,,,,,,44,,44,,,,,,,,,,,,,,,,,,,,,,,,,,
,,,40,40,,,,,,,,,,40,,40,,,,,,,,40,,40,,,,,,,,,40,,40,,,,,,,,,,,,,,,,,,,,,,,,,,,
,,15,,15,,,,,,,,,,15,15,,,,,,,,,,15,15,,,,,,,,,,15,15,,,,,,,,,,,,,,,,,,,,,,,,,,,
,,,41,,41,,,,,,,,,41,41,,,,,,,,,41,,,41,,,,,,,,,41,,41,,,,,,,,,,,,,,,,,,,,,,,,,,
,,,49,49,,,,,,,,,,49,,49,,,,,,,,49,,49,,,,,,,,,,49,49,,,,,,,,,,,,,,,,,,,,,,,,,,,
,,,42,42,,,,,,,,,,42,,42,,,,,,,,42,,42,,,,,,,,,,42,42,,,,,,,,,,,,,,,,,,,,,,,,,,,
,,,33,,33,,,,,,,,33,,,33,,,,,,,,,33,,33,,,,,,,,33,,,33,,,,,,,,,,,,,,,,,,,,,,,,,,
,,,40,40,,,,,,,,,,40,,40,,,,,,,,40,,40,,,,,,,,,40,,40,,,,,,,,,,,,,,,,,,,,,,,,,,,
,,5,,5,,,,,,,,,5,,5,,,,,,,,,5,,5,,,,,,,,,,5,5,,,,,,,,,,,,,,,,,,,,,,,,,,,
,,,41,,41,,,,,,,,,41,41,,,,,,,,,41,,,41,,,,,,,,,41,,41,,,,,,,,,,,,,,,,,,,,,,,,,,
,,,39,,39,,,,,,,,,39,39,,,,,,,,,39,,,39,,,,,,,,39,,,39,,,,,,,,,,,,,,,,,,,,,,,,,,
,,,42,42,,,,,,,,,,42,,42,,,,,,,,42,,42,,,,,,,,,,42,42,,,,,,,,,,,,,,,,,,,,,,,,,,,
,,,38,38,,,,,,,,,,38,,38,,,,,,,,38,,38,,,,,,,,,38,,38,,,,,,,,,,,,,,,,,,,,,,,,,,,
,,,40,40,,,,,,,,,,40,,40,,,,,,,,40,,40,,,,,,,,,40,,40,,,,,,,,,,,,,,,,,,,,,,,,,,,
,,,45,45,,,,,,,,,,45,,45,,,,,,,,45,,45,,,,,,,,,,45,45,,,,,,,,,,,,,,,,,,,,,,,,,,,
,,,41,,41,,,,,,,,,41,41,,,,,,,,,41,,,41,,,,,,,,,41,,41,,,,,,,,,,,,,,,,,,,,,,,,,,
,,18,,,18,,,,,,,,,18,,18,,,,,,,,,18,,18,,,,,,,,18,,,18,,,,,,,,,,,,,,,,,,,,,,,,,,
,,,42,42,,,,,,,,,,42,,42,,,,,,,,42,,42,,,,,,,,,,42,42,,,,,,,,,,,,,,,,,,,,,,,,,,,
,,16,,,16,,,,,,,,,16,,16,,,,,,,,,16,,16,,,,,,,,16,,,16,,,,,,,,,,,,,,,,,,,,,,,,,,
,,,40,40,,,,,,,,,,40,,40,,,,,,,,40,,40,,,,,,,,,40,,40,,,,,,,,,,,,,,,,,,,,,,,,,,,
,,12,,,12,,,,,,,,12,,,12,,,,,,,,12,,,12,,,,,,,,,12,,12,,,,,,,,,,,,,,,,,,,,,,,,,,
,,,41,,41,,,,,,,,,41,41,,,,,,,,,41,,,41,,,,,,,,,41,,41,,,,,,,,,,,,,,,,,,,,,,,,,,
,,20,,,20,,,,,,,,,20,,20,,,,,,,,,20,,20,,,,,,,,20,,,20,,,,,,,,,,,,,,,,,,,,,,,,,,
,,,42,42,,,,,,,,,,42,,42,,,,,,,,42,,42,,,,,,,,,,42,42,,,,,,,,,,,,,,,,,,,,,,,,,,,
,,6,,,6,,,,,,,,6,,,6,,,,,,,,6,,,6,,,,,,,,,6,,6,,,,,,,,,,,,,,,,,,,,,,,,,,
,,,40,40,,,,,,,,,,40,,40,,,,,,,,40,,40,,,,,,,,,40,,40,,,,,,,,,,,,,,,,,,,,,,,,,,,
,,,36,36,,,,,,,,,36,,36,,,,,,,,,,36,36,,,,,,,,,36,,36,,,,,,,,,,,,,,,,,,,,,,,,,,,
,,,41,,41,,,,,,,,,41,41,,,,,,,,,41,,,41,,,,,,,,,41,,41,,,,,,,,,,,,,,,,,,,,,,,,,,
,,,47,47,,,,,,,,,,47,,47,,,,,,,,47,,47,,,,,,,,,,47,47,,,,,,,,,,,,,,,,,,,,,,,,,,,
,,,42,42,,,,,,,,,,42,,42,,,,,,,,42,,42,,,,,,,,,,42,42,,,,,,,,,,,,,,,,,,,,,,,,,,,
,,,41,,41,,,,,,,,,41,41,,,,,,,,,41,,,41,,,,,,,,,41,,41,,,,,,,,,,,,,,,,,,,,,,,,,,
,,,40,40,,,,,,,,,,40,,40,,,,,,,,40,,40,,,,,,,,,40,,40,,,,,,,,,,,,,,,,,,,,,,,,,,,
,,,26,26,,,,,,,,,26,,26,,,,,,,,,,26,26,,,,,,,,,,26,26,,,,,,,,,,,,,,,,,,,,,,,,,,,
,,,41,,41,,,,,,,,,41,41,,,,,,,,,41,,,41,,,,,,,,,41,,41,,,,,,,,,,,,,,,,,,,,,,,,,,
,,17,,17,,,,,,,,,,17,17,,,,,,,,,,17,17,,,,,,,,,17,,17,,,,,,,,,,,,,,,,,,,,,,,,,,,
,,,42,42,,,,,,,,,,42,,42,,,,,,,,42,,42,,,,,,,,,,42,42,,,,,,,,,,,,,,,,,,,,,,,,,,,
,,,37,,37,,,,,,,,37,,,37,,,,,,,,,37,,37,,,,,,,,37,,,37,,,,,,,,,,,,,,,,,,,,,,,,,,
,,,40,40,,,,,,,,,,40,,40,,,,,,,,40,,40,,,,,,,,,40,,40,,,,,,,,,,,,,,,,,,,,,,,,,,,
,,,49,49,,,,,,,,,,49,,49,,,,,,,,49,,49,,,,,,,,,,49,49,,,,,,,,,,,,,,,,,,,,,,,,,,,
,,,41,,41,,,,,,,,,41,41,,,,,,,,,41,,,41,,,,,,,,,41,,41,,,,,,,,,,,,,,,,,,,,,,,,,,
,,,34,34,,,,,,,,,34,,34,,,,,,,,,,34,34,,,,,,,,,34,,34,,,,,,,,,,,,,,,,,,,,,,,,,,,
,,,42,42,,,,,,,,,,42,,42,,,,,,,,42,,42,,,,,,,,,,42,42,,,,,,,,,,,,,,,,,,,,,,,,,,,
,,,26,26,,,,,,,,,26,,26,,,,,,,,,,26,26,,,,,,,,,,26,26,,,,,,,,,,,,,,,,,,,,,,,,,,,
,,,40,40,,,,,,,,,,40,,40,,,,,,,,40,,40,,,,,,,,,40,,40,,,,,,,,,,,,,,,,,,,,,,,,,,,
,,,40,40,,,,,,,,,,40,,40,,,,,,,,40,,40,,,,,,,,,40,,40,,,,,,,,,,,,,,,,,,,,,,,,,,,
,,,41,,41,,,,,,,,,41,41,,,,,,,,,41,,,41,,,,,,,,,41,,41,,,,,,,,,,,,,,,,,,,,,,,,,,
,,,29,,29,,,,,,,,29,,,29,,,,,,,,,29,,29,,,,,,,,29,,,29,,,,,,,,,,,,,,,,,,,,,,,,,,
,,,42,42,,,,,,,,,,42,,42,,,,,,,,42,,42,,,,,,,,,,42,42,,,,,,,,,,,,,,,,,,,,,,,,,,,
,,25,,25,,,,,,,,,,25,25,,,,,,,,,,25,25,,,,,,,,,25,,25,,,,,,,,,,,,,,,,,,,,,,,,,,,
,,,40,40,,,,,,,,,,40,,40,,,,,,,,40,,40,,,,,,,,,40,,40,,,,,,,,,,,,,,,,,,,,,,,,,,,
,,2,,,2,,,,,,,,2,,,2,,,,,,,,2,,,2,,,,,,,,2,,,2,,,,,,,,,,,,,,,,,,,,,,,,,,
,,,41,,41,,,,,,,,,41,41,,,,,,,,,41,,,41,,,,,,,,,41,,41,,,,,,,,,,,,,,,,,,,,,,,,,,
,,,47,47,,,,,,,,,,47,,47,,,,,,,,47,,47,,,,,,,,,,47,47,,,,,,,,,,,,,,,,,,,,,,,,,,,
,,,42,42,,,,,,,,,,42,,42,,,,,,,,42,,42,,,,,,,,,,42,42,,,,,,,,,,,,,,,,,,,,,,,,,,,
,,15,,15,,,,,,,,,,15,15,,,,,,,,,,15,15,,,,,,,,,,15,15,,,,,,,,,,,,,,,,,,,,,,,,,,,
