,,3,,,3,,,,,,,,,3,,3,,,,,,,,,3,,3,,,,,,,,3,,,3,,,,,,,,,,,,,,,,,,,,,,,,,,
,,,4,4,,,,,,,,,4,,4,,,,,,,,,,4,4,,,,,,,,,4,,4,,,,,,,,,,,,,,,,,,,,,,,,,,,
,,,,,,,,,,,,,21,,,21,,,,,,,,,,,,,,,,,,,21,,,21,,,,,,,,,,,,,,,,,,,,,,,,,,
,,,,,,,,,,,,,32,,,32,,,,,,,,,,,,,,,,,,,32,,,32,,,,,,,,,,,,,,,,,,,,,,,,,,
,,,,,,,,,,,,,,46,,46,,,,,,,,,,,,,,,,,,,46,,,46,,,,,,,,,,,,,,,,,,,,,,,,,,
,,,,,,,,,,,,,,39,,39,,,,,,,,,,,,,,,,,,,,39,,39,,,,,,,,,,,,,,,,,,,,,,,,,,
,,,,,,,,,,,,,,17,17,,,,,,,,,,,,,,,,,,,,17,,17,,,,,,,,,,,,,,,,,,,,,,,,,,,
,,,,,,,,,,,,,34,,,34,,,,,,,,,,,,,,,,,,,,34,,34,,,,,,,,,,,,,,,,,,,,,,,,,,
,,,,,,,,,,,,,,33,,33,,,,,,,,,,,,,,,,,,,33,,,33,,,,,,,,,,,,,,,,,,,,,,,,,,
,,,,,,,,,,,,,,17,17,,,,,,,,,,,,,,,,,,,,17,,17,,,,,,,,,,,,,,,,,,,,,,,,,,,
,,,,,,,,,,,,,,44,,44,,,,,,,,,,,,,,,,,,,,44,,44,,,,,,,,,,,,,,,,,,,,,,,,,,
,,,,,,,,,,,,,,31,,31,,,,,,,,,,,,,,,,,,,,31,,31,,,,,,,,,,,,,,,,,,,,,,,,,,
,,,,,,,,,,,,,,6,,6,,,,,,,,,,,,,,,,,,,,6,,6,,,,,,,,,,,,,,,,,,,,,,,,,,
,,,,,,,,,,,,,4,,4,,,,,,,,,,,,,,,,,,,,4,,4,,,,,,,,,,,,,,,,,,,,,,,,,,,
,,,,,,,,,,,,,45,,45,,,,,,,,,,,,,,,,,,,,,45,45,,,,,,,,,,,,,,,,,,,,,,,,,,,
,,,,,,,,,,,,,,11,11,,,,,,,,,,,,,,,,,,,,,11,11,,,,,,,,,,,,,,,,,,,,,,,,,,,
,,,,,,,,,,,,,,39,,39,,,,,,,,,,,,,,,,,,,,39,,39,,,,,,,,,,,,,,,,,,,,,,,,,,
,,,,,,,,,,,,,21,,,21,,,,,,,,,,,,,,,,,,,21,,,21,,,,,,,,,,,,,,,,,,,,,,,,,,
,,,,,,,,,,,,,,19,19,,,,,,,,,,,,,,,,,,,,,19,19,,,,,,,,,,,,,,,,,,,,,,,,,,,
,,,,,,,,,,,,,25,,25,,,,,,,,,,,,,,,,,,,,25,,25,,,,,,,,,,,,,,,,,,,,,,,,,,,
,,,,,,,,,,,,,,11,11,,,,,,,,,,,,,,,,,,,,,11,11,,,,,,,,,,,,,,,,,,,,,,,,,,,
,,,,,,,,,,,,,34,,,34,,,,,,,,,,,,,,,,,,,,34,,34,,,,,,,,,,,,,,,,,,,,,,,,,,
,,,,,,,,,,,,,45,,45,,,,,,,,,,,,,,,,,,,,,45,45,,,,,,,,,,,,,,,,,,,,,,,,,,,
,,,,,,,,,,,,,23,,,23,,,,,,,,,,,,,,,,,,,,23,,23,,,,,,,,,,,,,,,,,,,,,,,,,,
,,,,,,,,,,,,,5,,,5,,,,,,,,,,,,,,,,,,,,5,,5,,,,,,,,,,,,,,,,,,,,,,,,,,
,,,,,,,,,,,,,,15,,15,,,,,,,,,,,,,,,,,,,,15,,15,,,,,,,,,,,,,,,,,,,,,,,,,,
,,,,,,,,,,,,,34,,,34,,,,,,,,,,,,,,,,,,,,34,,34,,,,,,,,,,,,,,,,,,,,,,,,,,
,,,,,,,,,,,,,,3,,3,,,,,,,,,,,,,,,,,,,3,,,3,,,,,,,,,,,,,,,,,,,,,,,,,,
,,,,,,,,,,,,,38,,38,,,,,,,,,,,,,,,,,,,,,38,38,,,,,,,,,,,,,,,,,,,,,,,,,,,
,,,,,,,,,,,,,32,,,32,,,,,,,,,,,,,,,,,,,32,,,32,,,,,,,,,,,,,,,,,,,,,,,,,,
,,,,,,,,,,,,,27,,27,,,,,,,,,,,,,,,,,,,,,27,27,,,,,,,,,,,,,,,,,,,,,,,,,,,
,,,,,,,,,,,,,,22,22,,,,,,,,,,,,,,,,,,,,,22,22,,,,,,,,,,,,,,,,,,,,,,,,,,,
,,,,,,,,,,,,,27,,27,,,,,,,,,,,,,,,,,,,,,27,27,,,,,,,,,,,,,,,,,,,,,,,,,,,
,,,,,,,,,,,,,,48,48,,,,,,,,,,,,,,,,,,,,,48,48,,,,,,,,,,,,,,,,,,,,,,,,,,,
,,,,,,,,,,,,,14,,,14,,,,,,,,,,,,,,,,,,,,14,,14,,,,,,,,,,,,,,,,,,,,,,,,,,
,,,,,,,,,,,,,21,,,21,,,,,,,,,,,,,,,,,,,21,,,21,,,,,,,,,,,,,,,,,,,,,,,,,,
,,,,,,,,,,,,,,6,,6,,,,,,,,,,,,,,,,,,,,6,,6,,,,,,,,,,,,,,,,,,,,,,,,,,
,,,,,,,,,,,,,,7,7,,,,,,,,,,,,,,,,,,,,,7,7,,,,,,,,,,,,,,,,,,,,,,,,,,,
,,,,,,,,,,,,,,11,11,,,,,,,,,,,,,,,,,,,,,11,11,,,,,,,,,,,,,,,,,,,,,,,,,,,
,,,,,,,,,,,,,49,,,49,,,,,,,,,,,,,,,,,,,,49,,49,,,,,,,,,,,,,,,,,,,,,,,,,,
,,,,,,,,,,,,,,3,,3,,,,,,,,,,,,,,,,,,,3,,,3,,,,,,,,,,,,,,,,,,,,,,,,,,
,,,,,,,,,,,,,10,,10,,,,,,,,,,,,,,,,,,,,,10,10,,,,,,,,,,,,,,,,,,,,,,,,,,,
,,,,,,,,,,,,,,6,,6,,,,,,,,,,,,,,,,,,,,6,,6,,,,,,,,,,,,,,,,,,,,,,,,,,
,,,,,,,,,,,,,21,,,21,,,,,,,,,,,,,,,,,,,21,,,21,,,,,,,,,,,,,,,,,,,,,,,,,,
,,,,,,,,,,,,,,,,,,,,,,,,,,,,,,,,,,,,,,,,,,,,,,,,,,,,,,,,,,,,,,,,
,,,,,,,,,,,,,14,,,14,,,,,,,,,,,,,,,,,,,,14,,14,,,,,,,,,,,,,,,,,,,,,,,,,,
,,,,,,,,,,,,,,42,42,,,,,,,,,,,,,,,,,,,,42,,42,,,,,,,,,,,,,,,,,,,,,,,,,,,
,,,,,,,,,,,,,32,,,32,,,,,,,,,,,,,,,,,,,32,,,32,,,,,,,,,,,,,,,,,,,,,,,,,,
,,,,,,,,,,,,,14,,,14,,,,,,,,,,,,,,,,,,,,14,,14,,,,,,,,,,,,,,,,,,,,,,,,,,
,,,,,,,,,,,,,,17,17,,,,,,,,,,,,,,,,,,,,17,,17,,,,,,,,,,,,,,,,,,,,,,,,,,,
,,,,,,,,,,,,,,46,,46,,,,,,,,,,,,,,,,,,,46,,,46,,,,,,,,,,,,,,,,,,,,,,,,,,
,,,,,,,,,,,,,8,,8,,,,,,,,,,,,,,,,,,,,,8,8,,,,,,,,,,,,,,,,,,,,,,,,,,,
,,,,,,,,,,,,,30,,30,,,,,,,,,,,,,,,,,,,,30,,30,,,,,,,,,,,,,,,,,,,,,,,,,,,
,,,,,,,,,,,,,16,,,16,,,,,,,,,,,,,,,,,,,16,,,16,,,,,,,,,,,,,,,,,,,,,,,,,,
,,,,,,,,,,,,,30,,30,,,,,,,,,,,,,,,,,,,,30,,30,,,,,,,,,,,,,,,,,,,,,,,,,,,
,,,,,,,,,,,,,,2,2,,,,,,,,,,,,,,,,,,,,2,,2,,,,,,,,,,,,,,,,,,,,,,,,,,,
,,,,,,,,,,,,,5,,,5,,,,,,,,,,,,,,,,,,,,5,,5,,,,,,,,,,,,,,,,,,,,,,,,,,
,,,,,,,,,,,,,,20,,20,,,,,,,,,,,,,,,,,,,20,,,20,,,,,,,,,,,,,,,,,,,,,,,,,,
,,,,,,,,,,,,,,7,7,,,,,,,,,,,,,,,,,,,,,7,7,,,,,,,,,,,,,,,,,,,,,,,,,,,
,,,,,,,,,,,,,27,,27,,,,,,,,,,,,,,,,,,,,,27,27,,,,,,,,,,,,,,,,,,,,,,,,,,,
,,,,,,,,,,,,,,6,,6,,,,,,,,,,,,,,,,,,,,6,,6,,,,,,,,,,,,,,,,,,,,,,,,,,
,,,,,,,,,,,,,,9,9,,,,,,,,,,,,,,,,,,,,9,,9,,,,,,,,,,,,,,,,,,,,,,,,,,,
,,,,,,,,,,,,,49,,,49,,,,,,,,,,,,,,,,,,,,49,,49,,,,,,,,,,,,,,,,,,,,,,,,,,
,,,,,,,,,,,,,34,,,34,,,,,,,,,,,,,,,,,,,,34,,34,,,,,,,,,,,,,,,,,,,,,,,,,,
,,,,,,,,,,,,,,35,35,,,,,,,,,,,,,,,,,,,,,35,35,,,,,,,,,,,,,,,,,,,,,,,,,,,
,,,,,,,,,,,,,,37,37,,,,,,,,,,,,,,,,,,,,37,,37,,,,,,,,,,,,,,,,,,,,,,,,,,,
,,,,,,,,,,,,,,15,,15,,,,,,,,,,,,,,,,,,,,15,,15,,,,,,,,,,,,,,,,,,,,,,,,,,
,,,,,,,,,,,,,,40,40,,,,,,,,,,,,,,,,,,,,,40,40,,,,,,,,,,,,,,,,,,,,,,,,,,,
,,,,,,,,,,,,,27,,27,,,,,,,,,,,,,,,,,,,,,27,27,,,,,,,,,,,,,,,,,,,,,,,,,,,
,,,,,,,,,,,,,,35,35,,,,,,,,,,,,,,,,,,,,,35,35,,,,,,,,,,,,,,,,,,,,,,,,,,,
,,,,,,,,,,,,,,15,,15,,,,,,,,,,,,,,,,,,,,15,,15,,,,,,,,,,,,,,,,,,,,,,,,,,
,,,,,,,,,,,,,,15,,15,,,,,,,,,,,,,,,,,,,,15,,15,,,,,,,,,,,,,,,,,,,,,,,,,,
,,,,,,,,,,,,,,7,7,,,,,,,,,,,,,,,,,,,,,7,7,,,,,,,,,,,,,,,,,,,,,,,,,,,
,,,,,,,,,,,,,,37,37,,,,,,,,,,,,,,,,,,,,37,,37,,,,,,,,,,,,,,,,,,,,,,,,,,,
,,,,,,,,,,,,,36,,36,,,,,,,,,,,,,,,,,,,,36,,36,,,,,,,,,,,,,,,,,,,,,,,,,,,
,,,,,,,,,,,,,,20,,20,,,,,,,,,,,,,,,,,,,20,,,20,,,,,,,,,,,,,,,,,,,,,,,,,,
,,,,,,,,,,,,,21,,,21,,,,,,,,,,,,,,,,,,,21,,,21,,,,,,,,,,,,,,,,,,,,,,,,,,
,,,,,,,,,,,,,14,,,14,,,,,,,,,,,,,,,,,,,,14,,14,,,,,,,,,,,,,,,,,,,,,,,,,,
,,,,,,,,,,,,,47,,,47,,,,,,,,,,,,,,,,,,,47,,,47,,,,,,,,,,,,,,,,,,,,,,,,,,
,,,,,,,,,,,,,,22,22,,,,,,,,,,,,,,,,,,,,,22,22,,,,,,,,,,,,,,,,,,,,,,,,,,,
,,,,,,,,,,,,,8,,8,,,,,,,,,,,,,,,,,,,,,8,8,,,,,,,,,,,,,,,,,,,,,,,,,,,
,,,,,,,,,,,,,49,,,49,,,,,,,,,,,,,,,,,,,,49,,49,,,,,,,,,,,,,,,,,,,,,,,,,,
,,,,,,,,,,,,,,44,,44,,,,,,,,,,,,,,,,,,,,44,,44,,,,,,,,,,,,,,,,,,,,,,,,,,
,,,,,,,,,,,,,43,,43,,,,,,,,,,,,,,,,,,,,43,,43,,,,,,,,,,,,,,,,,,,,,,,,,,,
,,,,,,,,,,,,,49,,,49,,,,,,,,,,,,,,,,,,,,49,,49,,,,,,,,,,,,,,,,,,,,,,,,,,
,,,,,,,,,,,,,,3,,3,,,,,,,,,,,,,,,,,,,3,,,3,,,,,,,,,,,,,,,,,,,,,,,,,,
,,,,,,,,,,,,,14,,,14,,,,,,,,,,,,,,,,,,,,14,,14,,,,,,,,,,,,,,,,,,,,,,,,,,
,,,,,,,,,,,,,1,,,1,,,,,,,,,,,,,,,,,,,1,,,1,,,,,,,,,,,,,,,,,,,,,,,,,,
,,,,,,,,,,,,,,19,19,,,,,,,,,,,,,,,,,,,,,19,19,,,,,,,,,,,,,,,,,,,,,,,,,,,
,,,,,,,,,,,,,,22,22,,,,,,,,,,,,,,,,,,,,,22,22,,,,,,,,,,,,,,,,,,,,,,,,,,,
,,,,,,,,,,,,,,28,,28,,,,,,,,,,,,,,,,,,,28,,,28,,,,,,,,,,,,,,,,,,,,,,,,,,
,,,,,,,,,,,,,8,,8,,,,,,,,,,,,,,,,,,,,,8,8,,,,,,,,,,,,,,,,,,,,,,,,,,,
,,,,,,,,,,,,,,11,11,,,,,,,,,,,,,,,,,,,,,11,11,,,,,,,,,,,,,,,,,,,,,,,,,,,
,,,,,,,,,,,,,1,,,1,,,,,,,,,,,,,,,,,,,1,,,1,,,,,,,,,,,,,,,,,,,,,,,,,,
,,,,,,,,,,,,,32,,,32,,,,,,,,,,,,,,,,,,,32,,,32,,,,,,,,,,,,,,,,,,,,,,,,,,
,,,,,,,,,,,,,,48,48,,,,,,,,,,,,,,,,,,,,,48,48,,,,,,,,,,,,,,,,,,,,,,,,,,,
,,,,,,,,,,,,,,15,,15,,,,,,,,,,,,,,,,,,,,15,,15,,,,,,,,,,,,,,,,,,,,,,,,,,
,,,,,,,,,,,,,,46,,46,,,,,,,,,,,,,,,,,,,46,,,46,,,,,,,,,,,,,,,,,,,,,,,,,,
,,,,,,,,,,,,,18,,18,,,,,,,,,,,,,,,,,,,,,18,18,,,,,,,,,,,,,,,,,,,,,,,,,,,
,,,,,,,,,,,,,32,,,32,,,,,,,,,,,,,,,,,,,32,,,32,,,,,,,,,,,,,,,,,,,,,,,,,,
,,,,,,,,,,,,,47,,,47,,,,,,,,,,,,,,,,,,,47,,,47,,,,,,,,,,,,,,,,,,,,,,,,,,
,,,,,,,,,,,,,,11,11,,,,,,,,,,,,,,,,,,,,,11,11,,,,,,,,,,,,,,,,,,,,,,,,,,,
,,,,,,,,,,,,,,6,,6,,,,,,,,,,,,,,,,,,,,6,,6,,,,,,,,,,,,,,,,,,,,,,,,,,
,,,,,,,,,,,,,,26,,26,,,,,,,,,,,,,,,,,,,,26,,26,,,,,,,,,,,,,,,,,,,,,,,,,,
,,,,,,,,,,,,,1,,,1,,,,,,,,,,,,,,,,,,,1,,,1,,,,,,,,,,,,,,,,,,,,,,,,,,
,,,,,,,,,,,,,36,,36,,,,,,,,,,,,,,,,,,,,36,,36,,,,,,,,,,,,,,,,,,,,,,,,,,,
,,,,,,,,,,,,,32,,,32,,,,,,,,,,,,,,,,,,,32,,,32,,,,,,,,,,,,,,,,,,,,,,,,,,
,,,,,,,,,,,,,4,,4,,,,,,,,,,,,,,,,,,,,4,,4,,,,,,,,,,,,,,,,,,,,,,,,,,,
,,,,,,,,,,,,,29,,,29,,,,,,,,,,,,,,,,,,,29,,,29,,,,,,,,,,,,,,,,,,,,,,,,,,
,,,,,,,,,,,,,,3,,3,,,,,,,,,,,,,,,,,,,3,,,3,,,,,,,,,,,,,,,,,,,,,,,,,,
,,,,,,,,,,,,,23,,,23,,,,,,,,,,,,,,,,,,,,23,,23,,,,,,,,,,,,,,,,,,,,,,,,,,
,,,,,,,,,,,,,,42,42,,,,,,,,,,,,,,,,,,,,42,,42,,,,,,,,,,,,,,,,,,,,,,,,,,,
,,,,,,,,,,,,,,24,24,,,,,,,,,,,,,,,,,,,,24,,24,,,,,,,,,,,,,,,,,,,,,,,,,,,
,,,,,,,,,,,,,,46,,46,,,,,,,,,,,,,,,,,,,46,,,46,,,,,,,,,,,,,,,,,,,,,,,,,,
,,,,,,,,,,,,,,7,7,,,,,,,,,,,,,,,,,,,,,7,7,,,,,,,,,,,,,,,,,,,,,,,,,,,
,,,,,,,,,,,,,,24,24,,,,,,,,,,,,,,,,,,,,24,,24,,,,,,,,,,,,,,,,,,,,,,,,,,,
,,,,,,,,,,,,,,48,48,,,,,,,,,,,,,,,,,,,,,48,48,,,,,,,,,,,,,,,,,,,,,,,,,,,
,,,,,,,,,,,,,,46,,46,,,,,,,,,,,,,,,,,,,46,,,46,,,,,,,,,,,,,,,,,,,,,,,,,,
,,,,,,,,,,,,,8,,8,,,,,,,,,,,,,,,,,,,,,8,8,,,,,,,,,,,,,,,,,,,,,,,,,,,
,,,,,,,,,,,,,,37,37,,,,,,,,,,,,,,,,,,,,37,,37,,,,,,,,,,,,,,,,,,,,,,,,,,,
,,,,,,,,,,,,,18,,18,,,,,,,,,,,,,,,,,,,,,18,18,,,,,,,,,,,,,,,,,,,,,,,,,,,
,,,,,,,,,,,,,12,,12,,,,,,,,,,,,,,,,,,,,12,,12,,,,,,,,,,,,,,,,,,,,,,,,,,,
,,,,,,,,,,,,,,42,42,,,,,,,,,,,,,,,,,,,,42,,42,,,,,,,,,,,,,,,,,,,,,,,,,,,
,,,,,,,,,,,,,41,,,41,,,,,,,,,,,,,,,,,,,,41,,41,,,,,,,,,,,,,,,,,,,,,,,,,,
,,,,,,,,,,,,,18,,18,,,,,,,,,,,,,,,,,,,,,18,18,,,,,,,,,,,,,,,,,,,,,,,,,,,
,,,,,,,,,,,,,47,,,47,,,,,,,,,,,,,,,,,,,47,,,47,,,,,,,,,,,,,,,,,,,,,,,,,,
,,,,,,,,,,,,,,33,,33,,,,,,,,,,,,,,,,,,,33,,,33,,,,,,,,,,,,,,,,,,,,,,,,,,
,,,,,,,,,,,,,,9,9,,,,,,,,,,,,,,,,,,,,9,,9,,,,,,,,,,,,,,,,,,,,,,,,,,,
,,,,,,,,,,,,,,33,,33,,,,,,,,,,,,,,,,,,,33,,,33,,,,,,,,,,,,,,,,,,,,,,,,,,
,,,,,,,,,,,,,14,,,14,,,,,,,,,,,,,,,,,,,,14,,14,,,,,,,,,,,,,,,,,,,,,,,,,,
,,,,,,,,,,,,,43,,43,,,,,,,,,,,,,,,,,,,,43,,43,,,,,,,,,,,,,,,,,,,,,,,,,,,
,,,,,,,,,,,,,,3,,3,,,,,,,,,,,,,,,,,,,3,,,3,,,,,,,,,,,,,,,,,,,,,,,,,,
,,,,,,,,,,,,,,6,,6,,,,,,,,,,,,,,,,,,,,6,,6,,,,,,,,,,,,,,,,,,,,,,,,,,
,,,,,,,,,,,,,43,,43,,,,,,,,,,,,,,,,,,,,43,,43,,,,,,,,,,,,,,,,,,,,,,,,,,,
,,,,,,,,,,,,,,46,,46,,,,,,,,,,,,,,,,,,,46,,,46,,,,,,,,,,,,,,,,,,,,,,,,,,
,,,,,,,,,,,,,,46,,46,,,,,,,,,,,,,,,,,,,46,,,46,,,,,,,,,,,,,,,,,,,,,,,,,,
,,,,,,,,,,,,,,44,,44,,,,,,,,,,,,,,,,,,,,44,,44,,,,,,,,,,,,,,,,,,,,,,,,,,
,,,,,,,,,,,,,41,,,41,,,,,,,,,,,,,,,,,,,,41,,41,,,,,,,,,,,,,,,,,,,,,,,,,,
,,,,,,,,,,,,,,44,,44,,,,,,,,,,,,,,,,,,,,44,,44,,,,,,,,,,,,,,,,,,,,,,,,,,
,,,,,,,,,,,,,,26,,26,,,,,,,,,,,,,,,,,,,,26,,26,,,,,,,,,,,,,,,,,,,,,,,,,,
,,,,,,,,,,,,,,33,,33,,,,,,,,,,,,,,,,,,,33,,,33,,,,,,,,,,,,,,,,,,,,,,,,,,
,,,,,,,,,,,,,,33,,33,,,,,,,,,,,,,,,,,,,33,,,33,,,,,,,,,,,,,,,,,,,,,,,,,,
,,,,,,,,,,,,,16,,,16,,,,,,,,,,,,,,,,,,,16,,,16,,,,,,,,,,,,,,,,,,,,,,,,,,
,,,,,,,,,,,,,4,,4,,,,,,,,,,,,,,,,,,,,4,,4,,,,,,,,,,,,,,,,,,,,,,,,,,,
,,,,,,,,,,,,,,31,,31,,,,,,,,,,,,,,,,,,,,31,,31,,,,,,,,,,,,,,,,,,,,,,,,,,
,,,,,,,,,,,,,,20,,20,,,,,,,,,,,,,,,,,,,20,,,20,,,,,,,,,,,,,,,,,,,,,,,,,,
,,,,,,,,,,,,,16,,,16,,,,,,,,,,,,,,,,,,,16,,,16,,,,,,,,,,,,,,,,,,,,,,,,,,
,,,,,,,,,,,,,,6,,6,,,,,,,,,,,,,,,,,,,,6,,6,,,,,,,,,,,,,,,,,,,,,,,,,,
,,,,,,,,,,,,,,22,22,,,,,,,,,,,,,,,,,,,,,22,22,,,,,,,,,,,,,,,,,,,,,,,,,,,
,,,,,,,,,,,,,47,,,47,,,,,,,,,,,,,,,,,,,47,,,47,,,,,,,,,,,,,,,,,,,,,,,,,,
,,,,,,,,,,,,,,39,,39,,,,,,,,,,,,,,,,,,,,39,,39,,,,,,,,,,,,,,,,,,,,,,,,,,
,,,,,,,,,,,,,,3,,3,,,,,,,,,,,,,,,,,,,3,,,3,,,,,,,,,,,,,,,,,,,,,,,,,,
,,,,,,,,,,,,,,13,,13,,,,,,,,,,,,,,,,,,,13,,,13,,,,,,,,,,,,,,,,,,,,,,,,,,
,,,,,,,,,,,,,,40,40,,,,,,,,,,,,,,,,,,,,,40,40,,,,,,,,,,,,,,,,,,,,,,,,,,,
,,,,,,,,,,,,,14,,,14,,,,,,,,,,,,,,,,,,,,14,,14,,,,,,,,,,,,,,,,,,,,,,,,,,
,,,,,,,,,,,,,43,,43,,,,,,,,,,,,,,,,,,,,43,,43,,,,,,,,,,,,,,,,,,,,,,,,,,,
,,,,,,,,,,,,,,11,11,,,,,,,,,,,,,,,,,,,,,11,11,,,,,,,,,,,,,,,,,,,,,,,,,,,
,,,,,,,,,,,,,,15,,15,,,,,,,,,,,,,,,,,,,,15,,15,,,,,,,,,,,,,,,,,,,,,,,,,,
,,,,,,,,,,,,,32,,,32,,,,,,,,,,,,,,,,,,,32,,,32,,,,,,,,,,,,,,,,,,,,,,,,,,
,,,,,,,,,,,,,,20,,20,,,,,,,,,,,,,,,,,,,20,,,20,,,,,,,,,,,,,,,,,,,,,,,,,,
,,,,,,,,,,,,,12,,12,,,,,,,,,,,,,,,,,,,,12,,12,,,,,,,,,,,,,,,,,,,,,,,,,,,
,,,,,,,,,,,,,,6,,6,,,,,,,,,,,,,,,,,,,,6,,6,,,,,,,,,,,,,,,,,,,,,,,,,,
,,,,,,,,,,,,,27,,27,,,,,,,,,,,,,,,,,,,,,27,27,,,,,,,,,,,,,,,,,,,,,,,,,,,
,,,,,,,,,,,,,36,,36,,,,,,,,,,,,,,,,,,,,36,,36,,,,,,,,,,,,,,,,,,,,,,,,,,,
,,,,,,,,,,,,,10,,10,,,,,,,,,,,,,,,,,,,,,10,10,,,,,,,,,,,,,,,,,,,,,,,,,,,
,,,,,,,,,,,,,,7,7,,,,,,,,,,,,,,,,,,,,,7,7,,,,,,,,,,,,,,,,,,,,,,,,,,,
,,,,,,,,,,,,,14,,,14,,,,,,,,,,,,,,,,,,,,14,,14,,,,,,,,,,,,,,,,,,,,,,,,,,
,,,,,,,,,,,,,10,,10,,,,,,,,,,,,,,,,,,,,,10,10,,,,,,,,,,,,,,,,,,,,,,,,,,,
,,,,,,,,,,,,,,26,,26,,,,,,,,,,,,,,,,,,,,26,,26,,,,,,,,,,,,,,,,,,,,,,,,,,
,,,,,,,,,,,,,,28,,28,,,,,,,,,,,,,,,,,,,28,,,28,,,,,,,,,,,,,,,,,,,,,,,,,,
,,,,,,,,,,,,,,35,35,,,,,,,,,,,,,,,,,,,,,35,35,,,,,,,,,,,,,,,,,,,,,,,,,,,
,,,,,,,,,,,,,,28,,28,,,,,,,,,,,,,,,,,,,28,,,28,,,,,,,,,,,,,,,,,,,,,,,,,,
,,,,,,,,,,,,,27,,27,,,,,,,,,,,,,,,,,,,,,27,27,,,,,,,,,,,,,,,,,,,,,,,,,,,
,,,,,,,,,,,,,43,,43,,,,,,,,,,,,,,,,,,,,43,,43,,,,,,,,,,,,,,,,,,,,,,,,,,,
,,,,,,,,,,,,,,19,19,,,,,,,,,,,,,,,,,,,,,19,19,,,,,,,,,,,,,,,,,,,,,,,,,,,
,,,,,,,,,,,,,,2,2,,,,,,,,,,,,,,,,,,,,2,,2,,,,,,,,,,,,,,,,,,,,,,,,,,,
,,,,,,,,,,,,,,37,37,,,,,,,,,,,,,,,,,,,,37,,37,,,,,,,,,,,,,,,,,,,,,,,,,,,
,,,,,,,,,,,,,27,,27,,,,,,,,,,,,,,,,,,,,,27,27,,,,,,,,,,,,,,,,,,,,,,,,,,,
,,,,,,,,,,,,,34,,,34,,,,,,,,,,,,,,,,,,,,34,,34,,,,,,,,,,,,,,,,,,,,,,,,,,
,,,,,,,,,,,,,,37,37,,,,,,,,,,,,,,,,,,,,37,,37,,,,,,,,,,,,,,,,,,,,,,,,,,,
,,,,,,,,,,,,,14,,,14,,,,,,,,,,,,,,,,,,,,14,,14,,,,,,,,,,,,,,,,,,,,,,,,,,
,,,,,,,,,,,,,,15,,15,,,,,,,,,,,,,,,,,,,,15,,15,,,,,,,,,,,,,,,,,,,,,,,,,,
,,,,,,,,,,,,,5,,,5,,,,,,,,,,,,,,,,,,,,5,,5,,,,,,,,,,,,,,,,,,,,,,,,,,
,,,,,,,,,,,,,5,,,5,,,,,,,,,,,,,,,,,,,,5,,5,,,,,,,,,,,,,,,,,,,,,,,,,,
,,,,,,,,,,,,,29,,,29,,,,,,,,,,,,,,,,,,,29,,,29,,,,,,,,,,,,,,,,,,,,,,,,,,
,,,,,,,,,,,,,29,,,29,,,,,,,,,,,,,,,,,,,29,,,29,,,,,,,,,,,,,,,,,,,,,,,,,,
,,,,,,,,,,,,,,7,7,,,,,,,,,,,,,,,,,,,,,7,7,,,,,,,,,,,,,,,,,,,,,,,,,,,
,,,,,,,,,,,,,12,,12,,,,,,,,,,,,,,,,,,,,12,,12,,,,,,,,,,,,,,,,,,,,,,,,,,,
,,,,,,,,,,,,,,19,19,,,,,,,,,,,,,,,,,,,,,19,19,,,,,,,,,,,,,,,,,,,,,,,,,,,
,,,,,,,,,,,,,,42,42,,,,,,,,,,,,,,,,,,,,42,,42,,,,,,,,,,,,,,,,,,,,,,,,,,,
,,,,,,,,,,,,,14,,,14,,,,,,,,,,,,,,,,,,,,14,,14,,,,,,,,,,,,,,,,,,,,,,,,,,
,,,,,,,,,,,,,,20,,20,,,,,,,,,,,,,,,,,,,20,,,20,,,,,,,,,,,,,,,,,,,,,,,,,,
,,,,,,,,,,,,,,6,,6,,,,,,,,,,,,,,,,,,,,6,,6,,,,,,,,,,,,,,,,,,,,,,,,,,
,,,,,,,,,,,,,1,,,1,,,,,,,,,,,,,,,,,,,1,,,1,,,,,,,,,,,,,,,,,,,,,,,,,,
,,,,,,,,,,,,,38,,38,,,,,,,,,,,,,,,,,,,,,38,38,,,,,,,,,,,,,,,,,,,,,,,,,,,
,,,,,,,,,,,,,,3,,3,,,,,,,,,,,,,,,,,,,3,,,3,,,,,,,,,,,,,,,,,,,,,,,,,,
,,,,,,,,,,,,,,31,,31,,,,,,,,,,,,,,,,,,,,31,,31,,,,,,,,,,,,,,,,,,,,,,,,,,
,,,,,,,,,,,,,12,,12,,,,,,,,,,,,,,,,,,,,12,,12,,,,,,,,,,,,,,,,,,,,,,,,,,,
,,,,,,,,,,,,,,9,9,,,,,,,,,,,,,,,,,,,,9,,9,,,,,,,,,,,,,,,,,,,,,,,,,,,
,,,,,,,,,,,,,,42,42,,,,,,,,,,,,,,,,,,,,42,,42,,,,,,,,,,,,,,,,,,,,,,,,,,,
,,,,,,,,,,,,,,40,40,,,,,,,,,,,,,,,,,,,,,40,40,,,,,,,,,,,,,,,,,,,,,,,,,,,
,,,,,,,,,,,,,49,,,49,,,,,,,,,,,,,,,,,,,,49,,49,,,,,,,,,,,,,,,,,,,,,,,,,,
,,,,,,,,,,,,,,6,,6,,,,,,,,,,,,,,,,,,,,6,,6,,,,,,,,,,,,,,,,,,,,,,,,,,
,,,,,,,,,,,,,,44,,44,,,,,,,,,,,,,,,,,,,,44,,44,,,,,,,,,,,,,,,,,,,,,,,,,,
,,,,,,,,,,,,,10,,10,,,,,,,,,,,,,,,,,,,,,10,10,,,,,,,,,,,,,,,,,,,,,,,,,,,
,,,,,,,,,,,,,,22,22,,,,,,,,,,,,,,,,,,,,,22,22,,,,,,,,,,,,,,,,,,,,,,,,,,,
,,,,,,,,,,,,,47,,,47,,,,,,,,,,,,,,,,,,,47,,,47,,,,,,,,,,,,,,,,,,,,,,,,,,
,,,,,,,,,,,,,,28,,28,,,,,,,,,,,,,,,,,,,28,,,28,,,,,,,,,,,,,,,,,,,,,,,,,,
,,,,,,,,,,,,,,46,,46,,,,,,,,,,,,,,,,,,,46,,,46,,,,,,,,,,,,,,,,,,,,,,,,,,
,,,,,,,,,,,,,5,,,5,,,,,,,,,,,,,,,,,,,,5,,5,,,,,,,,,,,,,,,,,,,,,,,,,,
,,,,,,,,,,,,,41,,,41,,,,,,,,,,,,,,,,,,,,41,,41,,,,,,,,,,,,,,,,,,,,,,,,,,
,,,,,,,,,,,,,,7,7,,,,,,,,,,,,,,,,,,,,,7,7,,,,,,,,,,,,,,,,,,,,,,,,,,,
,,,,,,,,,,,,,,2,2,,,,,,,,,,,,,,,,,,,,2,,2,,,,,,,,,,,,,,,,,,,,,,,,,,,
,,,,,,,,,,,,,,42,42,,,,,,,,,,,,,,,,,,,,42,,42,,,,,,,,,,,,,,,,,,,,,,,,,,,
,,,,,,,,,,,,,,44,,44,,,,,,,,,,,,,,,,,,,,44,,44,,,,,,,,,,,,,,,,,,,,,,,,,,
,,,,,,,,,,,,,,11,11,,,,,,,,,,,,,,,,,,,,,11,11,,,,,,,,,,,,,,,,,,,,,,,,,,,
,,,,,,,,,,,,,,31,,31,,,,,,,,,,,,,,,,,,,,31,,31,,,,,,,,,,,,,,,,,,,,,,,,,,
,,,,,,,,,,,,,,13,,13,,,,,,,,,,,,,,,,,,,13,,,13,,,,,,,,,,,,,,,,,,,,,,,,,,
,,,,,,,,,,,,,23,,,23,,,,,,,,,,,,,,,,,,,,23,,23,,,,,,,,,,,,,,,,,,,,,,,,,,
,,,,,,,,,,,,,,40,40,,,,,,,,,,,,,,,,,,,,,40,40,,,,,,,,,,,,,,,,,,,,,,,,,,,
,,,,,,,,,,,,,,3,,3,,,,,,,,,,,,,,,,,,,3,,,3,,,,,,,,,,,,,,,,,,,,,,,,,,
,,,,,,,,,,,,,,48,48,,,,,,,,,,,,,,,,,,,,,48,48,,,,,,,,,,,,,,,,,,,,,,,,,,,
,,,,,,,,,,,,,,44,,44,,,,,,,,,,,,,,,,,,,,44,,44,,,,,,,,,,,,,,,,,,,,,,,,,,
,,,,,,,,,,,,,,26,,26,,,,,,,,,,,,,,,,,,,,26,,26,,,,,,,,,,,,,,,,,,,,,,,,,,
,,,,,,,,,,,,,,15,,15,,,,,,,,,,,,,,,,,,,,15,,15,,,,,,,,,,,,,,,,,,,,,,,,,,
,,,,,,,,,,,,,14,,,14,,,,,,,,,,,,,,,,,,,,14,,14,,,,,,,,,,,,,,,,,,,,,,,,,,
,,,,,,,,,,,,,49,,,49,,,,,,,,,,,,,,,,,,,,49,,49,,,,,,,,,,,,,,,,,,,,,,,,,,
,,,,,,,,,,,,,32,,,32,,,,,,,,,,,,,,,,,,,32,,,32,,,,,,,,,,,,,,,,,,,,,,,,,,
,,,,,,,,,,,,,,33,,33,,,,,,,,,,,,,,,,,,,33,,,33,,,,,,,,,,,,,,,,,,,,,,,,,,
,,,,,,,,,,,,,,28,,28,,,,,,,,,,,,,,,,,,,28,,,28,,,,,,,,,,,,,,,,,,,,,,,,,,
,,,,,,,,,,,,,5,,,5,,,,,,,,,,,,,,,,,,,,5,,5,,,,,,,,,,,,,,,,,,,,,,,,,,
,,,,,,,,,,,,,18,,18,,,,,,,,,,,,,,,,,,,,,18,18,,,,,,,,,,,,,,,,,,,,,,,,,,,
,,,,,,,,,,,,,,39,,39,,,,,,,,,,,,,,,,,,,,39,,39,,,,,,,,,,,,,,,,,,,,,,,,,,
,,,,,,,,,,,,,,19,19,,,,,,,,,,,,,,,,,,,,,19,19,,,,,,,,,,,,,,,,,,,,,,,,,,,
,,,,,,,,,,,,,38,,38,,,,,,,,,,,,,,,,,,,,,38,38,,,,,,,,,,,,,,,,,,,,,,,,,,,
,,,,,,,,,,,,,30,,30,,,,,,,,,,,,,,,,,,,,30,,30,,,,,,,,,,,,,,,,,,,,,,,,,,,
,,,,,,,,,,,,,45,,45,,,,,,,,,,,,,,,,,,,,,45,45,,,,,,,,,,,,,,,,,,,,,,,,,,,
,,,,,,,,,,,,,,17,17,,,,,,,,,,,,,,,,,,,,17,,17,,,,,,,,,,,,,,,,,,,,,,,,,,,
,,,,,,,,,,,,,18,,18,,,,,,,,,,,,,,,,,,,,,18,18,,,,,,,,,,,,,,,,,,,,,,,,,,,
,,,,,,,,,,,,,,9,9,,,,,,,,,,,,,,,,,,,,9,,9,,,,,,,,,,,,,,,,,,,,,,,,,,,
,,,,,,,,,,,,,16,,,16,,,,,,,,,,,,,,,,,,,16,,,16,,,,,,,,,,,,,,,,,,,,,,,,,,
,,,,,,,,,,,,,10,,10,,,,,,,,,,,,,,,,,,,,,10,10,,,,,,,,,,,,,,,,,,,,,,,,,,,
,,,,,,,,,,,,,12,,12,,,,,,,,,,,,,,,,,,,,12,,12,,,,,,,,,,,,,,,,,,,,,,,,,,,
,,,,,,,,,,,,,8,,8,,,,,,,,,,,,,,,,,,,,,8,8,,,,,,,,,,,,,,,,,,,,,,,,,,,
,,,,,,,,,,,,,,20,,20,,,,,,,,,,,,,,,,,,,20,,,20,,,,,,,,,,,,,,,,,,,,,,,,,,
,,,,,,,,,,,,,,7,7,,,,,,,,,,,,,,,,,,,,,7,7,,,,,,,,,,,,,,,,,,,,,,,,,,,
,,,,,,,,,,,,,,6,,6,,,,,,,,,,,,,,,,,,,,6,,6,,,,,,,,,,,,,,,,,,,,,,,,,,
,,,,,,,,,,,,,36,,36,,,,,,,,,,,,,,,,,,,,36,,36,,,,,,,,,,,,,,,,,,,,,,,,,,,
,,,,,,,,,,,,,36,,36,,,,,,,,,,,,,,,,,,,,36,,36,,,,,,,,,,,,,,,,,,,,,,,,,,,
,,,,,,,,,,,,,,13,,13,,,,,,,,,,,,,,,,,,,13,,,13,,,,,,,,,,,,,,,,,,,,,,,,,,
,,,,,,,,,,,,,47,,,47,,,,,,,,,,,,,,,,,,,47,,,47,,,,,,,,,,,,,,,,,,,,,,,,,,
,,,,,,,,,,,,,36,,36,,,,,,,,,,,,,,,,,,,,36,,36,,,,,,,,,,,,,,,,,,,,,,,,,,,
,,,,,,,,,,,,,41,,,41,,,,,,,,,,,,,,,,,,,,41,,41,,,,,,,,,,,,,,,,,,,,,,,,,,
,,,,,,,,,,,,,36,,36,,,,,,,,,,,,,,,,,,,,36,,36,,,,,,,,,,,,,,,,,,,,,,,,,,,
,,,,,,,,,,,,,,26,,26,,,,,,,,,,,,,,,,,,,,26,,26,,,,,,,,,,,,,,,,,,,,,,,,,,
,,,,,,,,,,,,,,13,,13,,,,,,,,,,,,,,,,,,,13,,,13,,,,,,,,,,,,,,,,,,,,,,,,,,
,,,,,,,,,,,,,,17,17,,,,,,,,,,,,,,,,,,,,17,,17,,,,,,,,,,,,,,,,,,,,,,,,,,,
,,,,,,,,,,,,,25,,25,,,,,,,,,,,,,,,,,,,,25,,25,,,,,,,,,,,,,,,,,,,,,,,,,,,
,,,,,,,,,,,,,,37,37,,,,,,,,,,,,,,,,,,,,37,,37,,,,,,,,,,,,,,,,,,,,,,,,,,,
,,,,,,,,,,,,,,2,2,,,,,,,,,,,,,,,,,,,,2,,2,,,,,,,,,,,,,,,,,,,,,,,,,,,
,,,,,,,,,,,,,49,,,49,,,,,,,,,,,,,,,,,,,,49,,49,,,,,,,,,,,,,,,,,,,,,,,,,,
,,,,,,,,,,,,,18,,18,,,,,,,,,,,,,,,,,,,,,18,18,,,,,,,,,,,,,,,,,,,,,,,,,,,
,,,,,,,,,,,,,34,,,34,,,,,,,,,,,,,,,,,,,,34,,34,,,,,,,,,,,,,,,,,,,,,,,,,,
,,,,,,,,,,,,,10,,10,,,,,,,,,,,,,,,,,,,,,10,10,,,,,,,,,,,,,,,,,,,,,,,,,,,
,,,,,,,,,,,,,,26,,26,,,,,,,,,,,,,,,,,,,,26,,26,,,,,,,,,,,,,,,,,,,,,,,,,,
,,,,,,,,,,,,,,28,,28,,,,,,,,,,,,,,,,,,,28,,,28,,,,,,,,,,,,,,,,,,,,,,,,,,
,,,,,,,,,,,,,,40,40,,,,,,,,,,,,,,,,,,,,,40,40,,,,,,,,,,,,,,,,,,,,,,,,,,,
,,,,,,,,,,,,,,33,,33,,,,,,,,,,,,,,,,,,,33,,,33,,,,,,,,,,,,,,,,,,,,,,,,,,
,,,,,,,,,,,,,29,,,29,,,,,,,,,,,,,,,,,,,29,,,29,,,,,,,,,,,,,,,,,,,,,,,,,,
,,,,,,,,,,,,,,19,19,,,,,,,,,,,,,,,,,,,,,19,19,,,,,,,,,,,,,,,,,,,,,,,,,,,
,,,,,,,,,,,,,25,,25,,,,,,,,,,,,,,,,,,,,25,,25,,,,,,,,,,,,,,,,,,,,,,,,,,,
,,,,,,,,,,,,,,40,40,,,,,,,,,,,,,,,,,,,,,40,40,,,,,,,,,,,,,,,,,,,,,,,,,,,
,,,,,,,,,,,,,,2,2,,,,,,,,,,,,,,,,,,,,2,,2,,,,,,,,,,,,,,,,,,,,,,,,,,,
,,,,,,,,,,,,,,44,,44,,,,,,,,,,,,,,,,,,,,44,,44,,,,,,,,,,,,,,,,,,,,,,,,,,
,,,,,,,,,,,,,47,,,47,,,,,,,,,,,,,,,,,,,47,,,47,,,,,,,,,,,,,,,,,,,,,,,,,,
,,,,,,,,,,,,,,37,37,,,,,,,,,,,,,,,,,,,,37,,37,,,,,,,,,,,,,,,,,,,,,,,,,,,
,,,,,,,,,,,,,,15,,15,,,,,,,,,,,,,,,,,,,,15,,15,,,,,,,,,,,,,,,,,,,,,,,,,,
,,,,,,,,,,,,,5,,,5,,,,,,,,,,,,,,,,,,,,5,,5,,,,,,,,,,,,,,,,,,,,,,,,,,
