,,,,,,,,,,,,,,,,,,,,,,,,,,,,,,,,,,,,,,,,,,,,,,,,,
,,,,,,,,,,,,,,,,,,,,,,,,,,,,,,,,,,,,,,,,,,,,,,,,,
,,,,,,,,,,,,,,,,,,,,,,,,,,,,,,,,,,,,,,,,,,,,,,,,,
,,,,,,,,,,,,,,,,,,,,,,,,,,,,,,,,,,,,,,,,,,,,,,,,,
,,,,,,,,,,,,,,,,,,,,,,,,,,,,,,,,,,,,,,,,,,,,,,,,,
,,,,,,,,,,,,,,,,,,,,,,,,,,,,,,,,,,,,,,,,,,,,,,,,,
,,,,,,,,,,,,,,,,,,,,,,,,,,,,,,,,,,,,,,,,,,,,,,,,,
20,2,12,20,9,8,,,,,,,,,,,20,2,12,20,25,49,,,,,,,,,,,,,20,2,12,20,25,49,,,,,,,,,,
9,46,39,2,46,18,,,,,,,,,,,25,43,9,2,43,11,,,,,,,,,,,,,25,43,9,2,43,11,,,,,,,,,,
8,18,29,12,39,29,,,,,,,,,,,49,11,3,12,9,3,,,,,,,,,,,,,49,11,3,12,9,3,,,,,,,,,,
10,13,14,10,19,31,,,,,,,,,,,18,29,1,18,7,16,,,,,,,,,,,,,18,29,1,18,7,30,,,,,,,,,,
19,21,23,13,21,33,,,,,,,,,,,7,10,13,29,10,32,,,,,,,,,,,,,7,10,13,29,10,5,,,,,,,,,,
31,33,34,14,23,34,,,,,,,,,,,16,32,17,1,13,17,,,,,,,,,,,,,30,5,17,1,13,17,,,,,,,,,,
40,41,42,40,25,7,,,,,,,,,,,23,24,26,23,31,37,,,,,,,,,,,,,46,39,26,46,22,4,,,,,,,,,,
25,43,3,41,43,32,,,,,,,,,,,31,33,34,24,33,38,,,,,,,,,,,,,22,8,34,39,8,6,,,,,,,,,,
7,32,17,42,3,17,,,,,,,,,,,37,38,40,26,34,40,,,,,,,,,,,,,4,6,40,26,34,40,,,,,,,,,,
37,38,47,37,30,11,,,,,,,,,,,44,45,47,44,30,39,,,,,,,,,,,,,14,15,47,14,16,24,,,,,,,,,,
30,5,49,38,5,1,,,,,,,,,,,30,5,46,45,5,22,,,,,,,,,,,,,16,32,23,15,32,31,,,,,,,,,,
11,1,4,47,49,4,,,,,,,,,,,39,22,8,47,46,8,,,,,,,,,,,,,24,31,33,47,23,33,,,,,,,,,,
15,16,24,15,26,44,,,,,,,,,,,4,6,14,4,15,27,,,,,,,,,,,,,37,38,44,37,45,27,,,,,,,,,,
26,35,36,16,35,45,,,,,,,,,,,15,19,21,6,19,28,,,,,,,,,,,,,45,19,21,38,19,28,,,,,,,,,,
44,45,22,24,36,22,,,,,,,,,,,27,28,35,14,21,35,,,,,,,,,,,,,27,28,35,44,21,35,,,,,,,,,,
6,27,28,28,27,6,,,,,,,,,,,36,41,42,42,41,36,,,,,,,,,,,,,36,41,42,42,41,36,,,,,,,,,,
48,,,48,,,,,,,,,,,,,48,,,48,,,,,,,,,,,,,,,48,,48,,,,,,,,,,,,,
,,,,,,,,,,,,,,,,,,,,,,,,,,,,,,,,,,,,,,,,,,,,,,,,,
,,,,,,,,,,,,,,,,,,,,,,,,,,,,,,,,,,,,,,,,,,,,,,,,,
,,,,,,,,,,,,,,,,,,,,,,,,,,,,,,,,,,,,,,,,,,,,,,,,,
,,,,,,,,,,,,,,,,,,,,,,,,,,,,,,,,,,,,,,,,,,,,,,,,,
,,,,,,,,,,,,,,,,,,,,,,,,,,,,,,,,,,,,,,,,,,,,,,,,,
,,,,,,,,,,,,,,,,,,,,,,,,,,,,,,,,,,,,,,,,,,,,,,,,,
,,,,,,,,,,,,,,,,,,,,,,,,,,,,,,,,,,,,,,,,,,,,,,,,,
,,,,,,,,,,,,,,,,,,,,,,,,,,,,,,,,,,,,,,,,,,,,,,,,,
,,,,,,,,,,,,,,,,,,,,,,,,,,,,,,,,,,,,,,,,,,,,,,,,,
,,,,,,,,,,,,,,,,,,,,,,,,,,,,,,,,,,,,,,,,,,,,,,,,,
,,,,,,,,,,,,,,,,,,,,,,,,,,,,,,,,,,,,,,,,,,,,,,,,,
,,,,,,,,,,,,,,,,,,,,,,,,,,,,,,,,,,,,,,,,,,,,,,,,,
,,,,,,,,,,,,,,,,,,,,,,,,,,,,,,,,,,,,,,,,,,,,,,,,,
,,,,,,,,,,,,,,,,,,,,,,,,,,,,,,,,,,,,,,,,,,,,,,,,,
,,,,,,,,,,,,,,,,,,,,,,,,,,,,,,,,,,,,,,,,,,,,,,,,,
,,,,,,,,,,,,,,,,,,,,,,,,,,,,,,,,,,,,,,,,,,,,,,,,,
,,,,,,,,,,,,,,,,,,,,,,,,,,,,,,,,,,,,,,,,,,,,,,,,,
,,,,,,,,,,,,,,,,,,,,,,,,,,,,,,,,,,,,,,,,,,,,,,,,,
,,,,,,,,,,,,,,,,,,,,,,,,,,,,,,,,,,,,,,,,,,,,,,,,,
,,,,,,,,,,,,,,,,,,,,,,,,,,,,,,,,,,,,,,,,,,,,,,,,,
,,,,,,,,,,,,,,,,,,,,,,,,,,,,,,,,,,,,,,,,,,,,,,,,,
,,,,,,,,,,,,,,,,,,,,,,,,,,,,,,,,,,,,,,,,,,,,,,,,,
,,,,,,,,,,,,,,,,,,,,,,,,,,,,,,,,,,,,,,,,,,,,,,,,,
,,,,,,,,,,,,,,,,,,,,,,,,,,,,,,,,,,,,,,,,,,,,,,,,,
,,,,,,,,,,,,,,,,,,,,,,,,,,,,,,,,,,,,,,,,,,,,,,,,,
,,,,,,,,,,,,,,,,,,,,,,,,,,,,,,,,,,,,,,,,,,,,,,,,,
,,,,,,,,,,,,,,,,,,,,,,,,,,,,,,,,,,,,,,,,,,,,,,,,,
,,,,,,,,,,,,,,,,,,,,,,,,,,,,,,,,,,,,,,,,,,,,,,,,,
,,,,,,,,,,,,,,,,,,,,,,,,,,,,,,,,,,,,,,,,,,,,,,,,,
,,,,,,,,,,,,,,,,,,,,,,,,,,,,,,,,,,,,,,,,,,,,,,,,,
,,,,,,,,,,,,,,,,,,,,,,,,,,,,,,,,,,,,,,,,,,,,,,,,,
,,,,,,,,,,,,,,,,,,,,,,,,,,,,,,,,,,,,,,,,,,,,,,,,,
,,,,,,,,,,,,,,,,,,,,,,,,,,,,,,,,,,,,,,,,,,,,,,,,,
,,,,,,,,,,,,,,,,,,,,,,,,,,,,,,,,,,,,,,,,,,,,,,,,,
,,,,,,,,,,,,,,,,,,,,,,,,,,,,,,,,,,,,,,,,,,,,,,,,,
