,,,,,,,,,,,,,,,,,,,,,,,,,,,,,,,,,,,,,,,,,,,,,,,,,,,,,,,,,,,,,,,,,-1,-1
,,1,2,1,3,,,,,,,,-1,-1,-1,-1,,,,,,,,1,2,1,3,,,,,,,,-1,-1,-1,-1,,,,,,,,,,,,,,,,,,,,,,,,,,,-1,-1
,,3,4,2,4,,,,,,,,-1,-1,-1,-1,,,,,,,,3,4,2,4,,,,,,,,-1,-1,-1,-1,,,,,,,,,,,,,,,,,,,,,,,,,,,-1,-1
,,5,6,5,7,,,,,,,,-1,-1,-1,-1,,,,,,,,5,6,5,7,,,,,,,,-1,-1,-1,-1,,,,,,,,,,,,,,,,,,,,,,,,,,,-1,-1
,,7,8,6,8,,,,,,,,-1,-1,-1,-1,,,,,,,,7,8,6,8,,,,,,,,-1,-1,-1,-1,,,,,,,,,,,,,,,,,,,,,,,,,,,-1,-1
,,9,10,9,11,,,,,,,,-1,-1,-1,-1,,,,,,,,9,10,9,11,,,,,,,,-1,-1,-1,-1,,,,,,,,,,,,,,,,,,,,,,,,,,,-1,-1
,,11,12,10,12,,,,,,,,-1,-1,-1,-1,,,,,,,,11,12,10,12,,,,,,,,-1,-1,-1,-1,,,,,,,,,,,,,,,,,,,,,,,,,,,-1,-1
,,13,14,13,15,,,,,,,,-1,-1,-1,-1,,,,,,,,13,14,13,15,,,,,,,,-1,-1,-1,-1,,,,,,,,,,,,,,,,,,,,,,,,,,,-1,-1
,,15,16,14,16,,,,,,,,-1,-1,-1,-1,,,,,,,,15,16,14,16,,,,,,,,-1,-1,-1,-1,,,,,,,,,,,,,,,,,,,,,,,,,,,-1,-1
,,17,18,17,19,,,,,,,,-1,-1,-1,-1,,,,,,,,17,18,17,19,,,,,,,,-1,-1,-1,-1,,,,,,,,,,,,,,,,,,,,,,,,,,,-1,-1
,,19,20,18,20,,,,,,,,-1,-1,-1,-1,,,,,,,,19,20,18,20,,,,,,,,-1,-1,-1,-1,,,,,,,,,,,,,,,,,,,,,,,,,,,-1,-1
,,21,22,21,23,,,,,,,,-1,-1,-1,-1,,,,,,,,21,22,21,23,,,,,,,,-1,-1,-1,-1,,,,,,,,,,,,,,,,,,,,,,,,,,,-1,-1
,,23,24,22,24,,,,,,,,-1,-1,-1,-1,,,,,,,,23,24,22,24,,,,,,,,-1,-1,-1,-1,,,,,,,,,,,,,,,,,,,,,,,,,,,-1,-1
,,25,26,25,27,,,,,,,,-1,-1,-1,-1,,,,,,,,26,25,26,28,,,,,,,,-1,-1,-1,-1,,,,,,,,,,,,,,,,,,,,,,,,,,,-1,-1
,,27,28,26,28,,,,,,,,-1,-1,-1,-1,,,,,,,,28,27,25,27,,,,,,,,-1,-1,-1,-1,,,,,,,,,,,,,,,,,,,,,,,,,,,-1,-1
,,29,30,29,31,,,,,,,,-1,-1,-1,-1,,,,,,,,30,29,30,32,,,,,,,,-1,-1,-1,-1,,,,,,,,,,,,,,,,,,,,,,,,,,,-1,-1
,,31,32,30,32,,,,,,,,-1,-1,-1,-1,,,,,,,,32,31,29,31,,,,,,,,-1,-1,-1,-1,,,,,,,,,,,,,,,,,,,,,,,,,,,-1,-1
,,33,34,33,35,,,,,,,,-1,-1,-1,-1,,,,,,,,34,33,34,36,,,,,,,,-1,-1,-1,-1,,,,,,,,,,,,,,,,,,,,,,,,,,,-1,-1
,,35,36,34,36,,,,,,,,-1,-1,-1,-1,,,,,,,,36,35,33,35,,,,,,,,-1,-1,-1,-1,,,,,,,,,,,,,,,,,,,,,,,,,,,-1,-1
,,37,38,37,39,,,,,,,,-1,-1,-1,-1,,,,,,,,38,37,38,40,,,,,,,,-1,-1,-1,-1,,,,,,,,,,,,,,,,,,,,,,,,,,,-1,-1
,,39,40,38,40,,,,,,,,-1,-1,-1,-1,,,,,,,,40,39,37,39,,,,,,,,-1,-1,-1,-1,,,,,,,,,,,,,,,,,,,,,,,,,,,-1,-1
,,41,42,41,43,,,,,,,,-1,-1,-1,-1,,,,,,,,42,41,42,44,,,,,,,,-1,-1,-1,-1,,,,,,,,,,,,,,,,,,,,,,,,,,,-1,-1
,,43,44,42,44,,,,,,,,-1,-1,-1,-1,,,,,,,,44,43,41,43,,,,,,,,-1,-1,-1,-1,,,,,,,,,,,,,,,,,,,,,,,,,,,-1,-1
,,45,46,45,47,,,,,,,,-1,-1,-1,-1,,,,,,,,46,45,46,48,,,,,,,,-1,-1,-1,-1,,,,,,,,,,,,,,,,,,,,,,,,,,,-1,-1
,,47,48,46,48,,,,,,,,-1,-1,-1,-1,,,,,,,,48,47,45,47,,,,,,,,-1,-1,-1,-1,,,,,,,,,,,,,,,,,,,,,,,,,,,-1,-1
,,49,,49,,,,,,,,,,-1,-1,,,,,,,,,,49,49,,,,,,,,,-1,,-1,,,,,,,,,,,,,,,,,,,,,,,,,,,,-1,-1
,,,,,,,,,,,,,,,,,,,,,,,,,,,,,,,,,,,,,,,,,,,,,,,,,,,,,,,,,,,,,,,,,-1,-1
,,,,,,,,,,,,,,,,,,,,,,,,,,,,,,,,,,,,,,,,,,,,,,,,,,,,,,,,,,,,,,,,,-1,-1
,,,,,,,,,,,,,,,,,,,,,,,,,,,,,,,,,,,,,,,,,,,,,,,,,,,,,,,,,,,,,,,,,-1,-1
,,,,,,,,,,,,,,,,,,,,,,,,,,,,,,,,,,,,,,,,,,,,,,,,,,,,,,,,,,,,,,,,,-1,-1
,,,,,,,,,,,,,,,,,,,,,,,,,,,,,,,,,,,,,,,,,,,,,,,,,,,,,,,,,,,,,,,,,-1,-1
,,,,,,,,,,,,,,,,,,,,,,,,,,,,,,,,,,,,,,,,,,,,,,,,,,,,,,,,,,,,,,,,,-1,-1
,,,,,,,,,,,,,,,,,,,,,,,,,,,,,,,,,,,,,,,,,,,,,,,,,,,,,,,,,,,,,,,,,-1,-1
,,,,,,,,,,,,,,,,,,,,,,,,,,,,,,,,,,,,,,,,,,,,,,,,,,,,,,,,,,,,,,,,,-1,-1
,,,,,,,,,,,,,,,,,,,,,,,,,,,,,,,,,,,,,,,,,,,,,,,,,,,,,,,,,,,,,,,,,-1,-1
,,,,,,,,,,,,,,,,,,,,,,,,,,,,,,,,,,,,,,,,,,,,,,,,,,,,,,,,,,,,,,,,,-1,-1
,,,,,,,,,,,,,,,,,,,,,,,,,,,,,,,,,,,,,,,,,,,,,,,,,,,,,,,,,,,,,,,,,-1,-1
,,,,,,,,,,,,,,,,,,,,,,,,,,,,,,,,,,,,,,,,,,,,,,,,,,,,,,,,,,,,,,,,,-1,-1
,,,,,,,,,,,,,,,,,,,,,,,,,,,,,,,,,,,,,,,,,,,,,,,,,,,,,,,,,,,,,,,,,-1,-1
,,,,,,,,,,,,,,,,,,,,,,,,,,,,,,,,,,,,,,,,,,,,,,,,,,,,,,,,,,,,,,,,,-1,-1
,,,,,,,,,,,,,,,,,,,,,,,,,,,,,,,,,,,,,,,,,,,,,,,,,,,,,,,,,,,,,,,,,-1,-1
,,,,,,,,,,,,,,,,,,,,,,,,,,,,,,,,,,,,,,,,,,,,,,,,,,,,,,,,,,,,,,,,,-1,-1
,,,,,,,,,,,,,,,,,,,,,,,,,,,,,,,,,,,,,,,,,,,,,,,,,,,,,,,,,,,,,,,,,-1,-1
,,,,,,,,,,,,,,,,,,,,,,,,,,,,,,,,,,,,,,,,,,,,,,,,,,,,,,,,,,,,,,,,,-1,-1
,,,,,,,,,,,,,,,,,,,,,,,,,,,,,,,,,,,,,,,,,,,,,,,,,,,,,,,,,,,,,,,,,-1,-1
,,,,,,,,,,,,,,,,,,,,,,,,,,,,,,,,,,,,,,,,,,,,,,,,,,,,,,,,,,,,,,,,,-1,-1
,,,,,,,,,,,,,,,,,,,,,,,,,,,,,,,,,,,,,,,,,,,,,,,,,,,,,,,,,,,,,,,,,-1,-1
,,,,,,,,,,,,,,,,,,,,,,,,,,,,,,,,,,,,,,,,,,,,,,,,,,,,,,,,,,,,,,,,,-1,-1
,,,,,,,,,,,,,,,,,,,,,,,,,,,,,,,,,,,,,,,,,,,,,,,,,,,,,,,,,,,,,,,,,-1,-1
,,,,,,,,,,,,,,,,,,,,,,,,,,,,,,,,,,,,,,,,,,,,,,,,,,,,,,,,,,,,,,,,,-1,-1
,,,,,,,,,,,,,,,,,,,,,,,,,,,,,,,,,,,,,,,,,,,,,,,,,,,,,,,,,,,,,,,,,-1,-1
,,,,,,,,,,,,,,,,,,,,,,,,,,,,,,,,,,,,,,,,,,,,,,,,,,,,,,,,,,,,,,,,,-1,-1
,,,,,,,,,,,,,,,,,,,,,,,,,,,,,,,,,,,,,,,,,,,,,,,,,,,,,,,,,,,,,,,,,-1,-1
,,,,,,,,,,,,,,,,,,,,,,,,,,,,,,,,,,,,,,,,,,,,,,,,,,,,,,,,,,,,,,,,,-1,-1
,,,,,,,,,,,,,,,,,,,,,,,,,,,,,,,,,,,,,,,,,,,,,,,,,,,,,,,,,,,,,,,,,-1,-1
,,,,,,,,,,,,,,,,,,,,,,,,,,,,,,,,,,,,,,,,,,,,,,,,,,,,,,,,,,,,,,,,,-1,-1
,,,,,,,,,,,,,,,,,,,,,,,,,,,,,,,,,,,,,,,,,,,,,,,,,,,,,,,,,,,,,,,,,-1,-1
,,,,,,,,,,,,,,,,,,,,,,,,,,,,,,,,,,,,,,,,,,,,,,,,,,,,,,,,,,,,,,,,,-1,-1
,,,,,,,,,,,,,,,,,,,,,,,,,,,,,,,,,,,,,,,,,,,,,,,,,,,,,,,,,,,,,,,,,-1,-1
