,,,,,,,,,,,,,,,,,,,,,,,,,,,,,,,,,,,,,,,,,,,,,,,,,
,,,,,,,,,,,,,,,,,,,,,,,,,,,,,,,,,,,,,,,,,,,,,,,,,
,,,,,,,,,,,,,,,,,,,,,,,,,,,,,,,,,,,,,,,,,,,,,,,,,
,,,,,,,,,,,,,,,,,,,,,,,,,,,,,,,,,,,,,,,,,,,,,,,,,
,1,48,,,48,46,,,46,44,,,44,42,,,42,40,,,40,38,,,38,36,,,36,34,,,34,32,,,32,30,,,30,28,,28,26,,,26,24
,3,46,,,1,44,,,48,42,,,46,40,,,44,38,,,42,36,,,40,34,,,38,32,,,36,30,,,34,28,,,32,26,,30,24,,,28,22
,5,44,,,3,42,,,1,40,,,48,38,,,46,36,,,44,34,,,42,32,,,40,30,,,38,28,,,36,26,,,34,24,,32,22,,,30,20
,7,42,,,5,40,,,3,38,,,1,36,,,48,34,,,46,32,,,44,30,,,42,28,,,40,26,,,38,24,,,36,22,,34,20,,,32,18
,9,40,,,7,38,,,5,36,,,3,34,,,1,32,,,48,30,,,46,28,,,44,26,,,42,24,,,40,22,,,38,20,,36,18,,,34,16
,11,38,,,9,36,,,7,34,,,5,32,,,3,30,,,1,28,,,48,26,,,46,24,,,44,22,,,42,20,,,40,18,,38,16,,,36,14
,13,36,,,11,34,,,9,32,,,7,30,,,5,28,,,3,26,,,1,24,,,48,22,,,46,20,,,44,18,,,42,16,,40,14,,,38,12
,15,34,,,13,32,,,11,30,,,9,28,,,7,26,,,5,24,,,3,22,,,1,20,,,48,18,,,46,16,,,44,14,,42,12,,,40,10
,17,32,,,15,30,,,13,28,,,11,26,,,9,24,,,7,22,,,5,20,,,3,18,,,1,16,,,48,14,,,46,12,,44,10,,,42,8
,19,30,,,17,28,,,15,26,,,13,24,,,11,22,,,9,20,,,7,18,,,5,16,,,3,14,,,1,12,,,48,10,,46,8,,,44,6
,21,28,,,19,26,,,17,24,,,15,22,,,13,20,,,11,18,,,9,16,,,7,14,,,5,12,,,3,10,,,1,8,,48,6,,,46,4
,23,26,,,21,24,,,19,22,,,17,20,,,15,18,,,13,16,,,11,14,,,9,12,,,7,10,,,5,8,,,3,6,,1,4,,,48,2
,25,24,,,23,22,,,21,20,,,19,18,,,17,16,,,15,14,,,13,12,,,11,10,,,9,8,,,7,6,,,5,4,,3,2,,,1,49
,27,22,,,25,20,,,23,18,,,21,16,,,19,14,,,17,12,,,15,10,,,13,8,,,11,6,,,9,4,,,7,2,,5,49,,,3,47
,29,20,,,27,18,,,25,16,,,23,14,,,21,12,,,19,10,,,17,8,,,15,6,,,13,4,,,11,2,,,9,49,,7,47,,,5,45
,31,18,,,29,16,,,27,14,,,25,12,,,23,10,,,21,8,,,19,6,,,17,4,,,15,2,,,13,49,,,11,47,,9,45,,,7,43
,33,16,,,31,14,,,29,12,,,27,10,,,25,8,,,23,6,,,21,4,,,19,2,,,17,49,,,15,47,,,13,45,,11,43,,,9,41
,35,14,,,33,12,,,31,10,,,29,8,,,27,6,,,25,4,,,23,2,,,21,49,,,19,47,,,17,45,,,15,43,,13,41,,,11,39
,37,12,,,35,10,,,33,8,,,31,6,,,29,4,,,27,2,,,25,49,,,23,47,,,21,45,,,19,43,,,17,41,,15,39,,,13,37
,39,10,,,37,8,,,35,6,,,33,4,,,31,2,,,29,49,,,27,47,,,25,45,,,23,43,,,21,41,,,19,39,,17,37,,,15,35
,41,8,,,39,6,,,37,4,,,35,2,,,33,49,,,31,47,,,29,45,,,27,43,,,25,41,,,23,39,,,21,37,,19,35,,,17,33
,43,6,,,41,4,,,39,2,,,37,49,,,35,47,,,33,45,,,31,43,,,29,41,,,27,39,,,25,37,,,23,35,,21,33,,,19,31
,45,4,,,43,2,,,41,49,,,39,47,,,37,45,,,35,43,,,33,41,,,31,39,,,29,37,,,27,35,,,25,33,,23,31,,,21,29
,47,2,,,45,49,,,43,47,,,41,45,,,39,43,,,37,41,,,35,39,,,33,37,,,31,35,,,29,33,,,27,31,,25,29,,,23,27
,49,,,,47,,,,45,,,,43,,,,41,,,,39,,,,37,,,,35,,,,33,,,,31,,,,29,,,27,,,,25,
,,,,,,,,,,,,,,,,,,,,,,,,,,,,,,,,,,,,,,,,,,,,,,,,,
,,,,,,,,,,,,,,,,,,,,,,,,,,,,,,,,,,,,,,,,,,,,,,,,,
,,,,,,,,,,,,,,,,,,,,,,,,,,,,,,,,,,,,,,,,,,,,,,,,,
,,,,,,,,,,,,,,,,,,,,,,,,,,,,,,,,,,,,,,,,,,,,,,,,,
,,,,,,,,,,,,,,,,,,,,,,,,,,,,,,,,,,,,,,,,,,,,,,,,,
,,,,,,,,,,,,,,,,,,,,,,,,,,,,,,,,,,,,,,,,,,,,,,,,,
,,,,,,,,,,,,,,,,,,,,,,,,,,,,,,,,,,,,,,,,,,,,,,,,,
,,,,,,,,,,,,,,,,,,,,,,,,,,,,,,,,,,,,,,,,,,,,,,,,,
,,,,,,,,,,,,,,,,,,,,,,,,,,,,,,,,,,,,,,,,,,,,,,,,,
,,,,,,,,,,,,,,,,,,,,,,,,,,,,,,,,,,,,,,,,,,,,,,,,,
,,,,,,,,,,,,,,,,,,,,,,,,,,,,,,,,,,,,,,,,,,,,,,,,,
,,,,,,,,,,,,,,,,,,,,,,,,,,,,,,,,,,,,,,,,,,,,,,,,,
,,,,,,,,,,,,,,,,,,,,,,,,,,,,,,,,,,,,,,,,,,,,,,,,,
,,,,,,,,,,,,,,,,,,,,,,,,,,,,,,,,,,,,,,,,,,,,,,,,,
,,,,,,,,,,,,,,,,,,,,,,,,,,,,,,,,,,,,,,,,,,,,,,,,,
,,,,,,,,,,,,,,,,,,,,,,,,,,,,,,,,,,,,,,,,,,,,,,,,,
,,,,,,,,,,,,,,,,,,,,,,,,,,,,,,,,,,,,,,,,,,,,,,,,,
,,,,,,,,,,,,,,,,,,,,,,,,,,,,,,,,,,,,,,,,,,,,,,,,,
,,,,,,,,,,,,,,,,,,,,,,,,,,,,,,,,,,,,,,,,,,,,,,,,,
,,,,,,,,,,,,,,,,,,,,,,,,,,,,,,,,,,,,,,,,,,,,,,,,,
,,,,,,,,,,,,,,,,,,,,,,,,,,,,,,,,,,,,,,,,,,,,,,,,,
,,,,,,,,,,,,,,,,,,,,,,,,,,,,,,,,,,,,,,,,,,,,,,,,,
,,,,,,,,,,,,,,,,,,,,,,,,,,,,,,,,,,,,,,,,,,,,,,,,,
,,,,,,,,,,,,,,,,,,,,,,,,,,,,,,,,,,,,,,,,,,,,,,,,,
,,,,,,,,,,,,,,,,,,,,,,,,,,,,,,,,,,,,,,,,,,,,,,,,,
,,,,,,,,,,,,,,,,,,,,,,,,,,,,,,,,,,,,,,,,,,,,,,,,,
,,,,,,,,,,,,,,,,,,,,,,,,,,,,,,,,,,,,,,,,,,,,,,,,,
,,,,,,,,,,,,,,,,,,,,,,,,,,,,,,,,,,,,,,,,,,,,,,,,,
,,,,,,,,,,,,,,,,,,,,,,,,,,,,,,,,,,,,,,,,,,,,,,,,,
,,,,,,,,,,,,,,,,,,,,,,,,,,,,,,,,,,,,,,,,,,,,,,,,,
