,,3,,,3,,,,,,,,3,,,3,,,,,,,,3,,,3,,,,,3,,,3,,,,,,,,,,,,,,,,,,,,,,,,,,,,,
,,,4,,4,,,,,,,,,4,,4,,,,,,,,4,,,4,,,,,4,,,4,,,,,,,,,,,,,,,,,,,,,,,,,,,,,
,,46,,46,,,,,,,,,,,,,,,,,,,,,46,46,,,,,,,,,,,,,,,,,,,,,,,,,,,,,,,,,,,,,,
,,43,,,43,,,,,,,,,,,,,,,,,,,43,,,43,,,,,,,,,,,,,,,,,,,,,,,,,,,,,,,,,,,,,
,,41,,41,,,,,,,,,,,,,,,,,,,,41,,41,,,,,,,,,,,,,,,,,,,,,,,,,,,,,,,,,,,,,,
,,25,,,25,,,,,,,,,,,,,,,,,,,25,,,25,,,,,,,,,,,,,,,,,,,,,,,,,,,,,,,,,,,,,
,,10,,10,,,,,,,,,,,,,,,,,,,,,10,10,,,,,,,,,,,,,,,,,,,,,,,,,,,,,,,,,,,,,,
,,21,,,21,,,,,,,,,,,,,,,,,,,21,,,21,,,,,,,,,,,,,,,,,,,,,,,,,,,,,,,,,,,,,
,,17,,,17,,,,,,,,,,,,,,,,,,,,17,,17,,,,,,,,,,,,,,,,,,,,,,,,,,,,,,,,,,,,,
,,,38,,38,,,,,,,,,,,,,,,,,,,,38,,38,,,,,,,,,,,,,,,,,,,,,,,,,,,,,,,,,,,,,
,,37,,37,,,,,,,,,,,,,,,,,,,,,37,37,,,,,,,,,,,,,,,,,,,,,,,,,,,,,,,,,,,,,,
,,,7,,7,,,,,,,,,,,,,,,,,,,,7,,7,,,,,,,,,,,,,,,,,,,,,,,,,,,,,,,,,,,,,
,,5,,5,,,,,,,,,,,,,,,,,,,,5,,5,,,,,,,,,,,,,,,,,,,,,,,,,,,,,,,,,,,,,,
,,,18,18,,,,,,,,,,,,,,,,,,,,,18,18,,,,,,,,,,,,,,,,,,,,,,,,,,,,,,,,,,,,,,
,,3,,,3,,,,,,,,,,,,,,,,,,,3,,,3,,,,,,,,,,,,,,,,,,,,,,,,,,,,,,,,,,,,,
,,37,,37,,,,,,,,,,,,,,,,,,,,,37,37,,,,,,,,,,,,,,,,,,,,,,,,,,,,,,,,,,,,,,
,,32,,32,,,,,,,,,,,,,,,,,,,,32,,32,,,,,,,,,,,,,,,,,,,,,,,,,,,,,,,,,,,,,,
,,14,,14,,,,,,,,,,,,,,,,,,,,14,,14,,,,,,,,,,,,,,,,,,,,,,,,,,,,,,,,,,,,,,
,,,27,27,,,,,,,,,,,,,,,,,,,,,27,27,,,,,,,,,,,,,,,,,,,,,,,,,,,,,,,,,,,,,,
,,30,,,30,,,,,,,,,,,,,,,,,,,,30,,30,,,,,,,,,,,,,,,,,,,,,,,,,,,,,,,,,,,,,
,,,36,36,,,,,,,,,,,,,,,,,,,,,36,36,,,,,,,,,,,,,,,,,,,,,,,,,,,,,,,,,,,,,,
,,,35,,35,,,,,,,,,,,,,,,,,,,35,,,35,,,,,,,,,,,,,,,,,,,,,,,,,,,,,,,,,,,,,
,,,24,24,,,,,,,,,,,,,,,,,,,,24,,24,,,,,,,,,,,,,,,,,,,,,,,,,,,,,,,,,,,,,,
,,14,,14,,,,,,,,,,,,,,,,,,,,14,,14,,,,,,,,,,,,,,,,,,,,,,,,,,,,,,,,,,,,,,
,,39,,,39,,,,,,,,,,,,,,,,,,,,39,,39,,,,,,,,,,,,,,,,,,,,,,,,,,,,,,,,,,,,,
,,,44,,44,,,,,,,,,,,,,,,,,,,44,,,44,,,,,,,,,,,,,,,,,,,,,,,,,,,,,,,,,,,,,
,,19,,19,,,,,,,,,,,,,,,,,,,,,19,19,,,,,,,,,,,,,,,,,,,,,,,,,,,,,,,,,,,,,,
,,,22,,22,,,,,,,,,,,,,,,,,,,22,,,22,,,,,,,,,,,,,,,,,,,,,,,,,,,,,,,,,,,,,
,,6,,6,,,,,,,,,,,,,,,,,,,,,6,6,,,,,,,,,,,,,,,,,,,,,,,,,,,,,,,,,,,,,,
,,,40,,40,,,,,,,,,,,,,,,,,,,,40,40,,,,,,,,,,,,,,,,,,,,,,,,,,,,,,,,,,,,,,
,,6,,6,,,,,,,,,,,,,,,,,,,,,6,6,,,,,,,,,,,,,,,,,,,,,,,,,,,,,,,,,,,,,,
,,30,,,30,,,,,,,,,,,,,,,,,,,,30,,30,,,,,,,,,,,,,,,,,,,,,,,,,,,,,,,,,,,,,
,,,24,24,,,,,,,,,,,,,,,,,,,,24,,24,,,,,,,,,,,,,,,,,,,,,,,,,,,,,,,,,,,,,,
,,,27,27,,,,,,,,,,,,,,,,,,,,,27,27,,,,,,,,,,,,,,,,,,,,,,,,,,,,,,,,,,,,,,
,,48,,,48,,,,,,,,,,,,,,,,,,,,48,,48,,,,,,,,,,,,,,,,,,,,,,,,,,,,,,,,,,,,,
,,,4,,4,,,,,,,,,,,,,,,,,,,4,,,4,,,,,,,,,,,,,,,,,,,,,,,,,,,,,,,,,,,,,
,,,44,,44,,,,,,,,,,,,,,,,,,,44,,,44,,,,,,,,,,,,,,,,,,,,,,,,,,,,,,,,,,,,,
,,,36,36,,,,,,,,,,,,,,,,,,,,,36,36,,,,,,,,,,,,,,,,,,,,,,,,,,,,,,,,,,,,,,
,,,33,33,,,,,,,,,,,,,,,,,,,,33,,33,,,,,,,,,,,,,,,,,,,,,,,,,,,,,,,,,,,,,,
,,25,,,25,,,,,,,,,,,,,,,,,,,25,,,25,,,,,,,,,,,,,,,,,,,,,,,,,,,,,,,,,,,,,
,,28,,28,,,,,,,,,,,,,,,,,,,,,28,28,,,,,,,,,,,,,,,,,,,,,,,,,,,,,,,,,,,,,,
,,,31,,31,,,,,,,,,,,,,,,,,,,31,,,31,,,,,,,,,,,,,,,,,,,,,,,,,,,,,,,,,,,,,
,,,11,11,,,,,,,,,,,,,,,,,,,,11,,11,,,,,,,,,,,,,,,,,,,,,,,,,,,,,,,,,,,,,,
,,25,,,25,,,,,,,,,,,,,,,,,,,25,,,25,,,,,,,,,,,,,,,,,,,,,,,,,,,,,,,,,,,,,
,,,20,,20,,,,,,,,,,,,,,,,,,,,20,,20,,,,,,,,,,,,,,,,,,,,,,,,,,,,,,,,,,,,,
,,,27,27,,,,,,,,,,,,,,,,,,,,,27,27,,,,,,,,,,,,,,,,,,,,,,,,,,,,,,,,,,,,,,
,,,45,45,,,,,,,,,,,,,,,,,,,,,45,45,,,,,,,,,,,,,,,,,,,,,,,,,,,,,,,,,,,,,,
,,3,,,3,,,,,,,,,,,,,,,,,,,3,,,3,,,,,,,,,,,,,,,,,,,,,,,,,,,,,,,,,,,,,
,,12,,,12,,,,,,,,,,,,,,,,,,,12,,,12,,,,,,,,,,,,,,,,,,,,,,,,,,,,,,,,,,,,,
,,,16,,16,,,,,,,,,,,,,,,,,,,,16,,16,,,,,,,,,,,,,,,,,,,,,,,,,,,,,,,,,,,,,
,,,36,36,,,,,,,,,,,,,,,,,,,,,36,36,,,,,,,,,,,,,,,,,,,,,,,,,,,,,,,,,,,,,,
,,14,,14,,,,,,,,,,,,,,,,,,,,14,,14,,,,,,,,,,,,,,,,,,,,,,,,,,,,,,,,,,,,,,
,,14,,14,,,,,,,,,,,,,,,,,,,,14,,14,,,,,,,,,,,,,,,,,,,,,,,,,,,,,,,,,,,,,,
,,25,,,25,,,,,,,,,,,,,,,,,,,25,,,25,,,,,,,,,,,,,,,,,,,,,,,,,,,,,,,,,,,,,
,,39,,,39,,,,,,,,,,,,,,,,,,,,39,,39,,,,,,,,,,,,,,,,,,,,,,,,,,,,,,,,,,,,,
,,48,,,48,,,,,,,,,,,,,,,,,,,,48,,48,,,,,,,,,,,,,,,,,,,,,,,,,,,,,,,,,,,,,
,,,49,49,,,,,,,,,,,,,,,,,,,,,49,49,,,,,,,,,,,,,,,,,,,,,,,,,,,,,,,,,,,,,,
,,8,,,8,,,,,,,,,,,,,,,,,,,,8,,8,,,,,,,,,,,,,,,,,,,,,,,,,,,,,,,,,,,,,
,,,9,9,,,,,,,,,,,,,,,,,,,,,9,9,,,,,,,,,,,,,,,,,,,,,,,,,,,,,,,,,,,,,,
,,,7,,7,,,,,,,,,,,,,,,,,,,,7,,7,,,,,,,,,,,,,,,,,,,,,,,,,,,,,,,,,,,,,
,,,44,,44,,,,,,,,,,,,,,,,,,,44,,,44,,,,,,,,,,,,,,,,,,,,,,,,,,,,,,,,,,,,,
,,19,,19,,,,,,,,,,,,,,,,,,,,,19,19,,,,,,,,,,,,,,,,,,,,,,,,,,,,,,,,,,,,,,
,,,4,,4,,,,,,,,,,,,,,,,,,,4,,,4,,,,,,,,,,,,,,,,,,,,,,,,,,,,,,,,,,,,,
,,1,,1,,,,,,,,,,,,,,,,,,,,1,,1,,,,,,,,,,,,,,,,,,,,,,,,,,,,,,,,,,,,,,
,,,24,24,,,,,,,,,,,,,,,,,,,,24,,24,,,,,,,,,,,,,,,,,,,,,,,,,,,,,,,,,,,,,,
,,,31,,31,,,,,,,,,,,,,,,,,,,31,,,31,,,,,,,,,,,,,,,,,,,,,,,,,,,,,,,,,,,,,
,,,13,,13,,,,,,,,,,,,,,,,,,,13,,,13,,,,,,,,,,,,,,,,,,,,,,,,,,,,,,,,,,,,,
,,6,,6,,,,,,,,,,,,,,,,,,,,,6,6,,,,,,,,,,,,,,,,,,,,,,,,,,,,,,,,,,,,,,
,,,13,,13,,,,,,,,,,,,,,,,,,,13,,,13,,,,,,,,,,,,,,,,,,,,,,,,,,,,,,,,,,,,,
,,,40,,40,,,,,,,,,,,,,,,,,,,,40,40,,,,,,,,,,,,,,,,,,,,,,,,,,,,,,,,,,,,,,
,,10,,10,,,,,,,,,,,,,,,,,,,,,10,10,,,,,,,,,,,,,,,,,,,,,,,,,,,,,,,,,,,,,,
,,21,,,21,,,,,,,,,,,,,,,,,,,21,,,21,,,,,,,,,,,,,,,,,,,,,,,,,,,,,,,,,,,,,
,,,44,,44,,,,,,,,,,,,,,,,,,,44,,,44,,,,,,,,,,,,,,,,,,,,,,,,,,,,,,,,,,,,,
,,48,,,48,,,,,,,,,,,,,,,,,,,,48,,48,,,,,,,,,,,,,,,,,,,,,,,,,,,,,,,,,,,,,
,,,35,,35,,,,,,,,,,,,,,,,,,,35,,,35,,,,,,,,,,,,,,,,,,,,,,,,,,,,,,,,,,,,,
,,28,,28,,,,,,,,,,,,,,,,,,,,,28,28,,,,,,,,,,,,,,,,,,,,,,,,,,,,,,,,,,,,,,
,,,38,,38,,,,,,,,,,,,,,,,,,,,38,,38,,,,,,,,,,,,,,,,,,,,,,,,,,,,,,,,,,,,,
,,,20,,20,,,,,,,,,,,,,,,,,,,,20,,20,,,,,,,,,,,,,,,,,,,,,,,,,,,,,,,,,,,,,
,,30,,,30,,,,,,,,,,,,,,,,,,,,30,,30,,,,,,,,,,,,,,,,,,,,,,,,,,,,,,,,,,,,,
,,,36,36,,,,,,,,,,,,,,,,,,,,,36,36,,,,,,,,,,,,,,,,,,,,,,,,,,,,,,,,,,,,,,
,,,9,9,,,,,,,,,,,,,,,,,,,,,9,9,,,,,,,,,,,,,,,,,,,,,,,,,,,,,,,,,,,,,,
,,43,,,43,,,,,,,,,,,,,,,,,,,43,,,43,,,,,,,,,,,,,,,,,,,,,,,,,,,,,,,,,,,,,
,,,42,42,,,,,,,,,,,,,,,,,,,,42,,42,,,,,,,,,,,,,,,,,,,,,,,,,,,,,,,,,,,,,,
,,10,,10,,,,,,,,,,,,,,,,,,,,,10,10,,,,,,,,,,,,,,,,,,,,,,,,,,,,,,,,,,,,,,
,,,9,9,,,,,,,,,,,,,,,,,,,,,9,9,,,,,,,,,,,,,,,,,,,,,,,,,,,,,,,,,,,,,,
,,,13,,13,,,,,,,,,,,,,,,,,,,13,,,13,,,,,,,,,,,,,,,,,,,,,,,,,,,,,,,,,,,,,
,,,36,36,,,,,,,,,,,,,,,,,,,,,36,36,,,,,,,,,,,,,,,,,,,,,,,,,,,,,,,,,,,,,,
,,,40,,40,,,,,,,,,,,,,,,,,,,,40,40,,,,,,,,,,,,,,,,,,,,,,,,,,,,,,,,,,,,,,
,,37,,37,,,,,,,,,,,,,,,,,,,,,37,37,,,,,,,,,,,,,,,,,,,,,,,,,,,,,,,,,,,,,,
,,,38,,38,,,,,,,,,,,,,,,,,,,,38,,38,,,,,,,,,,,,,,,,,,,,,,,,,,,,,,,,,,,,,
,,26,,,26,,,,,,,,,,,,,,,,,,,,26,,26,,,,,,,,,,,,,,,,,,,,,,,,,,,,,,,,,,,,,
,,14,,14,,,,,,,,,,,,,,,,,,,,14,,14,,,,,,,,,,,,,,,,,,,,,,,,,,,,,,,,,,,,,,
,,,31,,31,,,,,,,,,,,,,,,,,,,31,,,31,,,,,,,,,,,,,,,,,,,,,,,,,,,,,,,,,,,,,
,,37,,37,,,,,,,,,,,,,,,,,,,,,37,37,,,,,,,,,,,,,,,,,,,,,,,,,,,,,,,,,,,,,,
,,,9,9,,,,,,,,,,,,,,,,,,,,,9,9,,,,,,,,,,,,,,,,,,,,,,,,,,,,,,,,,,,,,,
,,,11,11,,,,,,,,,,,,,,,,,,,,11,,11,,,,,,,,,,,,,,,,,,,,,,,,,,,,,,,,,,,,,,
,,23,,23,,,,,,,,,,,,,,,,,,,,23,,23,,,,,,,,,,,,,,,,,,,,,,,,,,,,,,,,,,,,,,
,,,16,,16,,,,,,,,,,,,,,,,,,,,16,,16,,,,,,,,,,,,,,,,,,,,,,,,,,,,,,,,,,,,,
,,14,,14,,,,,,,,,,,,,,,,,,,,14,,14,,,,,,,,,,,,,,,,,,,,,,,,,,,,,,,,,,,,,,
,,,13,,13,,,,,,,,,,,,,,,,,,,13,,,13,,,,,,,,,,,,,,,,,,,,,,,,,,,,,,,,,,,,,
,,37,,37,,,,,,,,,,,,,,,,,,,,,37,37,,,,,,,,,,,,,,,,,,,,,,,,,,,,,,,,,,,,,,
,,,49,49,,,,,,,,,,,,,,,,,,,,,49,49,,,,,,,,,,,,,,,,,,,,,,,,,,,,,,,,,,,,,,
,,,24,24,,,,,,,,,,,,,,,,,,,,24,,24,,,,,,,,,,,,,,,,,,,,,,,,,,,,,,,,,,,,,,
,,25,,,25,,,,,,,,,,,,,,,,,,,25,,,25,,,,,,,,,,,,,,,,,,,,,,,,,,,,,,,,,,,,,
,,43,,,43,,,,,,,,,,,,,,,,,,,43,,,43,,,,,,,,,,,,,,,,,,,,,,,,,,,,,,,,,,,,,
,,,31,,31,,,,,,,,,,,,,,,,,,,31,,,31,,,,,,,,,,,,,,,,,,,,,,,,,,,,,,,,,,,,,
,,12,,,12,,,,,,,,,,,,,,,,,,,12,,,12,,,,,,,,,,,,,,,,,,,,,,,,,,,,,,,,,,,,,
,,,35,,35,,,,,,,,,,,,,,,,,,,35,,,35,,,,,,,,,,,,,,,,,,,,,,,,,,,,,,,,,,,,,
,,,27,27,,,,,,,,,,,,,,,,,,,,,27,27,,,,,,,,,,,,,,,,,,,,,,,,,,,,,,,,,,,,,,
,,,27,27,,,,,,,,,,,,,,,,,,,,,27,27,,,,,,,,,,,,,,,,,,,,,,,,,,,,,,,,,,,,,,
,,41,,41,,,,,,,,,,,,,,,,,,,,41,,41,,,,,,,,,,,,,,,,,,,,,,,,,,,,,,,,,,,,,,
,,,38,,38,,,,,,,,,,,,,,,,,,,,38,,38,,,,,,,,,,,,,,,,,,,,,,,,,,,,,,,,,,,,,
,,,35,,35,,,,,,,,,,,,,,,,,,,35,,,35,,,,,,,,,,,,,,,,,,,,,,,,,,,,,,,,,,,,,
,,,47,,47,,,,,,,,,,,,,,,,,,,,47,,47,,,,,,,,,,,,,,,,,,,,,,,,,,,,,,,,,,,,,
,,,29,,29,,,,,,,,,,,,,,,,,,,,29,,29,,,,,,,,,,,,,,,,,,,,,,,,,,,,,,,,,,,,,
,,8,,,8,,,,,,,,,,,,,,,,,,,,8,,8,,,,,,,,,,,,,,,,,,,,,,,,,,,,,,,,,,,,,
,,12,,,12,,,,,,,,,,,,,,,,,,,12,,,12,,,,,,,,,,,,,,,,,,,,,,,,,,,,,,,,,,,,,
,,39,,,39,,,,,,,,,,,,,,,,,,,,39,,39,,,,,,,,,,,,,,,,,,,,,,,,,,,,,,,,,,,,,
,,26,,,26,,,,,,,,,,,,,,,,,,,,26,,26,,,,,,,,,,,,,,,,,,,,,,,,,,,,,,,,,,,,,
,,,33,33,,,,,,,,,,,,,,,,,,,,33,,33,,,,,,,,,,,,,,,,,,,,,,,,,,,,,,,,,,,,,,
,,,4,,4,,,,,,,,,,,,,,,,,,,4,,,4,,,,,,,,,,,,,,,,,,,,,,,,,,,,,,,,,,,,,
,,25,,,25,,,,,,,,,,,,,,,,,,,25,,,25,,,,,,,,,,,,,,,,,,,,,,,,,,,,,,,,,,,,,
,,34,,,34,,,,,,,,,,,,,,,,,,,34,,,34,,,,,,,,,,,,,,,,,,,,,,,,,,,,,,,,,,,,,
,,19,,19,,,,,,,,,,,,,,,,,,,,,19,19,,,,,,,,,,,,,,,,,,,,,,,,,,,,,,,,,,,,,,
,,,13,,13,,,,,,,,,,,,,,,,,,,13,,,13,,,,,,,,,,,,,,,,,,,,,,,,,,,,,,,,,,,,,
,,,31,,31,,,,,,,,,,,,,,,,,,,31,,,31,,,,,,,,,,,,,,,,,,,,,,,,,,,,,,,,,,,,,
,,,47,,47,,,,,,,,,,,,,,,,,,,,47,,47,,,,,,,,,,,,,,,,,,,,,,,,,,,,,,,,,,,,,
,,,31,,31,,,,,,,,,,,,,,,,,,,31,,,31,,,,,,,,,,,,,,,,,,,,,,,,,,,,,,,,,,,,,
,,,16,,16,,,,,,,,,,,,,,,,,,,,16,,16,,,,,,,,,,,,,,,,,,,,,,,,,,,,,,,,,,,,,
,,3,,,3,,,,,,,,,,,,,,,,,,,3,,,3,,,,,,,,,,,,,,,,,,,,,,,,,,,,,,,,,,,,,
,,,15,15,,,,,,,,,,,,,,,,,,,,15,,15,,,,,,,,,,,,,,,,,,,,,,,,,,,,,,,,,,,,,,
,,26,,,26,,,,,,,,,,,,,,,,,,,,26,,26,,,,,,,,,,,,,,,,,,,,,,,,,,,,,,,,,,,,,
,,,42,42,,,,,,,,,,,,,,,,,,,,42,,42,,,,,,,,,,,,,,,,,,,,,,,,,,,,,,,,,,,,,,
,,10,,10,,,,,,,,,,,,,,,,,,,,,10,10,,,,,,,,,,,,,,,,,,,,,,,,,,,,,,,,,,,,,,
,,37,,37,,,,,,,,,,,,,,,,,,,,,37,37,,,,,,,,,,,,,,,,,,,,,,,,,,,,,,,,,,,,,,
,,12,,,12,,,,,,,,,,,,,,,,,,,12,,,12,,,,,,,,,,,,,,,,,,,,,,,,,,,,,,,,,,,,,
,,17,,,17,,,,,,,,,,,,,,,,,,,,17,,17,,,,,,,,,,,,,,,,,,,,,,,,,,,,,,,,,,,,,
,,19,,19,,,,,,,,,,,,,,,,,,,,,19,19,,,,,,,,,,,,,,,,,,,,,,,,,,,,,,,,,,,,,,
,,,20,,20,,,,,,,,,,,,,,,,,,,,20,,20,,,,,,,,,,,,,,,,,,,,,,,,,,,,,,,,,,,,,
,,,31,,31,,,,,,,,,,,,,,,,,,,31,,,31,,,,,,,,,,,,,,,,,,,,,,,,,,,,,,,,,,,,,
,,,13,,13,,,,,,,,,,,,,,,,,,,13,,,13,,,,,,,,,,,,,,,,,,,,,,,,,,,,,,,,,,,,,
,,,35,,35,,,,,,,,,,,,,,,,,,,35,,,35,,,,,,,,,,,,,,,,,,,,,,,,,,,,,,,,,,,,,
,,,18,18,,,,,,,,,,,,,,,,,,,,,18,18,,,,,,,,,,,,,,,,,,,,,,,,,,,,,,,,,,,,,,
,,46,,46,,,,,,,,,,,,,,,,,,,,,46,46,,,,,,,,,,,,,,,,,,,,,,,,,,,,,,,,,,,,,,
,,,35,,35,,,,,,,,,,,,,,,,,,,35,,,35,,,,,,,,,,,,,,,,,,,,,,,,,,,,,,,,,,,,,
,,19,,19,,,,,,,,,,,,,,,,,,,,,19,19,,,,,,,,,,,,,,,,,,,,,,,,,,,,,,,,,,,,,,
,,,7,,7,,,,,,,,,,,,,,,,,,,,7,,7,,,,,,,,,,,,,,,,,,,,,,,,,,,,,,,,,,,,,
,,,33,33,,,,,,,,,,,,,,,,,,,,33,,33,,,,,,,,,,,,,,,,,,,,,,,,,,,,,,,,,,,,,,
,,25,,,25,,,,,,,,,,,,,,,,,,,25,,,25,,,,,,,,,,,,,,,,,,,,,,,,,,,,,,,,,,,,,
,,,33,33,,,,,,,,,,,,,,,,,,,,33,,33,,,,,,,,,,,,,,,,,,,,,,,,,,,,,,,,,,,,,,
,,,35,,35,,,,,,,,,,,,,,,,,,,35,,,35,,,,,,,,,,,,,,,,,,,,,,,,,,,,,,,,,,,,,
,,,29,,29,,,,,,,,,,,,,,,,,,,,29,,29,,,,,,,,,,,,,,,,,,,,,,,,,,,,,,,,,,,,,
,,,18,18,,,,,,,,,,,,,,,,,,,,,18,18,,,,,,,,,,,,,,,,,,,,,,,,,,,,,,,,,,,,,,
,,5,,5,,,,,,,,,,,,,,,,,,,,5,,5,,,,,,,,,,,,,,,,,,,,,,,,,,,,,,,,,,,,,,
,,21,,,21,,,,,,,,,,,,,,,,,,,21,,,21,,,,,,,,,,,,,,,,,,,,,,,,,,,,,,,,,,,,,
,,,24,24,,,,,,,,,,,,,,,,,,,,24,,24,,,,,,,,,,,,,,,,,,,,,,,,,,,,,,,,,,,,,,
,,,15,15,,,,,,,,,,,,,,,,,,,,15,,15,,,,,,,,,,,,,,,,,,,,,,,,,,,,,,,,,,,,,,
,,,47,,47,,,,,,,,,,,,,,,,,,,,47,,47,,,,,,,,,,,,,,,,,,,,,,,,,,,,,,,,,,,,,
,,8,,,8,,,,,,,,,,,,,,,,,,,,8,,8,,,,,,,,,,,,,,,,,,,,,,,,,,,,,,,,,,,,,
,,6,,6,,,,,,,,,,,,,,,,,,,,,6,6,,,,,,,,,,,,,,,,,,,,,,,,,,,,,,,,,,,,,,
,,28,,28,,,,,,,,,,,,,,,,,,,,,28,28,,,,,,,,,,,,,,,,,,,,,,,,,,,,,,,,,,,,,,
,,,9,9,,,,,,,,,,,,,,,,,,,,,9,9,,,,,,,,,,,,,,,,,,,,,,,,,,,,,,,,,,,,,,
,,,7,,7,,,,,,,,,,,,,,,,,,,,7,,7,,,,,,,,,,,,,,,,,,,,,,,,,,,,,,,,,,,,,
,,21,,,21,,,,,,,,,,,,,,,,,,,21,,,21,,,,,,,,,,,,,,,,,,,,,,,,,,,,,,,,,,,,,
,,,13,,13,,,,,,,,,,,,,,,,,,,13,,,13,,,,,,,,,,,,,,,,,,,,,,,,,,,,,,,,,,,,,
,,30,,,30,,,,,,,,,,,,,,,,,,,,30,,30,,,,,,,,,,,,,,,,,,,,,,,,,,,,,,,,,,,,,
,,41,,41,,,,,,,,,,,,,,,,,,,,41,,41,,,,,,,,,,,,,,,,,,,,,,,,,,,,,,,,,,,,,,
,,,35,,35,,,,,,,,,,,,,,,,,,,35,,,35,,,,,,,,,,,,,,,,,,,,,,,,,,,,,,,,,,,,,
,,,35,,35,,,,,,,,,,,,,,,,,,,35,,,35,,,,,,,,,,,,,,,,,,,,,,,,,,,,,,,,,,,,,
,,25,,,25,,,,,,,,,,,,,,,,,,,25,,,25,,,,,,,,,,,,,,,,,,,,,,,,,,,,,,,,,,,,,
,,28,,28,,,,,,,,,,,,,,,,,,,,,28,28,,,,,,,,,,,,,,,,,,,,,,,,,,,,,,,,,,,,,,
,,37,,37,,,,,,,,,,,,,,,,,,,,,37,37,,,,,,,,,,,,,,,,,,,,,,,,,,,,,,,,,,,,,,
,,,33,33,,,,,,,,,,,,,,,,,,,,33,,33,,,,,,,,,,,,,,,,,,,,,,,,,,,,,,,,,,,,,,
,,,38,,38,,,,,,,,,,,,,,,,,,,,38,,38,,,,,,,,,,,,,,,,,,,,,,,,,,,,,,,,,,,,,
,,,27,27,,,,,,,,,,,,,,,,,,,,,27,27,,,,,,,,,,,,,,,,,,,,,,,,,,,,,,,,,,,,,,
,,46,,46,,,,,,,,,,,,,,,,,,,,,46,46,,,,,,,,,,,,,,,,,,,,,,,,,,,,,,,,,,,,,,
,,6,,6,,,,,,,,,,,,,,,,,,,,,6,6,,,,,,,,,,,,,,,,,,,,,,,,,,,,,,,,,,,,,,
,,25,,,25,,,,,,,,,,,,,,,,,,,25,,,25,,,,,,,,,,,,,,,,,,,,,,,,,,,,,,,,,,,,,
,,37,,37,,,,,,,,,,,,,,,,,,,,,37,37,,,,,,,,,,,,,,,,,,,,,,,,,,,,,,,,,,,,,,
,,,27,27,,,,,,,,,,,,,,,,,,,,,27,27,,,,,,,,,,,,,,,,,,,,,,,,,,,,,,,,,,,,,,
,,,47,,47,,,,,,,,,,,,,,,,,,,,47,,47,,,,,,,,,,,,,,,,,,,,,,,,,,,,,,,,,,,,,
,,46,,46,,,,,,,,,,,,,,,,,,,,,46,46,,,,,,,,,,,,,,,,,,,,,,,,,,,,,,,,,,,,,,
,,,7,,7,,,,,,,,,,,,,,,,,,,,7,,7,,,,,,,,,,,,,,,,,,,,,,,,,,,,,,,,,,,,,
,,,27,27,,,,,,,,,,,,,,,,,,,,,27,27,,,,,,,,,,,,,,,,,,,,,,,,,,,,,,,,,,,,,,
,,,9,9,,,,,,,,,,,,,,,,,,,,,9,9,,,,,,,,,,,,,,,,,,,,,,,,,,,,,,,,,,,,,,
,,34,,,34,,,,,,,,,,,,,,,,,,,34,,,34,,,,,,,,,,,,,,,,,,,,,,,,,,,,,,,,,,,,,
,,,36,36,,,,,,,,,,,,,,,,,,,,,36,36,,,,,,,,,,,,,,,,,,,,,,,,,,,,,,,,,,,,,,
,,,35,,35,,,,,,,,,,,,,,,,,,,35,,,35,,,,,,,,,,,,,,,,,,,,,,,,,,,,,,,,,,,,,
,,,29,,29,,,,,,,,,,,,,,,,,,,,29,,29,,,,,,,,,,,,,,,,,,,,,,,,,,,,,,,,,,,,,
,,,4,,4,,,,,,,,,,,,,,,,,,,4,,,4,,,,,,,,,,,,,,,,,,,,,,,,,,,,,,,,,,,,,
,,,31,,31,,,,,,,,,,,,,,,,,,,31,,,31,,,,,,,,,,,,,,,,,,,,,,,,,,,,,,,,,,,,,
,,25,,,25,,,,,,,,,,,,,,,,,,,25,,,25,,,,,,,,,,,,,,,,,,,,,,,,,,,,,,,,,,,,,
,,,42,42,,,,,,,,,,,,,,,,,,,,42,,42,,,,,,,,,,,,,,,,,,,,,,,,,,,,,,,,,,,,,,
,,28,,28,,,,,,,,,,,,,,,,,,,,,28,28,,,,,,,,,,,,,,,,,,,,,,,,,,,,,,,,,,,,,,
,,41,,41,,,,,,,,,,,,,,,,,,,,41,,41,,,,,,,,,,,,,,,,,,,,,,,,,,,,,,,,,,,,,,
,,,49,49,,,,,,,,,,,,,,,,,,,,,49,49,,,,,,,,,,,,,,,,,,,,,,,,,,,,,,,,,,,,,,
,,,36,36,,,,,,,,,,,,,,,,,,,,,36,36,,,,,,,,,,,,,,,,,,,,,,,,,,,,,,,,,,,,,,
,,23,,23,,,,,,,,,,,,,,,,,,,,23,,23,,,,,,,,,,,,,,,,,,,,,,,,,,,,,,,,,,,,,,
,,1,,1,,,,,,,,,,,,,,,,,,,,1,,1,,,,,,,,,,,,,,,,,,,,,,,,,,,,,,,,,,,,,,
,,12,,,12,,,,,,,,,,,,,,,,,,,12,,,12,,,,,,,,,,,,,,,,,,,,,,,,,,,,,,,,,,,,,
,,10,,10,,,,,,,,,,,,,,,,,,,,,10,10,,,,,,,,,,,,,,,,,,,,,,,,,,,,,,,,,,,,,,
,,,29,,29,,,,,,,,,,,,,,,,,,,,29,,29,,,,,,,,,,,,,,,,,,,,,,,,,,,,,,,,,,,,,
,,,7,,7,,,,,,,,,,,,,,,,,,,,7,,7,,,,,,,,,,,,,,,,,,,,,,,,,,,,,,,,,,,,,
,,8,,,8,,,,,,,,,,,,,,,,,,,,8,,8,,,,,,,,,,,,,,,,,,,,,,,,,,,,,,,,,,,,,
,,,7,,7,,,,,,,,,,,,,,,,,,,,7,,7,,,,,,,,,,,,,,,,,,,,,,,,,,,,,,,,,,,,,
,,,2,2,,,,,,,,,,,,,,,,,,,,2,,2,,,,,,,,,,,,,,,,,,,,,,,,,,,,,,,,,,,,,,
,,32,,32,,,,,,,,,,,,,,,,,,,,32,,32,,,,,,,,,,,,,,,,,,,,,,,,,,,,,,,,,,,,,,
,,,13,,13,,,,,,,,,,,,,,,,,,,13,,,13,,,,,,,,,,,,,,,,,,,,,,,,,,,,,,,,,,,,,
,,,18,18,,,,,,,,,,,,,,,,,,,,,18,18,,,,,,,,,,,,,,,,,,,,,,,,,,,,,,,,,,,,,,
,,,7,,7,,,,,,,,,,,,,,,,,,,,7,,7,,,,,,,,,,,,,,,,,,,,,,,,,,,,,,,,,,,,,
,,37,,37,,,,,,,,,,,,,,,,,,,,,37,37,,,,,,,,,,,,,,,,,,,,,,,,,,,,,,,,,,,,,,
,,30,,,30,,,,,,,,,,,,,,,,,,,,30,,30,,,,,,,,,,,,,,,,,,,,,,,,,,,,,,,,,,,,,
,,,36,36,,,,,,,,,,,,,,,,,,,,,36,36,,,,,,,,,,,,,,,,,,,,,,,,,,,,,,,,,,,,,,
,,25,,,25,,,,,,,,,,,,,,,,,,,25,,,25,,,,,,,,,,,,,,,,,,,,,,,,,,,,,,,,,,,,,
,,28,,28,,,,,,,,,,,,,,,,,,,,,28,28,,,,,,,,,,,,,,,,,,,,,,,,,,,,,,,,,,,,,,
,,,44,,44,,,,,,,,,,,,,,,,,,,44,,,44,,,,,,,,,,,,,,,,,,,,,,,,,,,,,,,,,,,,,
,,17,,,17,,,,,,,,,,,,,,,,,,,,17,,17,,,,,,,,,,,,,,,,,,,,,,,,,,,,,,,,,,,,,
,,,27,27,,,,,,,,,,,,,,,,,,,,,27,27,,,,,,,,,,,,,,,,,,,,,,,,,,,,,,,,,,,,,,
,,,24,24,,,,,,,,,,,,,,,,,,,,24,,24,,,,,,,,,,,,,,,,,,,,,,,,,,,,,,,,,,,,,,
,,,42,42,,,,,,,,,,,,,,,,,,,,42,,42,,,,,,,,,,,,,,,,,,,,,,,,,,,,,,,,,,,,,,
,,,35,,35,,,,,,,,,,,,,,,,,,,35,,,35,,,,,,,,,,,,,,,,,,,,,,,,,,,,,,,,,,,,,
,,37,,37,,,,,,,,,,,,,,,,,,,,,37,37,,,,,,,,,,,,,,,,,,,,,,,,,,,,,,,,,,,,,,
,,3,,,3,,,,,,,,,,,,,,,,,,,3,,,3,,,,,,,,,,,,,,,,,,,,,,,,,,,,,,,,,,,,,
,,,15,15,,,,,,,,,,,,,,,,,,,,15,,15,,,,,,,,,,,,,,,,,,,,,,,,,,,,,,,,,,,,,,
,,8,,,8,,,,,,,,,,,,,,,,,,,,8,,8,,,,,,,,,,,,,,,,,,,,,,,,,,,,,,,,,,,,,
,,,15,15,,,,,,,,,,,,,,,,,,,,15,,15,,,,,,,,,,,,,,,,,,,,,,,,,,,,,,,,,,,,,,
,,,44,,44,,,,,,,,,,,,,,,,,,,44,,,44,,,,,,,,,,,,,,,,,,,,,,,,,,,,,,,,,,,,,
,,,35,,35,,,,,,,,,,,,,,,,,,,35,,,35,,,,,,,,,,,,,,,,,,,,,,,,,,,,,,,,,,,,,
,,,38,,38,,,,,,,,,,,,,,,,,,,,38,,38,,,,,,,,,,,,,,,,,,,,,,,,,,,,,,,,,,,,,
,,37,,37,,,,,,,,,,,,,,,,,,,,,37,37,,,,,,,,,,,,,,,,,,,,,,,,,,,,,,,,,,,,,,
,,,38,,38,,,,,,,,,,,,,,,,,,,,38,,38,,,,,,,,,,,,,,,,,,,,,,,,,,,,,,,,,,,,,
,,25,,,25,,,,,,,,,,,,,,,,,,,25,,,25,,,,,,,,,,,,,,,,,,,,,,,,,,,,,,,,,,,,,
,,,24,24,,,,,,,,,,,,,,,,,,,,24,,24,,,,,,,,,,,,,,,,,,,,,,,,,,,,,,,,,,,,,,
,,10,,10,,,,,,,,,,,,,,,,,,,,,10,10,,,,,,,,,,,,,,,,,,,,,,,,,,,,,,,,,,,,,,
,,,33,33,,,,,,,,,,,,,,,,,,,,33,,33,,,,,,,,,,,,,,,,,,,,,,,,,,,,,,,,,,,,,,
,,,13,,13,,,,,,,,,,,,,,,,,,,13,,,13,,,,,,,,,,,,,,,,,,,,,,,,,,,,,,,,,,,,,
,,,35,,35,,,,,,,,,,,,,,,,,,,35,,,35,,,,,,,,,,,,,,,,,,,,,,,,,,,,,,,,,,,,,
,,46,,46,,,,,,,,,,,,,,,,,,,,,46,46,,,,,,,,,,,,,,,,,,,,,,,,,,,,,,,,,,,,,,
,,,31,,31,,,,,,,,,,,,,,,,,,,31,,,31,,,,,,,,,,,,,,,,,,,,,,,,,,,,,,,,,,,,,
,,12,,,12,,,,,,,,,,,,,,,,,,,12,,,12,,,,,,,,,,,,,,,,,,,,,,,,,,,,,,,,,,,,,
,,,22,,22,,,,,,,,,,,,,,,,,,,22,,,22,,,,,,,,,,,,,,,,,,,,,,,,,,,,,,,,,,,,,
,,37,,37,,,,,,,,,,,,,,,,,,,,,37,37,,,,,,,,,,,,,,,,,,,,,,,,,,,,,,,,,,,,,,
,,,22,,22,,,,,,,,,,,,,,,,,,,22,,,22,,,,,,,,,,,,,,,,,,,,,,,,,,,,,,,,,,,,,
,,46,,46,,,,,,,,,,,,,,,,,,,,,46,46,,,,,,,,,,,,,,,,,,,,,,,,,,,,,,,,,,,,,,
,,,33,33,,,,,,,,,,,,,,,,,,,,33,,33,,,,,,,,,,,,,,,,,,,,,,,,,,,,,,,,,,,,,,
,,1,,1,,,,,,,,,,,,,,,,,,,,1,,1,,,,,,,,,,,,,,,,,,,,,,,,,,,,,,,,,,,,,,
,,5,,5,,,,,,,,,,,,,,,,,,,,5,,5,,,,,,,,,,,,,,,,,,,,,,,,,,,,,,,,,,,,,,
,,12,,,12,,,,,,,,,,,,,,,,,,,12,,,12,,,,,,,,,,,,,,,,,,,,,,,,,,,,,,,,,,,,,
,,,16,,16,,,,,,,,,,,,,,,,,,,,16,,16,,,,,,,,,,,,,,,,,,,,,,,,,,,,,,,,,,,,,
,,48,,,48,,,,,,,,,,,,,,,,,,,,48,,48,,,,,,,,,,,,,,,,,,,,,,,,,,,,,,,,,,,,,
,,39,,,39,,,,,,,,,,,,,,,,,,,,39,,39,,,,,,,,,,,,,,,,,,,,,,,,,,,,,,,,,,,,,
,,17,,,17,,,,,,,,,,,,,,,,,,,,17,,17,,,,,,,,,,,,,,,,,,,,,,,,,,,,,,,,,,,,,
,,12,,,12,,,,,,,,,,,,,,,,,,,12,,,12,,,,,,,,,,,,,,,,,,,,,,,,,,,,,,,,,,,,,
,,46,,46,,,,,,,,,,,,,,,,,,,,,46,46,,,,,,,,,,,,,,,,,,,,,,,,,,,,,,,,,,,,,,
,,1,,1,,,,,,,,,,,,,,,,,,,,1,,1,,,,,,,,,,,,,,,,,,,,,,,,,,,,,,,,,,,,,,
,,34,,,34,,,,,,,,,,,,,,,,,,,34,,,34,,,,,,,,,,,,,,,,,,,,,,,,,,,,,,,,,,,,,
,,25,,,25,,,,,,,,,,,,,,,,,,,25,,,25,,,,,,,,,,,,,,,,,,,,,,,,,,,,,,,,,,,,,
,,46,,46,,,,,,,,,,,,,,,,,,,,,46,46,,,,,,,,,,,,,,,,,,,,,,,,,,,,,,,,,,,,,,
,,17,,,17,,,,,,,,,,,,,,,,,,,,17,,17,,,,,,,,,,,,,,,,,,,,,,,,,,,,,,,,,,,,,
,,10,,10,,,,,,,,,,,,,,,,,,,,,10,10,,,,,,,,,,,,,,,,,,,,,,,,,,,,,,,,,,,,,,
,,,24,24,,,,,,,,,,,,,,,,,,,,24,,24,,,,,,,,,,,,,,,,,,,,,,,,,,,,,,,,,,,,,,
,,,2,2,,,,,,,,,,,,,,,,,,,,2,,2,,,,,,,,,,,,,,,,,,,,,,,,,,,,,,,,,,,,,,
,,23,,23,,,,,,,,,,,,,,,,,,,,23,,23,,,,,,,,,,,,,,,,,,,,,,,,,,,,,,,,,,,,,,
,,6,,6,,,,,,,,,,,,,,,,,,,,,6,6,,,,,,,,,,,,,,,,,,,,,,,,,,,,,,,,,,,,,,
,,,7,,7,,,,,,,,,,,,,,,,,,,,7,,7,,,,,,,,,,,,,,,,,,,,,,,,,,,,,,,,,,,,,
,,14,,14,,,,,,,,,,,,,,,,,,,,14,,14,,,,,,,,,,,,,,,,,,,,,,,,,,,,,,,,,,,,,,
,,,4,,4,,,,,,,,,,,,,,,,,,,4,,,4,,,,,,,,,,,,,,,,,,,,,,,,,,,,,,,,,,,,,
,,26,,,26,,,,,,,,,,,,,,,,,,,,26,,26,,,,,,,,,,,,,,,,,,,,,,,,,,,,,,,,,,,,,
,,,18,18,,,,,,,,,,,,,,,,,,,,,18,18,,,,,,,,,,,,,,,,,,,,,,,,,,,,,,,,,,,,,,
,,,24,24,,,,,,,,,,,,,,,,,,,,24,,24,,,,,,,,,,,,,,,,,,,,,,,,,,,,,,,,,,,,,,
,,39,,,39,,,,,,,,,,,,,,,,,,,,39,,39,,,,,,,,,,,,,,,,,,,,,,,,,,,,,,,,,,,,,
,,17,,,17,,,,,,,,,,,,,,,,,,,,17,,17,,,,,,,,,,,,,,,,,,,,,,,,,,,,,,,,,,,,,
,,,45,45,,,,,,,,,,,,,,,,,,,,,45,45,,,,,,,,,,,,,,,,,,,,,,,,,,,,,,,,,,,,,,
,,10,,10,,,,,,,,,,,,,,,,,,,,,10,10,,,,,,,,,,,,,,,,,,,,,,,,,,,,,,,,,,,,,,
,,46,,46,,,,,,,,,,,,,,,,,,,,,46,46,,,,,,,,,,,,,,,,,,,,,,,,,,,,,,,,,,,,,,
,,8,,,8,,,,,,,,,,,,,,,,,,,,8,,8,,,,,,,,,,,,,,,,,,,,,,,,,,,,,,,,,,,,,
,,,7,,7,,,,,,,,,,,,,,,,,,,,7,,7,,,,,,,,,,,,,,,,,,,,,,,,,,,,,,,,,,,,,
,,,7,,7,,,,,,,,,,,,,,,,,,,,7,,7,,,,,,,,,,,,,,,,,,,,,,,,,,,,,,,,,,,,,
