,,3,,,3,,,,,,,,3,,,3,,,,,,,,3,,,3,,,,,3,,,3,,,,,,,,,,,,,,,,,,,,,,,,,,,,,
,,,4,,4,,,,,,,,,4,,4,,,,,,,,4,,,4,,,,,4,,,4,,,,,,,,,,,,,,,,,,,,,,,,,,,,,
,,10,,10,,,,,,,,,,10,10,,,,,,,,,,10,10,,,,,,,10,10,,,,,,,,,,,,,,,,,,,,,,,,,,,,,,
,,,9,9,,,,,,,,,9,,9,,,,,,,,,,9,9,,,,,,9,,9,,,,,,,,,,,,,,,,,,,,,,,,,,,,,,
,,,47,,47,,,,,,,,47,,,47,,,,,,,,,47,,47,,,,,,47,,47,,,,,,,,,,,,,,,,,,,,,,,,,,,,,
,,19,,19,,,,,,,,,,19,19,,,,,,,,,,19,19,,,,,,,19,19,,,,,,,,,,,,,,,,,,,,,,,,,,,,,,
,,46,,46,,,,,,,,,,46,46,,,,,,,,,,46,46,,,,,,46,,46,,,,,,,,,,,,,,,,,,,,,,,,,,,,,,
,,,29,,29,,,,,,,,29,,,,,,,,,,,,29,,29,,,,,29,,,29,,,,,,,,,,,,,,,,,,,,,,,,,,,,,
,,41,,41,,,,,,,,,41,,41,,,,,,,,,41,,41,,,,,,41,,41,,,,,,,,,,,,,,,,,,,,,,,,,,,,,,
,,39,,,39,,,,,,,,,39,,39,,,,,,,,,39,,39,,,,,,39,,39,,,,,,,,,,,,,,,,,,,,,,,,,,,,,
,,,2,2,,,,,,,,,,2,2,,,,,,,,,2,,2,,,,,,,2,2,,,,,,,,,,,,,,,,,,,,,,,,,,,,,,
,,,49,49,,,,,,,,,49,,49,,,,,,,,,,49,49,,,,,,49,,49,,,,,,,,,,,,,,,,,,,,,,,,,,,,,,
,,,44,,44,,,,,,,,,44,,44,,,,,,,,44,,,44,,,,,44,,,44,,,,,,,,,,,,,,,,,,,,,,,,,,,,,
,,,9,9,,,,,,,,,9,,9,,,,,,,,,,9,9,,,,,,9,,9,,,,,,,,,,,,,,,,,,,,,,,,,,,,,,
,,,31,,31,,,,,,,,,31,,31,,,,,,,,31,,,31,,,,,,31,,31,,,,,,,,,,,,,,,,,,,,,,,,,,,,,
,,19,,19,,,,,,,,,,19,19,,,,,,,,,,19,19,,,,,,,19,19,,,,,,,,,,,,,,,,,,,,,,,,,,,,,,
,,23,,23,,,,,,,,,23,,23,,,,,,,,,23,,23,,,,,,,23,23,,,,,,,,,,,,,,,,,,,,,,,,,,,,,,
,,,29,,29,,,,,,,,29,,,,,,,,,,,,29,,29,,,,,29,,,29,,,,,,,,,,,,,,,,,,,,,,,,,,,,,
,,3,,,3,,,,,,,,3,,,3,,,,,,,,3,,,3,,,,,3,,,3,,,,,,,,,,,,,,,,,,,,,,,,,,,,,
,,39,,,39,,,,,,,,,39,,39,,,,,,,,,39,,39,,,,,,39,,39,,,,,,,,,,,,,,,,,,,,,,,,,,,,,
,,,44,,44,,,,,,,,,44,,44,,,,,,,,44,,,44,,,,,44,,,44,,,,,,,,,,,,,,,,,,,,,,,,,,,,,
,,,49,49,,,,,,,,,49,,49,,,,,,,,,,49,49,,,,,,49,,49,,,,,,,,,,,,,,,,,,,,,,,,,,,,,,
,,,15,15,,,,,,,,,,15,15,,,,,,,,,15,,15,,,,,,15,,15,,,,,,,,,,,,,,,,,,,,,,,,,,,,,,
,,,9,9,,,,,,,,,9,,9,,,,,,,,,,9,9,,,,,,9,,9,,,,,,,,,,,,,,,,,,,,,,,,,,,,,,
,,,49,49,,,,,,,,,49,,49,,,,,,,,,,49,49,,,,,,49,,49,,,,,,,,,,,,,,,,,,,,,,,,,,,,,,
,,19,,19,,,,,,,,,,19,19,,,,,,,,,,19,19,,,,,,,19,19,,,,,,,,,,,,,,,,,,,,,,,,,,,,,,
,,,33,33,,,,,,,,,,33,33,,,,,,,,,33,,33,,,,,,33,,33,,,,,,,,,,,,,,,,,,,,,,,,,,,,,,
,,,29,,29,,,,,,,,29,,,,,,,,,,,,29,,29,,,,,29,,,29,,,,,,,,,,,,,,,,,,,,,,,,,,,,,
,,5,,5,,,,,,,,,5,,5,,,,,,,,,5,,5,,,,,,,5,5,,,,,,,,,,,,,,,,,,,,,,,,,,,,,,
,,39,,,39,,,,,,,,,39,,39,,,,,,,,,39,,39,,,,,,39,,39,,,,,,,,,,,,,,,,,,,,,,,,,,,,,
,,39,,,39,,,,,,,,,39,,39,,,,,,,,,39,,39,,,,,,39,,39,,,,,,,,,,,,,,,,,,,,,,,,,,,,,
,,,49,49,,,,,,,,,49,,49,,,,,,,,,,49,49,,,,,,49,,49,,,,,,,,,,,,,,,,,,,,,,,,,,,,,,
,,,38,,38,,,,,,,,38,,,38,,,,,,,,,38,,38,,,,,38,,,38,,,,,,,,,,,,,,,,,,,,,,,,,,,,,
,,,9,9,,,,,,,,,9,,9,,,,,,,,,,9,9,,,,,,9,,9,,,,,,,,,,,,,,,,,,,,,,,,,,,,,,
,,,45,45,,,,,,,,,45,,45,,,,,,,,,,45,45,,,,,,,45,45,,,,,,,,,,,,,,,,,,,,,,,,,,,,,,
,,19,,19,,,,,,,,,,19,19,,,,,,,,,,19,19,,,,,,,19,19,,,,,,,,,,,,,,,,,,,,,,,,,,,,,,
,,,18,18,,,,,,,,,18,,18,,,,,,,,,,18,18,,,,,,18,,18,,,,,,,,,,,,,,,,,,,,,,,,,,,,,,
,,,29,,29,,,,,,,,29,,,,,,,,,,,,29,,29,,,,,29,,,29,,,,,,,,,,,,,,,,,,,,,,,,,,,,,
,,,16,,16,,,,,,,,16,,,16,,,,,,,,,16,,16,,,,,,16,,16,,,,,,,,,,,,,,,,,,,,,,,,,,,,,
,,39,,,39,,,,,,,,,39,,39,,,,,,,,,39,,39,,,,,,39,,39,,,,,,,,,,,,,,,,,,,,,,,,,,,,,
,,12,,,12,,,,,,,,12,,,12,,,,,,,,12,,,12,,,,,12,,,12,,,,,,,,,,,,,,,,,,,,,,,,,,,,,
,,,49,49,,,,,,,,,49,,49,,,,,,,,,,49,49,,,,,,49,,49,,,,,,,,,,,,,,,,,,,,,,,,,,,,,,
,,,20,,20,,,,,,,,20,,,20,,,,,,,,,20,,20,,,,,20,,,20,,,,,,,,,,,,,,,,,,,,,,,,,,,,,
,,,9,9,,,,,,,,,9,,9,,,,,,,,,,9,9,,,,,,9,,9,,,,,,,,,,,,,,,,,,,,,,,,,,,,,,
,,6,,6,,,,,,,,,,6,6,,,,,,,,,,6,6,,,,,,6,,6,,,,,,,,,,,,,,,,,,,,,,,,,,,,,,
,,19,,19,,,,,,,,,,19,19,,,,,,,,,,19,19,,,,,,,19,19,,,,,,,,,,,,,,,,,,,,,,,,,,,,,,
,,,36,36,,,,,,,,,36,,36,,,,,,,,,,36,36,,,,,,,36,36,,,,,,,,,,,,,,,,,,,,,,,,,,,,,,
,,,29,,29,,,,,,,,29,,,,,,,,,,,,29,,29,,,,,29,,,29,,,,,,,,,,,,,,,,,,,,,,,,,,,,,
,,,47,,47,,,,,,,,47,,,47,,,,,,,,,47,,47,,,,,,47,,47,,,,,,,,,,,,,,,,,,,,,,,,,,,,,
,,39,,,39,,,,,,,,,39,,39,,,,,,,,,39,,39,,,,,,39,,39,,,,,,,,,,,,,,,,,,,,,,,,,,,,,
,,41,,41,,,,,,,,,41,,41,,,,,,,,,41,,41,,,,,,41,,41,,,,,,,,,,,,,,,,,,,,,,,,,,,,,,
,,,49,49,,,,,,,,,49,,49,,,,,,,,,,49,49,,,,,,49,,49,,,,,,,,,,,,,,,,,,,,,,,,,,,,,,
,,26,,,26,,,,,,,,,26,,26,,,,,,,,,26,,26,,,,,26,,,26,,,,,,,,,,,,,,,,,,,,,,,,,,,,,
,,,9,9,,,,,,,,,9,,9,,,,,,,,,,9,9,,,,,,9,,9,,,,,,,,,,,,,,,,,,,,,,,,,,,,,,
,,17,,,17,,,,,,,,,17,,17,,,,,,,,,17,,17,,,,,17,,,17,,,,,,,,,,,,,,,,,,,,,,,,,,,,,
,,19,,19,,,,,,,,,,19,19,,,,,,,,,,19,19,,,,,,,19,19,,,,,,,,,,,,,,,,,,,,,,,,,,,,,,
,,37,,37,,,,,,,,,,37,37,,,,,,,,,,37,37,,,,,,37,,37,,,,,,,,,,,,,,,,,,,,,,,,,,,,,,
,,,29,,29,,,,,,,,29,,,,,,,,,,,,29,,29,,,,,29,,,29,,,,,,,,,,,,,,,,,,,,,,,,,,,,,
,,,49,49,,,,,,,,,49,,49,,,,,,,,,,49,49,,,,,,49,,49,,,,,,,,,,,,,,,,,,,,,,,,,,,,,,
,,39,,,39,,,,,,,,,39,,39,,,,,,,,,39,,39,,,,,,39,,39,,,,,,,,,,,,,,,,,,,,,,,,,,,,,
,,34,,,34,,,,,,,,34,,,34,,,,,,,,34,,,34,,,,,,34,,34,,,,,,,,,,,,,,,,,,,,,,,,,,,,,
,,,9,9,,,,,,,,,9,,9,,,,,,,,,,9,9,,,,,,9,,9,,,,,,,,,,,,,,,,,,,,,,,,,,,,,,
,,26,,,26,,,,,,,,,26,,26,,,,,,,,,26,,26,,,,,26,,,26,,,,,,,,,,,,,,,,,,,,,,,,,,,,,
,,19,,19,,,,,,,,,,19,19,,,,,,,,,,19,19,,,,,,,19,19,,,,,,,,,,,,,,,,,,,,,,,,,,,,,,
,,,40,,40,,,,,,,,40,,40,,,,,,,,,,40,40,,,,,,40,,40,,,,,,,,,,,,,,,,,,,,,,,,,,,,,,
,,,29,,29,,,,,,,,29,,,,,,,,,,,,29,,29,,,,,29,,,29,,,,,,,,,,,,,,,,,,,,,,,,,,,,,
,,,29,,29,,,,,,,,29,,,,,,,,,,,,29,,29,,,,,29,,,29,,,,,,,,,,,,,,,,,,,,,,,,,,,,,
,,39,,,39,,,,,,,,,39,,39,,,,,,,,,39,,39,,,,,,39,,39,,,,,,,,,,,,,,,,,,,,,,,,,,,,,
,,25,,,25,,,,,,,,25,,,25,,,,,,,,25,,,25,,,,,,25,,25,,,,,,,,,,,,,,,,,,,,,,,,,,,,,
,,,49,49,,,,,,,,,49,,49,,,,,,,,,,49,49,,,,,,49,,49,,,,,,,,,,,,,,,,,,,,,,,,,,,,,,
,,,2,2,,,,,,,,,,2,2,,,,,,,,,2,,2,,,,,,,2,2,,,,,,,,,,,,,,,,,,,,,,,,,,,,,,
,,,9,9,,,,,,,,,9,,9,,,,,,,,,,9,9,,,,,,9,,9,,,,,,,,,,,,,,,,,,,,,,,,,,,,,,
,,,47,,47,,,,,,,,47,,,47,,,,,,,,,47,,47,,,,,,47,,47,,,,,,,,,,,,,,,,,,,,,,,,,,,,,
,,19,,19,,,,,,,,,,19,19,,,,,,,,,,19,19,,,,,,,19,19,,,,,,,,,,,,,,,,,,,,,,,,,,,,,,
,,,15,15,,,,,,,,,,15,15,,,,,,,,,15,,15,,,,,,15,,15,,,,,,,,,,,,,,,,,,,,,,,,,,,,,,
