,,3,,3,,,,,,,,,3,,3,,,,,,,,,3,,3,,,,,,,,,,3,3,,,,,,,,,,,,,,,,,,,,,,,,,,,
,,4,,,4,,,,,,,,,4,,4,,,,,,,,,4,,4,,,,,,,,4,,,4,,,,,,,,,,,,,,,,,,,,,,,,,,
,,,8,8,,,,,,,,,8,,8,,,,,,,,,,8,8,,,,,,,,,8,,8,,,,,,,,,,,,,,,,,,,,,,,,,,,
,,5,,5,,,,,,,,,,5,5,,,,,,,,,,5,5,,,,,,,,,5,,5,,,,,,,,,,,,,,,,,,,,,,,,,,,
,,2,,,2,,,,,,,,2,,,2,,,,,,,,2,,,2,,,,,,,,,2,,2,,,,,,,,,,,,,,,,,,,,,,,,,,
,,15,,,15,,,,,,,,,15,,15,,,,,,,,,15,,15,,,,,,,,15,,,15,,,,,,,,,,,,,,,,,,,,,,,,,,
,,13,,,13,,,,,,,,13,,,13,,,,,,,,13,,,13,,,,,,,,,13,,13,,,,,,,,,,,,,,,,,,,,,,,,,,
,,25,,25,,,,,,,,,,25,25,,,,,,,,,,25,25,,,,,,,,,25,,25,,,,,,,,,,,,,,,,,,,,,,,,,,,
,,,7,,7,,,,,,,,7,,,7,,,,,,,,,7,,7,,,,,,,,7,,,7,,,,,,,,,,,,,,,,,,,,,,,,,,
,,35,,,35,,,,,,,,,35,,35,,,,,,,,,35,,35,,,,,,,,35,,,35,,,,,,,,,,,,,,,,,,,,,,,,,,
,,,30,30,,,,,,,,,,30,,30,,,,,,,,30,,30,,,,,,,,,,30,30,,,,,,,,,,,,,,,,,,,,,,,,,,,
,,45,,45,,,,,,,,,,45,45,,,,,,,,,,45,45,,,,,,,,,45,,45,,,,,,,,,,,,,,,,,,,,,,,,,,,
,,25,,25,,,,,,,,,,25,25,,,,,,,,,,25,25,,,,,,,,,25,,25,,,,,,,,,,,,,,,,,,,,,,,,,,,
,,5,,5,,,,,,,,,,5,5,,,,,,,,,,5,5,,,,,,,,,5,,5,,,,,,,,,,,,,,,,,,,,,,,,,,,
,,44,,,44,,,,,,,,,44,,44,,,,,,,,,44,,44,,,,,,,,44,,,44,,,,,,,,,,,,,,,,,,,,,,,,,,
,,15,,,15,,,,,,,,,15,,15,,,,,,,,,15,,15,,,,,,,,15,,,15,,,,,,,,,,,,,,,,,,,,,,,,,,
,,,27,,27,,,,,,,,27,,,27,,,,,,,,,27,,27,,,,,,,,27,,,27,,,,,,,,,,,,,,,,,,,,,,,,,,
,,25,,25,,,,,,,,,,25,25,,,,,,,,,,25,25,,,,,,,,,25,,25,,,,,,,,,,,,,,,,,,,,,,,,,,,
,,42,,,42,,,,,,,,42,,,42,,,,,,,,42,,,42,,,,,,,,,42,,42,,,,,,,,,,,,,,,,,,,,,,,,,,
,,35,,,35,,,,,,,,,35,,35,,,,,,,,,35,,35,,,,,,,,35,,,35,,,,,,,,,,,,,,,,,,,,,,,,,,
,,,37,37,,,,,,,,,37,,37,,,,,,,,,,37,37,,,,,,,,,37,,37,,,,,,,,,,,,,,,,,,,,,,,,,,,
,,45,,45,,,,,,,,,,45,45,,,,,,,,,,45,45,,,,,,,,,45,,45,,,,,,,,,,,,,,,,,,,,,,,,,,,
,,15,,,15,,,,,,,,,15,,15,,,,,,,,,15,,15,,,,,,,,15,,,15,,,,,,,,,,,,,,,,,,,,,,,,,,
,,5,,5,,,,,,,,,,5,5,,,,,,,,,,5,5,,,,,,,,,5,,5,,,,,,,,,,,,,,,,,,,,,,,,,,,
,,15,,,15,,,,,,,,,15,,15,,,,,,,,,15,,15,,,,,,,,15,,,15,,,,,,,,,,,,,,,,,,,,,,,,,,
,,15,,,15,,,,,,,,,15,,15,,,,,,,,,15,,15,,,,,,,,15,,,15,,,,,,,,,,,,,,,,,,,,,,,,,,
,,35,,,35,,,,,,,,,35,,35,,,,,,,,,35,,35,,,,,,,,35,,,35,,,,,,,,,,,,,,,,,,,,,,,,,,
,,25,,25,,,,,,,,,,25,25,,,,,,,,,,25,25,,,,,,,,,25,,25,,,,,,,,,,,,,,,,,,,,,,,,,,,
,,,37,37,,,,,,,,,37,,37,,,,,,,,,,37,37,,,,,,,,,37,,37,,,,,,,,,,,,,,,,,,,,,,,,,,,
,,35,,,35,,,,,,,,,35,,35,,,,,,,,,35,,35,,,,,,,,35,,,35,,,,,,,,,,,,,,,,,,,,,,,,,,
,,25,,25,,,,,,,,,,25,25,,,,,,,,,,25,25,,,,,,,,,25,,25,,,,,,,,,,,,,,,,,,,,,,,,,,,
,,45,,45,,,,,,,,,,45,45,,,,,,,,,,45,45,,,,,,,,,45,,45,,,,,,,,,,,,,,,,,,,,,,,,,,,
,,,10,10,,,,,,,,,,10,,10,,,,,,,,10,,10,,,,,,,,,,10,10,,,,,,,,,,,,,,,,,,,,,,,,,,,
,,5,,5,,,,,,,,,,5,5,,,,,,,,,,5,5,,,,,,,,,5,,5,,,,,,,,,,,,,,,,,,,,,,,,,,,
,,13,,,13,,,,,,,,13,,,13,,,,,,,,13,,,13,,,,,,,,,13,,13,,,,,,,,,,,,,,,,,,,,,,,,,,
,,15,,,15,,,,,,,,,15,,15,,,,,,,,,15,,15,,,,,,,,15,,,15,,,,,,,,,,,,,,,,,,,,,,,,,,
,,,46,46,,,,,,,,,46,,46,,,,,,,,,,46,46,,,,,,,,,46,,46,,,,,,,,,,,,,,,,,,,,,,,,,,,
,,25,,25,,,,,,,,,,25,25,,,,,,,,,,25,25,,,,,,,,,25,,25,,,,,,,,,,,,,,,,,,,,,,,,,,,
,,12,,12,,,,,,,,,12,,12,,,,,,,,,12,,12,,,,,,,,,,12,12,,,,,,,,,,,,,,,,,,,,,,,,,,,
,,35,,,35,,,,,,,,,35,,35,,,,,,,,,35,,35,,,,,,,,35,,,35,,,,,,,,,,,,,,,,,,,,,,,,,,
,,,37,37,,,,,,,,,37,,37,,,,,,,,,,37,37,,,,,,,,,37,,37,,,,,,,,,,,,,,,,,,,,,,,,,,,
,,45,,45,,,,,,,,,,45,45,,,,,,,,,,45,45,,,,,,,,,45,,45,,,,,,,,,,,,,,,,,,,,,,,,,,,
,,,46,46,,,,,,,,,46,,46,,,,,,,,,,46,46,,,,,,,,,46,,46,,,,,,,,,,,,,,,,,,,,,,,,,,,
,,5,,5,,,,,,,,,,5,5,,,,,,,,,,5,5,,,,,,,,,5,,5,,,,,,,,,,,,,,,,,,,,,,,,,,,
,,1,,1,,,,,,,,,1,,1,,,,,,,,,1,,1,,,,,,,,,1,,1,,,,,,,,,,,,,,,,,,,,,,,,,,,
,,15,,,15,,,,,,,,,15,,15,,,,,,,,,15,,15,,,,,,,,15,,,15,,,,,,,,,,,,,,,,,,,,,,,,,,
,,12,,12,,,,,,,,,12,,12,,,,,,,,,12,,12,,,,,,,,,,12,12,,,,,,,,,,,,,,,,,,,,,,,,,,,
,,25,,25,,,,,,,,,,25,25,,,,,,,,,,25,25,,,,,,,,,25,,25,,,,,,,,,,,,,,,,,,,,,,,,,,,
,,,48,48,,,,,,,,,,48,,48,,,,,,,,48,,48,,,,,,,,,48,,48,,,,,,,,,,,,,,,,,,,,,,,,,,,
,,35,,,35,,,,,,,,,35,,35,,,,,,,,,35,,35,,,,,,,,35,,,35,,,,,,,,,,,,,,,,,,,,,,,,,,
,,,17,17,,,,,,,,,17,,17,,,,,,,,,,17,17,,,,,,,,,17,,17,,,,,,,,,,,,,,,,,,,,,,,,,,,
,,45,,45,,,,,,,,,,45,45,,,,,,,,,,45,45,,,,,,,,,45,,45,,,,,,,,,,,,,,,,,,,,,,,,,,,
,,,46,46,,,,,,,,,46,,46,,,,,,,,,,46,46,,,,,,,,,46,,46,,,,,,,,,,,,,,,,,,,,,,,,,,,
,,5,,5,,,,,,,,,,5,5,,,,,,,,,,5,5,,,,,,,,,5,,5,,,,,,,,,,,,,,,,,,,,,,,,,,,
,,34,,34,,,,,,,,,,34,34,,,,,,,,,,34,34,,,,,,,,,34,,34,,,,,,,,,,,,,,,,,,,,,,,,,,,
,,15,,,15,,,,,,,,,15,,15,,,,,,,,,15,,15,,,,,,,,15,,,15,,,,,,,,,,,,,,,,,,,,,,,,,,
,,,46,46,,,,,,,,,46,,46,,,,,,,,,,46,46,,,,,,,,,46,,46,,,,,,,,,,,,,,,,,,,,,,,,,,,
,,25,,25,,,,,,,,,,25,25,,,,,,,,,,25,25,,,,,,,,,25,,25,,,,,,,,,,,,,,,,,,,,,,,,,,,
,,,10,10,,,,,,,,,,10,,10,,,,,,,,10,,10,,,,,,,,,,10,10,,,,,,,,,,,,,,,,,,,,,,,,,,,
,,35,,,35,,,,,,,,,35,,35,,,,,,,,,35,,35,,,,,,,,35,,,35,,,,,,,,,,,,,,,,,,,,,,,,,,
,,2,,,2,,,,,,,,2,,,2,,,,,,,,2,,,2,,,,,,,,,2,,2,,,,,,,,,,,,,,,,,,,,,,,,,,
,,45,,45,,,,,,,,,,45,45,,,,,,,,,,45,45,,,,,,,,,45,,45,,,,,,,,,,,,,,,,,,,,,,,,,,,
,,,6,6,,,,,,,,,6,,6,,,,,,,,,,6,6,,,,,,,,,,6,6,,,,,,,,,,,,,,,,,,,,,,,,,,,
,,5,,5,,,,,,,,,,5,5,,,,,,,,,,5,5,,,,,,,,,5,,5,,,,,,,,,,,,,,,,,,,,,,,,,,,
,,14,,14,,,,,,,,,,14,14,,,,,,,,,,14,14,,,,,,,,,14,,14,,,,,,,,,,,,,,,,,,,,,,,,,,,
,,15,,,15,,,,,,,,,15,,15,,,,,,,,,15,,15,,,,,,,,15,,,15,,,,,,,,,,,,,,,,,,,,,,,,,,
,,,26,26,,,,,,,,,26,,26,,,,,,,,,,26,26,,,,,,,,,,26,26,,,,,,,,,,,,,,,,,,,,,,,,,,,
,,25,,25,,,,,,,,,,25,25,,,,,,,,,,25,25,,,,,,,,,25,,25,,,,,,,,,,,,,,,,,,,,,,,,,,,
,,24,,,24,,,,,,,,,24,,24,,,,,,,,,24,,24,,,,,,,,24,,,24,,,,,,,,,,,,,,,,,,,,,,,,,,
,,35,,,35,,,,,,,,,35,,35,,,,,,,,,35,,35,,,,,,,,35,,,35,,,,,,,,,,,,,,,,,,,,,,,,,,
,,,17,17,,,,,,,,,17,,17,,,,,,,,,,17,17,,,,,,,,,17,,17,,,,,,,,,,,,,,,,,,,,,,,,,,,
,,45,,45,,,,,,,,,,45,45,,,,,,,,,,45,45,,,,,,,,,45,,45,,,,,,,,,,,,,,,,,,,,,,,,,,,
,,,10,10,,,,,,,,,,10,,10,,,,,,,,10,,10,,,,,,,,,,10,10,,,,,,,,,,,,,,,,,,,,,,,,,,,
,,5,,5,,,,,,,,,,5,5,,,,,,,,,,5,5,,,,,,,,,5,,5,,,,,,,,,,,,,,,,,,,,,,,,,,,
,,,8,8,,,,,,,,,8,,8,,,,,,,,,,8,8,,,,,,,,,8,,8,,,,,,,,,,,,,,,,,,,,,,,,,,,
,,25,,25,,,,,,,,,,25,25,,,,,,,,,,25,25,,,,,,,,,25,,25,,,,,,,,,,,,,,,,,,,,,,,,,,,
,,,7,,7,,,,,,,,7,,,7,,,,,,,,,7,,7,,,,,,,,7,,,7,,,,,,,,,,,,,,,,,,,,,,,,,,
