,,3,,,3,,,,,,,,3,,,3,,,,,,,,3,,,3,,,,,,3,,,3,,,,,,,,,,,,,,,,,,,,,,,,,,,,
,,4,,,4,,,,,,,,4,,,4,,,,,,,,4,,,4,,,,,,4,,,4,,,,,,,,,,,,,,,,,,,,,,,,,,,,
,,10,,,10,,,,,,,,10,,,10,,,,,,,,10,,,10,,,,,,10,,,10,,,,,,,,,,,,,,,,,,,,,,,,,,,,
,,13,,13,,,,,,,,,13,,13,,,,,,,,,13,,13,,,,,,,13,,13,,,,,,,,,,,,,,,,,,,,,,,,,,,,,
,,,47,47,,,,,,,,,,47,,47,,,,,,,,47,,47,,,,,,,,47,47,,,,,,,,,,,,,,,,,,,,,,,,,,,,,
,,14,,,14,,,,,,,,,14,,14,,,,,,,,,14,,14,,,,,,,14,,14,,,,,,,,,,,,,,,,,,,,,,,,,,,,
,,15,,15,,,,,,,,,,15,15,,,,,,,,,,15,15,,,,,,,,15,15,,,,,,,,,,,,,,,,,,,,,,,,,,,,,
,,41,,41,,,,,,,,,,41,41,,,,,,,,,,41,41,,,,,,,,41,41,,,,,,,,,,,,,,,,,,,,,,,,,,,,,
,,13,,13,,,,,,,,,13,,13,,,,,,,,,13,,13,,,,,,,13,,13,,,,,,,,,,,,,,,,,,,,,,,,,,,,,
,,2,,2,,,,,,,,,2,,2,,,,,,,,,2,,2,,,,,,,2,,2,,,,,,,,,,,,,,,,,,,,,,,,,,,,,
,,14,,,14,,,,,,,,,14,,14,,,,,,,,,14,,14,,,,,,,14,,14,,,,,,,,,,,,,,,,,,,,,,,,,,,,
,,,44,44,,,,,,,,,44,,44,,,,,,,,,,44,44,,,,,,,44,,44,,,,,,,,,,,,,,,,,,,,,,,,,,,,,
,,15,,15,,,,,,,,,,15,15,,,,,,,,,,15,15,,,,,,,,15,15,,,,,,,,,,,,,,,,,,,,,,,,,,,,,
,,31,,31,,,,,,,,,,31,31,,,,,,,,,,31,31,,,,,,,,31,31,,,,,,,,,,,,,,,,,,,,,,,,,,,,,
,,13,,13,,,,,,,,,13,,13,,,,,,,,,13,,13,,,,,,,13,,13,,,,,,,,,,,,,,,,,,,,,,,,,,,,,
,,23,,23,,,,,,,,,,23,23,,,,,,,,,,23,23,,,,,,,,23,23,,,,,,,,,,,,,,,,,,,,,,,,,,,,,
,,14,,,14,,,,,,,,,14,,14,,,,,,,,,14,,14,,,,,,,14,,14,,,,,,,,,,,,,,,,,,,,,,,,,,,,
,,3,,,3,,,,,,,,3,,,3,,,,,,,,3,,,3,,,,,,3,,,3,,,,,,,,,,,,,,,,,,,,,,,,,,,,
,,15,,15,,,,,,,,,,15,15,,,,,,,,,,15,15,,,,,,,,15,15,,,,,,,,,,,,,,,,,,,,,,,,,,,,,
,,,44,44,,,,,,,,,44,,44,,,,,,,,,,44,44,,,,,,,44,,44,,,,,,,,,,,,,,,,,,,,,,,,,,,,,
,,13,,13,,,,,,,,,13,,13,,,,,,,,,13,,13,,,,,,,13,,13,,,,,,,,,,,,,,,,,,,,,,,,,,,,,
,,15,,15,,,,,,,,,,15,15,,,,,,,,,,15,15,,,,,,,,15,15,,,,,,,,,,,,,,,,,,,,,,,,,,,,,
,,14,,,14,,,,,,,,,14,,14,,,,,,,,,14,,14,,,,,,,14,,14,,,,,,,,,,,,,,,,,,,,,,,,,,,,
,,,49,,49,,,,,,,,,49,49,,,,,,,,,49,,,49,,,,,,,49,,49,,,,,,,,,,,,,,,,,,,,,,,,,,,,
,,15,,15,,,,,,,,,,15,15,,,,,,,,,,15,15,,,,,,,,15,15,,,,,,,,,,,,,,,,,,,,,,,,,,,,,
,,33,,33,,,,,,,,,,33,33,,,,,,,,,,33,33,,,,,,,,33,33,,,,,,,,,,,,,,,,,,,,,,,,,,,,,
,,13,,13,,,,,,,,,13,,13,,,,,,,,,13,,13,,,,,,,13,,13,,,,,,,,,,,,,,,,,,,,,,,,,,,,,
,,5,,5,,,,,,,,,,5,5,,,,,,,,,,5,5,,,,,,,,5,5,,,,,,,,,,,,,,,,,,,,,,,,,,,,,
,,14,,,14,,,,,,,,,14,,14,,,,,,,,,14,,14,,,,,,,14,,14,,,,,,,,,,,,,,,,,,,,,,,,,,,,
,,,39,,39,,,,,,,,,39,39,,,,,,,,,39,,,39,,,,,,,39,,39,,,,,,,,,,,,,,,,,,,,,,,,,,,,
,,15,,15,,,,,,,,,,15,15,,,,,,,,,,15,15,,,,,,,,15,15,,,,,,,,,,,,,,,,,,,,,,,,,,,,,
,,,38,,38,,,,,,,,,38,38,,,,,,,,,38,,,38,,,,,,,38,,38,,,,,,,,,,,,,,,,,,,,,,,,,,,,
,,13,,13,,,,,,,,,13,,13,,,,,,,,,13,,13,,,,,,,13,,13,,,,,,,,,,,,,,,,,,,,,,,,,,,,,
,,,45,,45,,,,,,,,,45,45,,,,,,,,,45,,,45,,,,,,,45,,45,,,,,,,,,,,,,,,,,,,,,,,,,,,,
,,14,,,14,,,,,,,,,14,,14,,,,,,,,,14,,14,,,,,,,14,,14,,,,,,,,,,,,,,,,,,,,,,,,,,,,
,,,18,18,,,,,,,,,18,,18,,,,,,,,,,18,18,,,,,,,18,,18,,,,,,,,,,,,,,,,,,,,,,,,,,,,,
,,15,,15,,,,,,,,,,15,15,,,,,,,,,,15,15,,,,,,,,15,15,,,,,,,,,,,,,,,,,,,,,,,,,,,,,
,,,16,16,,,,,,,,,16,,16,,,,,,,,,,16,16,,,,,,,16,,16,,,,,,,,,,,,,,,,,,,,,,,,,,,,,
,,13,,13,,,,,,,,,13,,13,,,,,,,,,13,,13,,,,,,,13,,13,,,,,,,,,,,,,,,,,,,,,,,,,,,,,
,,12,,12,,,,,,,,,12,,12,,,,,,,,,12,,12,,,,,,,12,,12,,,,,,,,,,,,,,,,,,,,,,,,,,,,,
,,14,,,14,,,,,,,,,14,,14,,,,,,,,,14,,14,,,,,,,14,,14,,,,,,,,,,,,,,,,,,,,,,,,,,,,
,,20,,20,,,,,,,,,20,,20,,,,,,,,,20,,20,,,,,,,20,,20,,,,,,,,,,,,,,,,,,,,,,,,,,,,,
,,15,,15,,,,,,,,,,15,15,,,,,,,,,,15,15,,,,,,,,15,15,,,,,,,,,,,,,,,,,,,,,,,,,,,,,
,,6,,,6,,,,,,,,,6,,6,,,,,,,,,6,,6,,,,,,,6,,6,,,,,,,,,,,,,,,,,,,,,,,,,,,,
,,13,,13,,,,,,,,,13,,13,,,,,,,,,13,,13,,,,,,,13,,13,,,,,,,,,,,,,,,,,,,,,,,,,,,,,
,,,36,36,,,,,,,,,,36,,36,,,,,,,,36,,36,,,,,,,,36,36,,,,,,,,,,,,,,,,,,,,,,,,,,,,,
,,14,,,14,,,,,,,,,14,,14,,,,,,,,,14,,14,,,,,,,14,,14,,,,,,,,,,,,,,,,,,,,,,,,,,,,
,,,47,47,,,,,,,,,,47,,47,,,,,,,,47,,47,,,,,,,,47,47,,,,,,,,,,,,,,,,,,,,,,,,,,,,,
,,15,,15,,,,,,,,,,15,15,,,,,,,,,,15,15,,,,,,,,15,15,,,,,,,,,,,,,,,,,,,,,,,,,,,,,
,,41,,41,,,,,,,,,,41,41,,,,,,,,,,41,41,,,,,,,,41,41,,,,,,,,,,,,,,,,,,,,,,,,,,,,,
,,13,,13,,,,,,,,,13,,13,,,,,,,,,13,,13,,,,,,,13,,13,,,,,,,,,,,,,,,,,,,,,,,,,,,,,
,,,26,26,,,,,,,,,26,,26,,,,,,,,,,26,26,,,,,,,26,,26,,,,,,,,,,,,,,,,,,,,,,,,,,,,,
,,14,,,14,,,,,,,,,14,,14,,,,,,,,,14,,14,,,,,,,14,,14,,,,,,,,,,,,,,,,,,,,,,,,,,,,
,,,17,,17,,,,,,,,17,,,17,,,,,,,,,17,,17,,,,,,17,,,17,,,,,,,,,,,,,,,,,,,,,,,,,,,,
,,15,,15,,,,,,,,,,15,15,,,,,,,,,,15,15,,,,,,,,15,15,,,,,,,,,,,,,,,,,,,,,,,,,,,,,
,,,37,37,,,,,,,,,,37,,37,,,,,,,,37,,37,,,,,,,,37,37,,,,,,,,,,,,,,,,,,,,,,,,,,,,,
,,13,,13,,,,,,,,,13,,13,,,,,,,,,13,,13,,,,,,,13,,13,,,,,,,,,,,,,,,,,,,,,,,,,,,,,
,,,49,,49,,,,,,,,,49,49,,,,,,,,,49,,,49,,,,,,,49,,49,,,,,,,,,,,,,,,,,,,,,,,,,,,,
,,14,,,14,,,,,,,,,14,,14,,,,,,,,,14,,14,,,,,,,14,,14,,,,,,,,,,,,,,,,,,,,,,,,,,,,
,,,34,34,,,,,,,,,34,,34,,,,,,,,,,34,34,,,,,,,34,,34,,,,,,,,,,,,,,,,,,,,,,,,,,,,,
,,15,,15,,,,,,,,,,15,15,,,,,,,,,,15,15,,,,,,,,15,15,,,,,,,,,,,,,,,,,,,,,,,,,,,,,
,,,26,26,,,,,,,,,26,,26,,,,,,,,,,26,26,,,,,,,26,,26,,,,,,,,,,,,,,,,,,,,,,,,,,,,,
,,13,,13,,,,,,,,,13,,13,,,,,,,,,13,,13,,,,,,,13,,13,,,,,,,,,,,,,,,,,,,,,,,,,,,,,
,,40,,,40,,,,,,,,,40,,40,,,,,,,,,40,,40,,,,,,,40,,40,,,,,,,,,,,,,,,,,,,,,,,,,,,,
,,14,,,14,,,,,,,,,14,,14,,,,,,,,,14,,14,,,,,,,14,,14,,,,,,,,,,,,,,,,,,,,,,,,,,,,
,,,29,29,,,,,,,,,,29,,29,,,,,,,,29,,29,,,,,,,,29,29,,,,,,,,,,,,,,,,,,,,,,,,,,,,,
,,15,,15,,,,,,,,,,15,15,,,,,,,,,,15,15,,,,,,,,15,15,,,,,,,,,,,,,,,,,,,,,,,,,,,,,
,,,25,,25,,,,,,,,25,,,25,,,,,,,,,25,,25,,,,,,25,,,25,,,,,,,,,,,,,,,,,,,,,,,,,,,,
,,13,,13,,,,,,,,,13,,13,,,,,,,,,13,,13,,,,,,,13,,13,,,,,,,,,,,,,,,,,,,,,,,,,,,,,
,,2,,2,,,,,,,,,2,,2,,,,,,,,,2,,2,,,,,,,2,,2,,,,,,,,,,,,,,,,,,,,,,,,,,,,,
,,14,,,14,,,,,,,,,14,,14,,,,,,,,,14,,14,,,,,,,14,,14,,,,,,,,,,,,,,,,,,,,,,,,,,,,
,,,47,47,,,,,,,,,,47,,47,,,,,,,,47,,47,,,,,,,,47,47,,,,,,,,,,,,,,,,,,,,,,,,,,,,,
,,15,,15,,,,,,,,,,15,15,,,,,,,,,,15,15,,,,,,,,15,15,,,,,,,,,,,,,,,,,,,,,,,,,,,,,
,,15,,15,,,,,,,,,,15,15,,,,,,,,,,15,15,,,,,,,,15,15,,,,,,,,,,,,,,,,,,,,,,,,,,,,,
