,,,,,,,,,,,,,,,,,,,,,,,,,,,,,,,,,,,,,,,,,,,,,,,,,,,,,,,,,,,,,,,,,-1,-1
,,1,10,1,3,,,,,,,,-1,-1,-1,-1,,,,,,,,1,10,1,3,,,,,,,,-1,-1,-1,-1,,,,,,,,,,,,,,,,,,,,,,,,,,,-1,-1
,,3,12,10,12,,,,,,,,-1,-1,-1,-1,,,,,,,,3,12,10,12,,,,,,,,-1,-1,-1,-1,,,,,,,,,,,,,,,,,,,,,,,,,,,-1,-1
,,21,30,21,5,,,,,,,,-1,-1,-1,-1,,,,,,,,21,30,21,5,,,,,,,,-1,-1,-1,-1,,,,,,,,,,,,,,,,,,,,,,,,,,,-1,-1
,,5,14,30,14,,,,,,,,-1,-1,-1,-1,,,,,,,,5,14,30,14,,,,,,,,-1,-1,-1,-1,,,,,,,,,,,,,,,,,,,,,,,,,,,-1,-1
,,23,41,23,32,,,,,,,,-1,-1,-1,-1,,,,,,,,23,41,23,32,,,,,,,,-1,-1,-1,-1,,,,,,,,,,,,,,,,,,,,,,,,,,,-1,-1
,,32,7,41,7,,,,,,,,-1,-1,-1,-1,,,,,,,,32,7,41,7,,,,,,,,-1,-1,-1,-1,,,,,,,,,,,,,,,,,,,,,,,,,,,-1,-1
,,16,25,16,34,,,,,,,,-1,-1,-1,-1,,,,,,,,16,25,16,34,,,,,,,,-1,-1,-1,-1,,,,,,,,,,,,,,,,,,,,,,,,,,,-1,-1
,,34,43,25,43,,,,,,,,-1,-1,-1,-1,,,,,,,,34,43,25,43,,,,,,,,-1,-1,-1,-1,,,,,,,,,,,,,,,,,,,,,,,,,,,-1,-1
,,9,18,9,27,,,,,,,,-1,-1,-1,-1,,,,,,,,9,18,9,27,,,,,,,,-1,-1,-1,-1,,,,,,,,,,,,,,,,,,,,,,,,,,,-1,-1
,,27,36,18,36,,,,,,,,-1,-1,-1,-1,,,,,,,,27,36,18,36,,,,,,,,-1,-1,-1,-1,,,,,,,,,,,,,,,,,,,,,,,,,,,-1,-1
,,45,29,45,38,,,,,,,,-1,-1,-1,-1,,,,,,,,45,29,45,38,,,,,,,,-1,-1,-1,-1,,,,,,,,,,,,,,,,,,,,,,,,,,,-1,-1
,,38,47,29,47,,,,,,,,-1,-1,-1,-1,,,,,,,,38,47,29,47,,,,,,,,-1,-1,-1,-1,,,,,,,,,,,,,,,,,,,,,,,,,,,-1,-1
,,49,2,49,11,,,,,,,,-1,-1,-1,-1,,,,,,,,2,49,2,20,,,,,,,,-1,-1,-1,-1,,,,,,,,,,,,,,,,,,,,,,,,,,,-1,-1
,,11,20,2,20,,,,,,,,-1,-1,-1,-1,,,,,,,,20,11,49,11,,,,,,,,-1,-1,-1,-1,,,,,,,,,,,,,,,,,,,,,,,,,,,-1,-1
,,4,13,4,22,,,,,,,,-1,-1,-1,-1,,,,,,,,13,4,13,31,,,,,,,,-1,-1,-1,-1,,,,,,,,,,,,,,,,,,,,,,,,,,,-1,-1
,,22,31,13,31,,,,,,,,-1,-1,-1,-1,,,,,,,,31,22,4,22,,,,,,,,-1,-1,-1,-1,,,,,,,,,,,,,,,,,,,,,,,,,,,-1,-1
,,40,6,40,15,,,,,,,,-1,-1,-1,-1,,,,,,,,6,40,6,24,,,,,,,,-1,-1,-1,-1,,,,,,,,,,,,,,,,,,,,,,,,,,,-1,-1
,,15,24,6,24,,,,,,,,-1,-1,-1,-1,,,,,,,,24,15,40,15,,,,,,,,-1,-1,-1,-1,,,,,,,,,,,,,,,,,,,,,,,,,,,-1,-1
,,33,42,33,8,,,,,,,,-1,-1,-1,-1,,,,,,,,42,33,42,17,,,,,,,,-1,-1,-1,-1,,,,,,,,,,,,,,,,,,,,,,,,,,,-1,-1
,,8,17,42,17,,,,,,,,-1,-1,-1,-1,,,,,,,,17,8,33,8,,,,,,,,-1,-1,-1,-1,,,,,,,,,,,,,,,,,,,,,,,,,,,-1,-1
,,26,35,26,44,,,,,,,,-1,-1,-1,-1,,,,,,,,35,26,35,19,,,,,,,,-1,-1,-1,-1,,,,,,,,,,,,,,,,,,,,,,,,,,,-1,-1
,,44,19,35,19,,,,,,,,-1,-1,-1,-1,,,,,,,,19,44,26,44,,,,,,,,-1,-1,-1,-1,,,,,,,,,,,,,,,,,,,,,,,,,,,-1,-1
,,28,37,28,46,,,,,,,,-1,-1,-1,-1,,,,,,,,37,28,37,39,,,,,,,,-1,-1,-1,-1,,,,,,,,,,,,,,,,,,,,,,,,,,,-1,-1
,,46,39,37,39,,,,,,,,-1,-1,-1,-1,,,,,,,,39,46,28,46,,,,,,,,-1,-1,-1,-1,,,,,,,,,,,,,,,,,,,,,,,,,,,-1,-1
,,48,,48,,,,,,,,,,-1,-1,,,,,,,,,,48,48,,,,,,,,,-1,,-1,,,,,,,,,,,,,,,,,,,,,,,,,,,,-1,-1
,,,,,,,,,,,,,,,,,,,,,,,,,,,,,,,,,,,,,,,,,,,,,,,,,,,,,,,,,,,,,,,,,-1,-1
,,,,,,,,,,,,,,,,,,,,,,,,,,,,,,,,,,,,,,,,,,,,,,,,,,,,,,,,,,,,,,,,,-1,-1
,,,,,,,,,,,,,,,,,,,,,,,,,,,,,,,,,,,,,,,,,,,,,,,,,,,,,,,,,,,,,,,,,-1,-1
,,,,,,,,,,,,,,,,,,,,,,,,,,,,,,,,,,,,,,,,,,,,,,,,,,,,,,,,,,,,,,,,,-1,-1
,,,,,,,,,,,,,,,,,,,,,,,,,,,,,,,,,,,,,,,,,,,,,,,,,,,,,,,,,,,,,,,,,-1,-1
,,,,,,,,,,,,,,,,,,,,,,,,,,,,,,,,,,,,,,,,,,,,,,,,,,,,,,,,,,,,,,,,,-1,-1
,,,,,,,,,,,,,,,,,,,,,,,,,,,,,,,,,,,,,,,,,,,,,,,,,,,,,,,,,,,,,,,,,-1,-1
,,,,,,,,,,,,,,,,,,,,,,,,,,,,,,,,,,,,,,,,,,,,,,,,,,,,,,,,,,,,,,,,,-1,-1
,,,,,,,,,,,,,,,,,,,,,,,,,,,,,,,,,,,,,,,,,,,,,,,,,,,,,,,,,,,,,,,,,-1,-1
,,,,,,,,,,,,,,,,,,,,,,,,,,,,,,,,,,,,,,,,,,,,,,,,,,,,,,,,,,,,,,,,,-1,-1
,,,,,,,,,,,,,,,,,,,,,,,,,,,,,,,,,,,,,,,,,,,,,,,,,,,,,,,,,,,,,,,,,-1,-1
,,,,,,,,,,,,,,,,,,,,,,,,,,,,,,,,,,,,,,,,,,,,,,,,,,,,,,,,,,,,,,,,,-1,-1
,,,,,,,,,,,,,,,,,,,,,,,,,,,,,,,,,,,,,,,,,,,,,,,,,,,,,,,,,,,,,,,,,-1,-1
,,,,,,,,,,,,,,,,,,,,,,,,,,,,,,,,,,,,,,,,,,,,,,,,,,,,,,,,,,,,,,,,,-1,-1
,,,,,,,,,,,,,,,,,,,,,,,,,,,,,,,,,,,,,,,,,,,,,,,,,,,,,,,,,,,,,,,,,-1,-1
,,,,,,,,,,,,,,,,,,,,,,,,,,,,,,,,,,,,,,,,,,,,,,,,,,,,,,,,,,,,,,,,,-1,-1
,,,,,,,,,,,,,,,,,,,,,,,,,,,,,,,,,,,,,,,,,,,,,,,,,,,,,,,,,,,,,,,,,-1,-1
,,,,,,,,,,,,,,,,,,,,,,,,,,,,,,,,,,,,,,,,,,,,,,,,,,,,,,,,,,,,,,,,,-1,-1
,,,,,,,,,,,,,,,,,,,,,,,,,,,,,,,,,,,,,,,,,,,,,,,,,,,,,,,,,,,,,,,,,-1,-1
,,,,,,,,,,,,,,,,,,,,,,,,,,,,,,,,,,,,,,,,,,,,,,,,,,,,,,,,,,,,,,,,,-1,-1
,,,,,,,,,,,,,,,,,,,,,,,,,,,,,,,,,,,,,,,,,,,,,,,,,,,,,,,,,,,,,,,,,-1,-1
,,,,,,,,,,,,,,,,,,,,,,,,,,,,,,,,,,,,,,,,,,,,,,,,,,,,,,,,,,,,,,,,,-1,-1
,,,,,,,,,,,,,,,,,,,,,,,,,,,,,,,,,,,,,,,,,,,,,,,,,,,,,,,,,,,,,,,,,-1,-1
,,,,,,,,,,,,,,,,,,,,,,,,,,,,,,,,,,,,,,,,,,,,,,,,,,,,,,,,,,,,,,,,,-1,-1
,,,,,,,,,,,,,,,,,,,,,,,,,,,,,,,,,,,,,,,,,,,,,,,,,,,,,,,,,,,,,,,,,-1,-1
,,,,,,,,,,,,,,,,,,,,,,,,,,,,,,,,,,,,,,,,,,,,,,,,,,,,,,,,,,,,,,,,,-1,-1
,,,,,,,,,,,,,,,,,,,,,,,,,,,,,,,,,,,,,,,,,,,,,,,,,,,,,,,,,,,,,,,,,-1,-1
,,,,,,,,,,,,,,,,,,,,,,,,,,,,,,,,,,,,,,,,,,,,,,,,,,,,,,,,,,,,,,,,,-1,-1
,,,,,,,,,,,,,,,,,,,,,,,,,,,,,,,,,,,,,,,,,,,,,,,,,,,,,,,,,,,,,,,,,-1,-1
,,,,,,,,,,,,,,,,,,,,,,,,,,,,,,,,,,,,,,,,,,,,,,,,,,,,,,,,,,,,,,,,,-1,-1
,,,,,,,,,,,,,,,,,,,,,,,,,,,,,,,,,,,,,,,,,,,,,,,,,,,,,,,,,,,,,,,,,-1,-1
,,,,,,,,,,,,,,,,,,,,,,,,,,,,,,,,,,,,,,,,,,,,,,,,,,,,,,,,,,,,,,,,,-1,-1
,,,,,,,,,,,,,,,,,,,,,,,,,,,,,,,,,,,,,,,,,,,,,,,,,,,,,,,,,,,,,,,,,-1,-1
