,,3,,,3,,,,,,,,,3,,3,,,,,,,,,3,,3,,,,,,,,3,,,3,,,,,,,,,,,,,,,,,,,,,,,,,,
,,,4,4,,,,,,,,,4,,4,,,,,,,,,,4,4,,,,,,,,,4,,4,,,,,,,,,,,,,,,,,,,,,,,,,,,
,,,,,,,,,,,,,21,,,21,,,,,,,,,,,,,,,,,,,21,,,21,,,,,,,,,,,,,,,,,,,,,,,,,,
,,,,,,,,,,,,,,31,,31,,,,,,,,,,,,,,,,,,,,31,,31,,,,,,,,,,,,,,,,,,,,,,,,,,
,,,,,,,,,,,,,,46,,46,,,,,,,,,,,,,,,,,,,46,,,46,,,,,,,,,,,,,,,,,,,,,,,,,,
,,,,,,,,,,,,,,15,,15,,,,,,,,,,,,,,,,,,,,15,,15,,,,,,,,,,,,,,,,,,,,,,,,,,
,,,,,,,,,,,,,,17,17,,,,,,,,,,,,,,,,,,,,17,,17,,,,,,,,,,,,,,,,,,,,,,,,,,,
,,,,,,,,,,,,,,9,9,,,,,,,,,,,,,,,,,,,,9,,9,,,,,,,,,,,,,,,,,,,,,,,,,,,
,,,,,,,,,,,,,,33,,33,,,,,,,,,,,,,,,,,,,33,,,33,,,,,,,,,,,,,,,,,,,,,,,,,,
,,,,,,,,,,,,,,28,,28,,,,,,,,,,,,,,,,,,,28,,,28,,,,,,,,,,,,,,,,,,,,,,,,,,
,,,,,,,,,,,,,,44,,44,,,,,,,,,,,,,,,,,,,,44,,44,,,,,,,,,,,,,,,,,,,,,,,,,,
,,,,,,,,,,,,,4,,4,,,,,,,,,,,,,,,,,,,,4,,4,,,,,,,,,,,,,,,,,,,,,,,,,,,
,,,,,,,,,,,,,,6,,6,,,,,,,,,,,,,,,,,,,,6,,6,,,,,,,,,,,,,,,,,,,,,,,,,,
,,,,,,,,,,,,,30,,30,,,,,,,,,,,,,,,,,,,,30,,30,,,,,,,,,,,,,,,,,,,,,,,,,,,
,,,,,,,,,,,,,45,,45,,,,,,,,,,,,,,,,,,,,,45,45,,,,,,,,,,,,,,,,,,,,,,,,,,,
,,,,,,,,,,,,,49,,,49,,,,,,,,,,,,,,,,,,,,49,,49,,,,,,,,,,,,,,,,,,,,,,,,,,
,,,,,,,,,,,,,,39,,39,,,,,,,,,,,,,,,,,,,,39,,39,,,,,,,,,,,,,,,,,,,,,,,,,,
,,,,,,,,,,,,,47,,,47,,,,,,,,,,,,,,,,,,,47,,,47,,,,,,,,,,,,,,,,,,,,,,,,,,
,,,,,,,,,,,,,,19,19,,,,,,,,,,,,,,,,,,,,,19,19,,,,,,,,,,,,,,,,,,,,,,,,,,,
,,,,,,,,,,,,,,40,40,,,,,,,,,,,,,,,,,,,,,40,40,,,,,,,,,,,,,,,,,,,,,,,,,,,
,,,,,,,,,,,,,,11,11,,,,,,,,,,,,,,,,,,,,,11,11,,,,,,,,,,,,,,,,,,,,,,,,,,,
,,,,,,,,,,,,,21,,,21,,,,,,,,,,,,,,,,,,,21,,,21,,,,,,,,,,,,,,,,,,,,,,,,,,
,,,,,,,,,,,,,45,,45,,,,,,,,,,,,,,,,,,,,,45,45,,,,,,,,,,,,,,,,,,,,,,,,,,,
,,,,,,,,,,,,,,24,24,,,,,,,,,,,,,,,,,,,,24,,24,,,,,,,,,,,,,,,,,,,,,,,,,,,
,,,,,,,,,,,,,5,,,5,,,,,,,,,,,,,,,,,,,,5,,5,,,,,,,,,,,,,,,,,,,,,,,,,,
,,,,,,,,,,,,,,35,35,,,,,,,,,,,,,,,,,,,,,35,35,,,,,,,,,,,,,,,,,,,,,,,,,,,
,,,,,,,,,,,,,34,,,34,,,,,,,,,,,,,,,,,,,,34,,34,,,,,,,,,,,,,,,,,,,,,,,,,,
,,,,,,,,,,,,,27,,27,,,,,,,,,,,,,,,,,,,,,27,27,,,,,,,,,,,,,,,,,,,,,,,,,,,
,,,,,,,,,,,,,38,,38,,,,,,,,,,,,,,,,,,,,,38,38,,,,,,,,,,,,,,,,,,,,,,,,,,,
,,,,,,,,,,,,,,2,2,,,,,,,,,,,,,,,,,,,,2,,2,,,,,,,,,,,,,,,,,,,,,,,,,,,
,,,,,,,,,,,,,27,,27,,,,,,,,,,,,,,,,,,,,,27,27,,,,,,,,,,,,,,,,,,,,,,,,,,,
,,,,,,,,,,,,,,7,7,,,,,,,,,,,,,,,,,,,,,7,7,,,,,,,,,,,,,,,,,,,,,,,,,,,
,,,,,,,,,,,,,27,,27,,,,,,,,,,,,,,,,,,,,,27,27,,,,,,,,,,,,,,,,,,,,,,,,,,,
,,,,,,,,,,,,,,42,42,,,,,,,,,,,,,,,,,,,,42,,42,,,,,,,,,,,,,,,,,,,,,,,,,,,
,,,,,,,,,,,,,14,,,14,,,,,,,,,,,,,,,,,,,,14,,14,,,,,,,,,,,,,,,,,,,,,,,,,,
,,,,,,,,,,,,,,20,,20,,,,,,,,,,,,,,,,,,,20,,,20,,,,,,,,,,,,,,,,,,,,,,,,,,
,,,,,,,,,,,,,,6,,6,,,,,,,,,,,,,,,,,,,,6,,6,,,,,,,,,,,,,,,,,,,,,,,,,,
,,,,,,,,,,,,,,35,35,,,,,,,,,,,,,,,,,,,,,35,35,,,,,,,,,,,,,,,,,,,,,,,,,,,
,,,,,,,,,,,,,,11,11,,,,,,,,,,,,,,,,,,,,,11,11,,,,,,,,,,,,,,,,,,,,,,,,,,,
,,,,,,,,,,,,,36,,36,,,,,,,,,,,,,,,,,,,,36,,36,,,,,,,,,,,,,,,,,,,,,,,,,,,
,,,,,,,,,,,,,,3,,3,,,,,,,,,,,,,,,,,,,3,,,3,,,,,,,,,,,,,,,,,,,,,,,,,,
,,,,,,,,,,,,,,44,,44,,,,,,,,,,,,,,,,,,,,44,,44,,,,,,,,,,,,,,,,,,,,,,,,,,
,,,,,,,,,,,,,,6,,6,,,,,,,,,,,,,,,,,,,,6,,6,,,,,,,,,,,,,,,,,,,,,,,,,,
,,,,,,,,,,,,,,31,,31,,,,,,,,,,,,,,,,,,,,31,,31,,,,,,,,,,,,,,,,,,,,,,,,,,
,,,,,,,,,,,,,,,,,,,,,,,,,,,,,,,,,,,,,,,,,,,,,,,,,,,,,,,,,,,,,,,,
,,,,,,,,,,,,,41,,,41,,,,,,,,,,,,,,,,,,,,41,,41,,,,,,,,,,,,,,,,,,,,,,,,,,
,,,,,,,,,,,,,,42,42,,,,,,,,,,,,,,,,,,,,42,,42,,,,,,,,,,,,,,,,,,,,,,,,,,,
,,,,,,,,,,,,,,46,,46,,,,,,,,,,,,,,,,,,,46,,,46,,,,,,,,,,,,,,,,,,,,,,,,,,
,,,,,,,,,,,,,14,,,14,,,,,,,,,,,,,,,,,,,,14,,14,,,,,,,,,,,,,,,,,,,,,,,,,,
,,,,,,,,,,,,,,39,,39,,,,,,,,,,,,,,,,,,,,39,,39,,,,,,,,,,,,,,,,,,,,,,,,,,
,,,,,,,,,,,,,,46,,46,,,,,,,,,,,,,,,,,,,46,,,46,,,,,,,,,,,,,,,,,,,,,,,,,,
,,,,,,,,,,,,,,26,,26,,,,,,,,,,,,,,,,,,,,26,,26,,,,,,,,,,,,,,,,,,,,,,,,,,
,,,,,,,,,,,,,30,,30,,,,,,,,,,,,,,,,,,,,30,,30,,,,,,,,,,,,,,,,,,,,,,,,,,,
,,,,,,,,,,,,,,13,,13,,,,,,,,,,,,,,,,,,,13,,,13,,,,,,,,,,,,,,,,,,,,,,,,,,
,,,,,,,,,,,,,30,,30,,,,,,,,,,,,,,,,,,,,30,,30,,,,,,,,,,,,,,,,,,,,,,,,,,,
,,,,,,,,,,,,,,37,37,,,,,,,,,,,,,,,,,,,,37,,37,,,,,,,,,,,,,,,,,,,,,,,,,,,
,,,,,,,,,,,,,5,,,5,,,,,,,,,,,,,,,,,,,,5,,5,,,,,,,,,,,,,,,,,,,,,,,,,,
,,,,,,,,,,,,,,35,35,,,,,,,,,,,,,,,,,,,,,35,35,,,,,,,,,,,,,,,,,,,,,,,,,,,
,,,,,,,,,,,,,,7,7,,,,,,,,,,,,,,,,,,,,,7,7,,,,,,,,,,,,,,,,,,,,,,,,,,,
,,,,,,,,,,,,,21,,,21,,,,,,,,,,,,,,,,,,,21,,,21,,,,,,,,,,,,,,,,,,,,,,,,,,
,,,,,,,,,,,,,,6,,6,,,,,,,,,,,,,,,,,,,,6,,6,,,,,,,,,,,,,,,,,,,,,,,,,,
,,,,,,,,,,,,,,17,17,,,,,,,,,,,,,,,,,,,,17,,17,,,,,,,,,,,,,,,,,,,,,,,,,,,
,,,,,,,,,,,,,49,,,49,,,,,,,,,,,,,,,,,,,,49,,49,,,,,,,,,,,,,,,,,,,,,,,,,,
,,,,,,,,,,,,,30,,30,,,,,,,,,,,,,,,,,,,,30,,30,,,,,,,,,,,,,,,,,,,,,,,,,,,
,,,,,,,,,,,,,,35,35,,,,,,,,,,,,,,,,,,,,,35,35,,,,,,,,,,,,,,,,,,,,,,,,,,,
,,,,,,,,,,,,,47,,,47,,,,,,,,,,,,,,,,,,,47,,,47,,,,,,,,,,,,,,,,,,,,,,,,,,
,,,,,,,,,,,,,,15,,15,,,,,,,,,,,,,,,,,,,,15,,15,,,,,,,,,,,,,,,,,,,,,,,,,,
,,,,,,,,,,,,,,40,40,,,,,,,,,,,,,,,,,,,,,40,40,,,,,,,,,,,,,,,,,,,,,,,,,,,
,,,,,,,,,,,,,27,,27,,,,,,,,,,,,,,,,,,,,,27,27,,,,,,,,,,,,,,,,,,,,,,,,,,,
,,,,,,,,,,,,,30,,30,,,,,,,,,,,,,,,,,,,,30,,30,,,,,,,,,,,,,,,,,,,,,,,,,,,
,,,,,,,,,,,,,,15,,15,,,,,,,,,,,,,,,,,,,,15,,15,,,,,,,,,,,,,,,,,,,,,,,,,,
,,,,,,,,,,,,,16,,,16,,,,,,,,,,,,,,,,,,,16,,,16,,,,,,,,,,,,,,,,,,,,,,,,,,
,,,,,,,,,,,,,,7,7,,,,,,,,,,,,,,,,,,,,,7,7,,,,,,,,,,,,,,,,,,,,,,,,,,,
,,,,,,,,,,,,,49,,,49,,,,,,,,,,,,,,,,,,,,49,,49,,,,,,,,,,,,,,,,,,,,,,,,,,
,,,,,,,,,,,,,36,,36,,,,,,,,,,,,,,,,,,,,36,,36,,,,,,,,,,,,,,,,,,,,,,,,,,,
,,,,,,,,,,,,,,42,42,,,,,,,,,,,,,,,,,,,,42,,42,,,,,,,,,,,,,,,,,,,,,,,,,,,
,,,,,,,,,,,,,21,,,21,,,,,,,,,,,,,,,,,,,21,,,21,,,,,,,,,,,,,,,,,,,,,,,,,,
,,,,,,,,,,,,,,48,48,,,,,,,,,,,,,,,,,,,,,48,48,,,,,,,,,,,,,,,,,,,,,,,,,,,
,,,,,,,,,,,,,47,,,47,,,,,,,,,,,,,,,,,,,47,,,47,,,,,,,,,,,,,,,,,,,,,,,,,,
,,,,,,,,,,,,,16,,,16,,,,,,,,,,,,,,,,,,,16,,,16,,,,,,,,,,,,,,,,,,,,,,,,,,
,,,,,,,,,,,,,8,,8,,,,,,,,,,,,,,,,,,,,,8,8,,,,,,,,,,,,,,,,,,,,,,,,,,,
,,,,,,,,,,,,,,11,11,,,,,,,,,,,,,,,,,,,,,11,11,,,,,,,,,,,,,,,,,,,,,,,,,,,
,,,,,,,,,,,,,,44,,44,,,,,,,,,,,,,,,,,,,,44,,44,,,,,,,,,,,,,,,,,,,,,,,,,,
,,,,,,,,,,,,,,20,,20,,,,,,,,,,,,,,,,,,,20,,,20,,,,,,,,,,,,,,,,,,,,,,,,,,
,,,,,,,,,,,,,49,,,49,,,,,,,,,,,,,,,,,,,,49,,49,,,,,,,,,,,,,,,,,,,,,,,,,,
,,,,,,,,,,,,,14,,,14,,,,,,,,,,,,,,,,,,,,14,,14,,,,,,,,,,,,,,,,,,,,,,,,,,
,,,,,,,,,,,,,14,,,14,,,,,,,,,,,,,,,,,,,,14,,14,,,,,,,,,,,,,,,,,,,,,,,,,,
,,,,,,,,,,,,,,17,17,,,,,,,,,,,,,,,,,,,,17,,17,,,,,,,,,,,,,,,,,,,,,,,,,,,
,,,,,,,,,,,,,,19,19,,,,,,,,,,,,,,,,,,,,,19,19,,,,,,,,,,,,,,,,,,,,,,,,,,,
,,,,,,,,,,,,,12,,12,,,,,,,,,,,,,,,,,,,,12,,12,,,,,,,,,,,,,,,,,,,,,,,,,,,
,,,,,,,,,,,,,,28,,28,,,,,,,,,,,,,,,,,,,28,,,28,,,,,,,,,,,,,,,,,,,,,,,,,,
,,,,,,,,,,,,,,7,7,,,,,,,,,,,,,,,,,,,,,7,7,,,,,,,,,,,,,,,,,,,,,,,,,,,
,,,,,,,,,,,,,,11,11,,,,,,,,,,,,,,,,,,,,,11,11,,,,,,,,,,,,,,,,,,,,,,,,,,,
,,,,,,,,,,,,,,15,,15,,,,,,,,,,,,,,,,,,,,15,,15,,,,,,,,,,,,,,,,,,,,,,,,,,
,,,,,,,,,,,,,32,,,32,,,,,,,,,,,,,,,,,,,32,,,32,,,,,,,,,,,,,,,,,,,,,,,,,,
,,,,,,,,,,,,,14,,,14,,,,,,,,,,,,,,,,,,,,14,,14,,,,,,,,,,,,,,,,,,,,,,,,,,
,,,,,,,,,,,,,,15,,15,,,,,,,,,,,,,,,,,,,,15,,15,,,,,,,,,,,,,,,,,,,,,,,,,,
,,,,,,,,,,,,,,42,42,,,,,,,,,,,,,,,,,,,,42,,42,,,,,,,,,,,,,,,,,,,,,,,,,,,
,,,,,,,,,,,,,18,,18,,,,,,,,,,,,,,,,,,,,,18,18,,,,,,,,,,,,,,,,,,,,,,,,,,,
,,,,,,,,,,,,,14,,,14,,,,,,,,,,,,,,,,,,,,14,,14,,,,,,,,,,,,,,,,,,,,,,,,,,
,,,,,,,,,,,,,47,,,47,,,,,,,,,,,,,,,,,,,47,,,47,,,,,,,,,,,,,,,,,,,,,,,,,,
,,,,,,,,,,,,,38,,38,,,,,,,,,,,,,,,,,,,,,38,38,,,,,,,,,,,,,,,,,,,,,,,,,,,
,,,,,,,,,,,,,,6,,6,,,,,,,,,,,,,,,,,,,,6,,6,,,,,,,,,,,,,,,,,,,,,,,,,,
,,,,,,,,,,,,,45,,45,,,,,,,,,,,,,,,,,,,,,45,45,,,,,,,,,,,,,,,,,,,,,,,,,,,
,,,,,,,,,,,,,1,,,1,,,,,,,,,,,,,,,,,,,1,,,1,,,,,,,,,,,,,,,,,,,,,,,,,,
,,,,,,,,,,,,,,7,7,,,,,,,,,,,,,,,,,,,,,7,7,,,,,,,,,,,,,,,,,,,,,,,,,,,
,,,,,,,,,,,,,32,,,32,,,,,,,,,,,,,,,,,,,32,,,32,,,,,,,,,,,,,,,,,,,,,,,,,,
,,,,,,,,,,,,,,17,17,,,,,,,,,,,,,,,,,,,,17,,17,,,,,,,,,,,,,,,,,,,,,,,,,,,
,,,,,,,,,,,,,29,,,29,,,,,,,,,,,,,,,,,,,29,,,29,,,,,,,,,,,,,,,,,,,,,,,,,,
,,,,,,,,,,,,,38,,38,,,,,,,,,,,,,,,,,,,,,38,38,,,,,,,,,,,,,,,,,,,,,,,,,,,
,,,,,,,,,,,,,23,,,23,,,,,,,,,,,,,,,,,,,,23,,23,,,,,,,,,,,,,,,,,,,,,,,,,,
,,,,,,,,,,,,,,48,48,,,,,,,,,,,,,,,,,,,,,48,48,,,,,,,,,,,,,,,,,,,,,,,,,,,
,,,,,,,,,,,,,,24,24,,,,,,,,,,,,,,,,,,,,24,,24,,,,,,,,,,,,,,,,,,,,,,,,,,,
,,,,,,,,,,,,,10,,10,,,,,,,,,,,,,,,,,,,,,10,10,,,,,,,,,,,,,,,,,,,,,,,,,,,
,,,,,,,,,,,,,,7,7,,,,,,,,,,,,,,,,,,,,,7,7,,,,,,,,,,,,,,,,,,,,,,,,,,,
,,,,,,,,,,,,,5,,,5,,,,,,,,,,,,,,,,,,,,5,,5,,,,,,,,,,,,,,,,,,,,,,,,,,
,,,,,,,,,,,,,,48,48,,,,,,,,,,,,,,,,,,,,,48,48,,,,,,,,,,,,,,,,,,,,,,,,,,,
,,,,,,,,,,,,,12,,12,,,,,,,,,,,,,,,,,,,,12,,12,,,,,,,,,,,,,,,,,,,,,,,,,,,
,,,,,,,,,,,,,8,,8,,,,,,,,,,,,,,,,,,,,,8,8,,,,,,,,,,,,,,,,,,,,,,,,,,,
,,,,,,,,,,,,,8,,8,,,,,,,,,,,,,,,,,,,,,8,8,,,,,,,,,,,,,,,,,,,,,,,,,,,
,,,,,,,,,,,,,18,,18,,,,,,,,,,,,,,,,,,,,,18,18,,,,,,,,,,,,,,,,,,,,,,,,,,,
,,,,,,,,,,,,,,19,19,,,,,,,,,,,,,,,,,,,,,19,19,,,,,,,,,,,,,,,,,,,,,,,,,,,
,,,,,,,,,,,,,,42,42,,,,,,,,,,,,,,,,,,,,42,,42,,,,,,,,,,,,,,,,,,,,,,,,,,,
,,,,,,,,,,,,,,11,11,,,,,,,,,,,,,,,,,,,,,11,11,,,,,,,,,,,,,,,,,,,,,,,,,,,
,,,,,,,,,,,,,18,,18,,,,,,,,,,,,,,,,,,,,,18,18,,,,,,,,,,,,,,,,,,,,,,,,,,,
,,,,,,,,,,,,,30,,30,,,,,,,,,,,,,,,,,,,,30,,30,,,,,,,,,,,,,,,,,,,,,,,,,,,
,,,,,,,,,,,,,,33,,33,,,,,,,,,,,,,,,,,,,33,,,33,,,,,,,,,,,,,,,,,,,,,,,,,,
,,,,,,,,,,,,,,20,,20,,,,,,,,,,,,,,,,,,,20,,,20,,,,,,,,,,,,,,,,,,,,,,,,,,
,,,,,,,,,,,,,,33,,33,,,,,,,,,,,,,,,,,,,33,,,33,,,,,,,,,,,,,,,,,,,,,,,,,,
,,,,,,,,,,,,,29,,,29,,,,,,,,,,,,,,,,,,,29,,,29,,,,,,,,,,,,,,,,,,,,,,,,,,
,,,,,,,,,,,,,43,,43,,,,,,,,,,,,,,,,,,,,43,,43,,,,,,,,,,,,,,,,,,,,,,,,,,,
,,,,,,,,,,,,,5,,,5,,,,,,,,,,,,,,,,,,,,5,,5,,,,,,,,,,,,,,,,,,,,,,,,,,
,,,,,,,,,,,,,,6,,6,,,,,,,,,,,,,,,,,,,,6,,6,,,,,,,,,,,,,,,,,,,,,,,,,,
,,,,,,,,,,,,,34,,,34,,,,,,,,,,,,,,,,,,,,34,,34,,,,,,,,,,,,,,,,,,,,,,,,,,
,,,,,,,,,,,,,,46,,46,,,,,,,,,,,,,,,,,,,46,,,46,,,,,,,,,,,,,,,,,,,,,,,,,,
,,,,,,,,,,,,,,33,,33,,,,,,,,,,,,,,,,,,,33,,,33,,,,,,,,,,,,,,,,,,,,,,,,,,
,,,,,,,,,,,,,,44,,44,,,,,,,,,,,,,,,,,,,,44,,44,,,,,,,,,,,,,,,,,,,,,,,,,,
,,,,,,,,,,,,,47,,,47,,,,,,,,,,,,,,,,,,,47,,,47,,,,,,,,,,,,,,,,,,,,,,,,,,
,,,,,,,,,,,,,,44,,44,,,,,,,,,,,,,,,,,,,,44,,44,,,,,,,,,,,,,,,,,,,,,,,,,,
,,,,,,,,,,,,,,33,,33,,,,,,,,,,,,,,,,,,,33,,,33,,,,,,,,,,,,,,,,,,,,,,,,,,
,,,,,,,,,,,,,,33,,33,,,,,,,,,,,,,,,,,,,33,,,33,,,,,,,,,,,,,,,,,,,,,,,,,,
,,,,,,,,,,,,,1,,,1,,,,,,,,,,,,,,,,,,,1,,,1,,,,,,,,,,,,,,,,,,,,,,,,,,
,,,,,,,,,,,,,16,,,16,,,,,,,,,,,,,,,,,,,16,,,16,,,,,,,,,,,,,,,,,,,,,,,,,,
,,,,,,,,,,,,,41,,,41,,,,,,,,,,,,,,,,,,,,41,,41,,,,,,,,,,,,,,,,,,,,,,,,,,
,,,,,,,,,,,,,,31,,31,,,,,,,,,,,,,,,,,,,,31,,31,,,,,,,,,,,,,,,,,,,,,,,,,,
,,,,,,,,,,,,,12,,12,,,,,,,,,,,,,,,,,,,,12,,12,,,,,,,,,,,,,,,,,,,,,,,,,,,
,,,,,,,,,,,,,16,,,16,,,,,,,,,,,,,,,,,,,16,,,16,,,,,,,,,,,,,,,,,,,,,,,,,,
,,,,,,,,,,,,,8,,8,,,,,,,,,,,,,,,,,,,,,8,8,,,,,,,,,,,,,,,,,,,,,,,,,,,
,,,,,,,,,,,,,,22,22,,,,,,,,,,,,,,,,,,,,,22,22,,,,,,,,,,,,,,,,,,,,,,,,,,,
,,,,,,,,,,,,,,35,35,,,,,,,,,,,,,,,,,,,,,35,35,,,,,,,,,,,,,,,,,,,,,,,,,,,
,,,,,,,,,,,,,,39,,39,,,,,,,,,,,,,,,,,,,,39,,39,,,,,,,,,,,,,,,,,,,,,,,,,,
,,,,,,,,,,,,,14,,,14,,,,,,,,,,,,,,,,,,,,14,,14,,,,,,,,,,,,,,,,,,,,,,,,,,
,,,,,,,,,,,,,,13,,13,,,,,,,,,,,,,,,,,,,13,,,13,,,,,,,,,,,,,,,,,,,,,,,,,,
,,,,,,,,,,,,,47,,,47,,,,,,,,,,,,,,,,,,,47,,,47,,,,,,,,,,,,,,,,,,,,,,,,,,
,,,,,,,,,,,,,14,,,14,,,,,,,,,,,,,,,,,,,,14,,14,,,,,,,,,,,,,,,,,,,,,,,,,,
,,,,,,,,,,,,,14,,,14,,,,,,,,,,,,,,,,,,,,14,,14,,,,,,,,,,,,,,,,,,,,,,,,,,
,,,,,,,,,,,,,,11,11,,,,,,,,,,,,,,,,,,,,,11,11,,,,,,,,,,,,,,,,,,,,,,,,,,,
,,,,,,,,,,,,,29,,,29,,,,,,,,,,,,,,,,,,,29,,,29,,,,,,,,,,,,,,,,,,,,,,,,,,
,,,,,,,,,,,,,32,,,32,,,,,,,,,,,,,,,,,,,32,,,32,,,,,,,,,,,,,,,,,,,,,,,,,,
,,,,,,,,,,,,,18,,18,,,,,,,,,,,,,,,,,,,,,18,18,,,,,,,,,,,,,,,,,,,,,,,,,,,
,,,,,,,,,,,,,12,,12,,,,,,,,,,,,,,,,,,,,12,,12,,,,,,,,,,,,,,,,,,,,,,,,,,,
,,,,,,,,,,,,,29,,,29,,,,,,,,,,,,,,,,,,,29,,,29,,,,,,,,,,,,,,,,,,,,,,,,,,
,,,,,,,,,,,,,27,,27,,,,,,,,,,,,,,,,,,,,,27,27,,,,,,,,,,,,,,,,,,,,,,,,,,,
,,,,,,,,,,,,,49,,,49,,,,,,,,,,,,,,,,,,,,49,,49,,,,,,,,,,,,,,,,,,,,,,,,,,
,,,,,,,,,,,,,10,,10,,,,,,,,,,,,,,,,,,,,,10,10,,,,,,,,,,,,,,,,,,,,,,,,,,,
,,,,,,,,,,,,,,17,17,,,,,,,,,,,,,,,,,,,,17,,17,,,,,,,,,,,,,,,,,,,,,,,,,,,
,,,,,,,,,,,,,14,,,14,,,,,,,,,,,,,,,,,,,,14,,14,,,,,,,,,,,,,,,,,,,,,,,,,,
,,,,,,,,,,,,,,31,,31,,,,,,,,,,,,,,,,,,,,31,,31,,,,,,,,,,,,,,,,,,,,,,,,,,
,,,,,,,,,,,,,,26,,26,,,,,,,,,,,,,,,,,,,,26,,26,,,,,,,,,,,,,,,,,,,,,,,,,,
,,,,,,,,,,,,,,44,,44,,,,,,,,,,,,,,,,,,,,44,,44,,,,,,,,,,,,,,,,,,,,,,,,,,
,,,,,,,,,,,,,,35,35,,,,,,,,,,,,,,,,,,,,,35,35,,,,,,,,,,,,,,,,,,,,,,,,,,,
,,,,,,,,,,,,,,48,48,,,,,,,,,,,,,,,,,,,,,48,48,,,,,,,,,,,,,,,,,,,,,,,,,,,
,,,,,,,,,,,,,27,,27,,,,,,,,,,,,,,,,,,,,,27,27,,,,,,,,,,,,,,,,,,,,,,,,,,,
,,,,,,,,,,,,,23,,,23,,,,,,,,,,,,,,,,,,,,23,,23,,,,,,,,,,,,,,,,,,,,,,,,,,
,,,,,,,,,,,,,,19,19,,,,,,,,,,,,,,,,,,,,,19,19,,,,,,,,,,,,,,,,,,,,,,,,,,,
,,,,,,,,,,,,,10,,10,,,,,,,,,,,,,,,,,,,,,10,10,,,,,,,,,,,,,,,,,,,,,,,,,,,
,,,,,,,,,,,,,,37,37,,,,,,,,,,,,,,,,,,,,37,,37,,,,,,,,,,,,,,,,,,,,,,,,,,,
,,,,,,,,,,,,,,22,22,,,,,,,,,,,,,,,,,,,,,22,22,,,,,,,,,,,,,,,,,,,,,,,,,,,
,,,,,,,,,,,,,34,,,34,,,,,,,,,,,,,,,,,,,,34,,34,,,,,,,,,,,,,,,,,,,,,,,,,,
,,,,,,,,,,,,,29,,,29,,,,,,,,,,,,,,,,,,,29,,,29,,,,,,,,,,,,,,,,,,,,,,,,,,
,,,,,,,,,,,,,14,,,14,,,,,,,,,,,,,,,,,,,,14,,14,,,,,,,,,,,,,,,,,,,,,,,,,,
,,,,,,,,,,,,,,31,,31,,,,,,,,,,,,,,,,,,,,31,,31,,,,,,,,,,,,,,,,,,,,,,,,,,
,,,,,,,,,,,,,5,,,5,,,,,,,,,,,,,,,,,,,,5,,5,,,,,,,,,,,,,,,,,,,,,,,,,,
,,,,,,,,,,,,,,42,42,,,,,,,,,,,,,,,,,,,,42,,42,,,,,,,,,,,,,,,,,,,,,,,,,,,
,,,,,,,,,,,,,29,,,29,,,,,,,,,,,,,,,,,,,29,,,29,,,,,,,,,,,,,,,,,,,,,,,,,,
,,,,,,,,,,,,,,37,37,,,,,,,,,,,,,,,,,,,,37,,37,,,,,,,,,,,,,,,,,,,,,,,,,,,
,,,,,,,,,,,,,,7,7,,,,,,,,,,,,,,,,,,,,,7,7,,,,,,,,,,,,,,,,,,,,,,,,,,,
,,,,,,,,,,,,,4,,4,,,,,,,,,,,,,,,,,,,,4,,4,,,,,,,,,,,,,,,,,,,,,,,,,,,
,,,,,,,,,,,,,,19,19,,,,,,,,,,,,,,,,,,,,,19,19,,,,,,,,,,,,,,,,,,,,,,,,,,,
,,,,,,,,,,,,,43,,43,,,,,,,,,,,,,,,,,,,,43,,43,,,,,,,,,,,,,,,,,,,,,,,,,,,
,,,,,,,,,,,,,14,,,14,,,,,,,,,,,,,,,,,,,,14,,14,,,,,,,,,,,,,,,,,,,,,,,,,,
,,,,,,,,,,,,,,19,19,,,,,,,,,,,,,,,,,,,,,19,19,,,,,,,,,,,,,,,,,,,,,,,,,,,
,,,,,,,,,,,,,,6,,6,,,,,,,,,,,,,,,,,,,,6,,6,,,,,,,,,,,,,,,,,,,,,,,,,,
,,,,,,,,,,,,,5,,,5,,,,,,,,,,,,,,,,,,,,5,,5,,,,,,,,,,,,,,,,,,,,,,,,,,
,,,,,,,,,,,,,38,,38,,,,,,,,,,,,,,,,,,,,,38,38,,,,,,,,,,,,,,,,,,,,,,,,,,,
,,,,,,,,,,,,,,24,24,,,,,,,,,,,,,,,,,,,,24,,24,,,,,,,,,,,,,,,,,,,,,,,,,,,
,,,,,,,,,,,,,,31,,31,,,,,,,,,,,,,,,,,,,,31,,31,,,,,,,,,,,,,,,,,,,,,,,,,,
,,,,,,,,,,,,,,19,19,,,,,,,,,,,,,,,,,,,,,19,19,,,,,,,,,,,,,,,,,,,,,,,,,,,
,,,,,,,,,,,,,,9,9,,,,,,,,,,,,,,,,,,,,9,,9,,,,,,,,,,,,,,,,,,,,,,,,,,,
,,,,,,,,,,,,,8,,8,,,,,,,,,,,,,,,,,,,,,8,8,,,,,,,,,,,,,,,,,,,,,,,,,,,
,,,,,,,,,,,,,,40,40,,,,,,,,,,,,,,,,,,,,,40,40,,,,,,,,,,,,,,,,,,,,,,,,,,,
,,,,,,,,,,,,,,11,11,,,,,,,,,,,,,,,,,,,,,11,11,,,,,,,,,,,,,,,,,,,,,,,,,,,
,,,,,,,,,,,,,,6,,6,,,,,,,,,,,,,,,,,,,,6,,6,,,,,,,,,,,,,,,,,,,,,,,,,,
,,,,,,,,,,,,,,2,2,,,,,,,,,,,,,,,,,,,,2,,2,,,,,,,,,,,,,,,,,,,,,,,,,,,
,,,,,,,,,,,,,10,,10,,,,,,,,,,,,,,,,,,,,,10,10,,,,,,,,,,,,,,,,,,,,,,,,,,,
,,,,,,,,,,,,,,48,48,,,,,,,,,,,,,,,,,,,,,48,48,,,,,,,,,,,,,,,,,,,,,,,,,,,
,,,,,,,,,,,,,47,,,47,,,,,,,,,,,,,,,,,,,47,,,47,,,,,,,,,,,,,,,,,,,,,,,,,,
,,,,,,,,,,,,,,48,48,,,,,,,,,,,,,,,,,,,,,48,48,,,,,,,,,,,,,,,,,,,,,,,,,,,
,,,,,,,,,,,,,,46,,46,,,,,,,,,,,,,,,,,,,46,,,46,,,,,,,,,,,,,,,,,,,,,,,,,,
,,,,,,,,,,,,,43,,43,,,,,,,,,,,,,,,,,,,,43,,43,,,,,,,,,,,,,,,,,,,,,,,,,,,
,,,,,,,,,,,,,41,,,41,,,,,,,,,,,,,,,,,,,,41,,41,,,,,,,,,,,,,,,,,,,,,,,,,,
,,,,,,,,,,,,,,2,2,,,,,,,,,,,,,,,,,,,,2,,2,,,,,,,,,,,,,,,,,,,,,,,,,,,
,,,,,,,,,,,,,,2,2,,,,,,,,,,,,,,,,,,,,2,,2,,,,,,,,,,,,,,,,,,,,,,,,,,,
,,,,,,,,,,,,,,11,11,,,,,,,,,,,,,,,,,,,,,11,11,,,,,,,,,,,,,,,,,,,,,,,,,,,
,,,,,,,,,,,,,,44,,44,,,,,,,,,,,,,,,,,,,,44,,44,,,,,,,,,,,,,,,,,,,,,,,,,,
,,,,,,,,,,,,,,22,22,,,,,,,,,,,,,,,,,,,,,22,22,,,,,,,,,,,,,,,,,,,,,,,,,,,
,,,,,,,,,,,,,,31,,31,,,,,,,,,,,,,,,,,,,,31,,31,,,,,,,,,,,,,,,,,,,,,,,,,,
,,,,,,,,,,,,,,44,,44,,,,,,,,,,,,,,,,,,,,44,,44,,,,,,,,,,,,,,,,,,,,,,,,,,
,,,,,,,,,,,,,23,,,23,,,,,,,,,,,,,,,,,,,,23,,23,,,,,,,,,,,,,,,,,,,,,,,,,,
,,,,,,,,,,,,,,13,,13,,,,,,,,,,,,,,,,,,,13,,,13,,,,,,,,,,,,,,,,,,,,,,,,,,
,,,,,,,,,,,,,,3,,3,,,,,,,,,,,,,,,,,,,3,,,3,,,,,,,,,,,,,,,,,,,,,,,,,,
,,,,,,,,,,,,,34,,,34,,,,,,,,,,,,,,,,,,,,34,,34,,,,,,,,,,,,,,,,,,,,,,,,,,
,,,,,,,,,,,,,,44,,44,,,,,,,,,,,,,,,,,,,,44,,44,,,,,,,,,,,,,,,,,,,,,,,,,,
,,,,,,,,,,,,,,40,40,,,,,,,,,,,,,,,,,,,,,40,40,,,,,,,,,,,,,,,,,,,,,,,,,,,
,,,,,,,,,,,,,,15,,15,,,,,,,,,,,,,,,,,,,,15,,15,,,,,,,,,,,,,,,,,,,,,,,,,,
,,,,,,,,,,,,,21,,,21,,,,,,,,,,,,,,,,,,,21,,,21,,,,,,,,,,,,,,,,,,,,,,,,,,
,,,,,,,,,,,,,49,,,49,,,,,,,,,,,,,,,,,,,,49,,49,,,,,,,,,,,,,,,,,,,,,,,,,,
,,,,,,,,,,,,,47,,,47,,,,,,,,,,,,,,,,,,,47,,,47,,,,,,,,,,,,,,,,,,,,,,,,,,
,,,,,,,,,,,,,,33,,33,,,,,,,,,,,,,,,,,,,33,,,33,,,,,,,,,,,,,,,,,,,,,,,,,,
,,,,,,,,,,,,,,17,17,,,,,,,,,,,,,,,,,,,,17,,17,,,,,,,,,,,,,,,,,,,,,,,,,,,
,,,,,,,,,,,,,5,,,5,,,,,,,,,,,,,,,,,,,,5,,5,,,,,,,,,,,,,,,,,,,,,,,,,,
,,,,,,,,,,,,,38,,38,,,,,,,,,,,,,,,,,,,,,38,38,,,,,,,,,,,,,,,,,,,,,,,,,,,
,,,,,,,,,,,,,,39,,39,,,,,,,,,,,,,,,,,,,,39,,39,,,,,,,,,,,,,,,,,,,,,,,,,,
,,,,,,,,,,,,,,42,42,,,,,,,,,,,,,,,,,,,,42,,42,,,,,,,,,,,,,,,,,,,,,,,,,,,
,,,,,,,,,,,,,38,,38,,,,,,,,,,,,,,,,,,,,,38,38,,,,,,,,,,,,,,,,,,,,,,,,,,,
,,,,,,,,,,,,,,15,,15,,,,,,,,,,,,,,,,,,,,15,,15,,,,,,,,,,,,,,,,,,,,,,,,,,
,,,,,,,,,,,,,45,,45,,,,,,,,,,,,,,,,,,,,,45,45,,,,,,,,,,,,,,,,,,,,,,,,,,,
,,,,,,,,,,,,,,11,11,,,,,,,,,,,,,,,,,,,,,11,11,,,,,,,,,,,,,,,,,,,,,,,,,,,
,,,,,,,,,,,,,18,,18,,,,,,,,,,,,,,,,,,,,,18,18,,,,,,,,,,,,,,,,,,,,,,,,,,,
,,,,,,,,,,,,,,15,,15,,,,,,,,,,,,,,,,,,,,15,,15,,,,,,,,,,,,,,,,,,,,,,,,,,
,,,,,,,,,,,,,16,,,16,,,,,,,,,,,,,,,,,,,16,,,16,,,,,,,,,,,,,,,,,,,,,,,,,,
,,,,,,,,,,,,,12,,12,,,,,,,,,,,,,,,,,,,,12,,12,,,,,,,,,,,,,,,,,,,,,,,,,,,
,,,,,,,,,,,,,12,,12,,,,,,,,,,,,,,,,,,,,12,,12,,,,,,,,,,,,,,,,,,,,,,,,,,,
,,,,,,,,,,,,,21,,,21,,,,,,,,,,,,,,,,,,,21,,,21,,,,,,,,,,,,,,,,,,,,,,,,,,
,,,,,,,,,,,,,,20,,20,,,,,,,,,,,,,,,,,,,20,,,20,,,,,,,,,,,,,,,,,,,,,,,,,,
,,,,,,,,,,,,,43,,43,,,,,,,,,,,,,,,,,,,,43,,43,,,,,,,,,,,,,,,,,,,,,,,,,,,
,,,,,,,,,,,,,,6,,6,,,,,,,,,,,,,,,,,,,,6,,6,,,,,,,,,,,,,,,,,,,,,,,,,,
,,,,,,,,,,,,,32,,,32,,,,,,,,,,,,,,,,,,,32,,,32,,,,,,,,,,,,,,,,,,,,,,,,,,
,,,,,,,,,,,,,36,,36,,,,,,,,,,,,,,,,,,,,36,,36,,,,,,,,,,,,,,,,,,,,,,,,,,,
,,,,,,,,,,,,,29,,,29,,,,,,,,,,,,,,,,,,,29,,,29,,,,,,,,,,,,,,,,,,,,,,,,,,
,,,,,,,,,,,,,47,,,47,,,,,,,,,,,,,,,,,,,47,,,47,,,,,,,,,,,,,,,,,,,,,,,,,,
,,,,,,,,,,,,,,31,,31,,,,,,,,,,,,,,,,,,,,31,,31,,,,,,,,,,,,,,,,,,,,,,,,,,
,,,,,,,,,,,,,41,,,41,,,,,,,,,,,,,,,,,,,,41,,41,,,,,,,,,,,,,,,,,,,,,,,,,,
,,,,,,,,,,,,,,15,,15,,,,,,,,,,,,,,,,,,,,15,,15,,,,,,,,,,,,,,,,,,,,,,,,,,
,,,,,,,,,,,,,,26,,26,,,,,,,,,,,,,,,,,,,,26,,26,,,,,,,,,,,,,,,,,,,,,,,,,,
,,,,,,,,,,,,,,11,11,,,,,,,,,,,,,,,,,,,,,11,11,,,,,,,,,,,,,,,,,,,,,,,,,,,
,,,,,,,,,,,,,,17,17,,,,,,,,,,,,,,,,,,,,17,,17,,,,,,,,,,,,,,,,,,,,,,,,,,,
,,,,,,,,,,,,,5,,,5,,,,,,,,,,,,,,,,,,,,5,,5,,,,,,,,,,,,,,,,,,,,,,,,,,
,,,,,,,,,,,,,,37,37,,,,,,,,,,,,,,,,,,,,37,,37,,,,,,,,,,,,,,,,,,,,,,,,,,,
,,,,,,,,,,,,,25,,25,,,,,,,,,,,,,,,,,,,,25,,25,,,,,,,,,,,,,,,,,,,,,,,,,,,
,,,,,,,,,,,,,49,,,49,,,,,,,,,,,,,,,,,,,,49,,49,,,,,,,,,,,,,,,,,,,,,,,,,,
,,,,,,,,,,,,,,37,37,,,,,,,,,,,,,,,,,,,,37,,37,,,,,,,,,,,,,,,,,,,,,,,,,,,
,,,,,,,,,,,,,34,,,34,,,,,,,,,,,,,,,,,,,,34,,34,,,,,,,,,,,,,,,,,,,,,,,,,,
,,,,,,,,,,,,,,39,,39,,,,,,,,,,,,,,,,,,,,39,,39,,,,,,,,,,,,,,,,,,,,,,,,,,
,,,,,,,,,,,,,,26,,26,,,,,,,,,,,,,,,,,,,,26,,26,,,,,,,,,,,,,,,,,,,,,,,,,,
,,,,,,,,,,,,,,17,17,,,,,,,,,,,,,,,,,,,,17,,17,,,,,,,,,,,,,,,,,,,,,,,,,,,
,,,,,,,,,,,,,,40,40,,,,,,,,,,,,,,,,,,,,,40,40,,,,,,,,,,,,,,,,,,,,,,,,,,,
,,,,,,,,,,,,,34,,,34,,,,,,,,,,,,,,,,,,,,34,,34,,,,,,,,,,,,,,,,,,,,,,,,,,
,,,,,,,,,,,,,29,,,29,,,,,,,,,,,,,,,,,,,29,,,29,,,,,,,,,,,,,,,,,,,,,,,,,,
,,,,,,,,,,,,,,33,,33,,,,,,,,,,,,,,,,,,,33,,,33,,,,,,,,,,,,,,,,,,,,,,,,,,
,,,,,,,,,,,,,25,,25,,,,,,,,,,,,,,,,,,,,25,,25,,,,,,,,,,,,,,,,,,,,,,,,,,,
,,,,,,,,,,,,,25,,25,,,,,,,,,,,,,,,,,,,,25,,25,,,,,,,,,,,,,,,,,,,,,,,,,,,
,,,,,,,,,,,,,,2,2,,,,,,,,,,,,,,,,,,,,2,,2,,,,,,,,,,,,,,,,,,,,,,,,,,,
,,,,,,,,,,,,,,33,,33,,,,,,,,,,,,,,,,,,,33,,,33,,,,,,,,,,,,,,,,,,,,,,,,,,
,,,,,,,,,,,,,47,,,47,,,,,,,,,,,,,,,,,,,47,,,47,,,,,,,,,,,,,,,,,,,,,,,,,,
,,,,,,,,,,,,,,28,,28,,,,,,,,,,,,,,,,,,,28,,,28,,,,,,,,,,,,,,,,,,,,,,,,,,
,,,,,,,,,,,,,,15,,15,,,,,,,,,,,,,,,,,,,,15,,15,,,,,,,,,,,,,,,,,,,,,,,,,,
,,,,,,,,,,,,,25,,25,,,,,,,,,,,,,,,,,,,,25,,25,,,,,,,,,,,,,,,,,,,,,,,,,,,
