,,,,,,,,,,5,,,,,,,,5,,,,,,,,,,,,,5,,,,,,,,,,,,,,,,,,
,,,,,,,,,,5,,,,,,,,5,,,,,,,,,,,,,5,,,,,,,,,,,,,,,,,,
,,,,,,,,,,5,,,,,,,,5,,,,,,,,,,,,,5,,,,,,,,,,,,,,,,,,
,,,,,,,9,,,,,,,,,,,9,,,,,,,,,,,,9,,,,,,,,,,,,,,,,,,,
,,,,,,,9,,,,,,,,,,,9,,,,,,,,,,,,9,,,,,,,,,,,,,,,,,,,
,,,,,,,9,,,,,,,,,,,9,,,,,,,,,,,,9,,,,,,,,,,,,,,,,,,,
,,,,,,,,,,,,7,,,,,,7,,,,,,,,,,7,,,,,,,,,,,,,,,,,,,,,
,,,,,,,,,,,,7,,,,,,7,,,,,,,,,,7,,,,,,,,,,,,,,,,,,,,,
,,,,,,,2,,,,,,,,,,,2,,,,,,,,,,2,,,,,,,,,,,,,,,,,,,,,
,,,,,,,2,,,,,,,,,,,2,,,,,,,,,,2,,,,,,,,,,,,,,,,,,,,,
,,,,,,,2,,,,,,,,,,,2,,,,,,,,,,2,,,,,,,,,,,,,,,,,,,,,
,,,,,,,,3,,,,,,,,,,3,,,,,,,,,,,3,,,,,,,,,,,,,,,,,,,,
,,,,,,,,3,,,,,,,,,,3,,,,,,,,,,,3,,,,,,,,,,,,,,,,,,,,
,,,,,,,,3,,,,,,,,,,3,,,,,,,,,,,3,,,,,,,,,,,,,,,,,,,,
,,,,,,,,,4,,,,,,,,,4,,,,,,,,,,,,4,,,,,,,,,,,,,,,,,,,
,,,,,,,,,4,,,,,,,,,4,,,,,,,,,,,,4,,,,,,,,,,,,,,,,,,,
,,,,,,,,,4,,,,,,,,,4,,,,,,,,,,,,4,,,,,,,,,,,,,,,,,,,
,,,,,,,23,,,,,,,,,,,23,,,,,,,,,,,23,,,,,,,,,,,,,,,,,,,,,,,,,,,,,,,,,,,
,,,,,,,23,,,,,,,,,,,23,,,,,,,,,,,23,,,,,,,,,,,,,,,,,,,,,,,,,,,,,,,,,,,
,,,,,,1,,,,,,,,,,,,1,,,,,,,,,1,,,,,,,,,,,,,,,,,,,,,,,,,,,,,,,,,,,,,
,,,,,,1,,,,,,,,,,,,1,,,,,,,,,1,,,,,,,,,,,,,,,,,,,,,,,,,,,,,,,,,,,,,
,,,,,,,,,11,,,,,,,,,11,,,,,,,,,11,,,,,,,,,,,,,,,,,,,,,,,,,,,,,,,,,,,,,
,,,,,,,2,,,,,,,,,,,2,,,,,,,,,,2,,,,,,,,,,,,,,,,,,,,,,,,,,,,,,,,,,,,
,,,,,,,2,,,,,,,,,,,2,,,,,,,,,,2,,,,,,,,,,,,,,,,,,,,,,,,,,,,,,,,,,,,
,,,,,,,2,,,,,,,,,,,2,,,,,,,,,,2,,,,,,,,,,,,,,,,,,,,,,,,,,,,,,,,,,,,
,,,,,,,,,4,,,,,,,,,4,,,,,,,,,,,,4,,,,,,,,,,,,,,,,,,,,,,,,,,,,,,,,,,
,,,,,,,,,,5,,,,,,,,5,,,,,,,,,,,,,5,,,,,,,,,,,,,,,,,,,,,,,,,,,,,,,,,
,,,,,,1,,,,,,,,,,,,1,,,,,,,,,1,,,,,,,,,,,,,,,,,,,,,,,,,,,,,,,,,,,,,
,,,,,,1,,,,,,,,,,,,1,,,,,,,,,1,,,,,,,,,,,,,,,,,,,,,,,,,,,,,,,,,,,,,
,,,,,,1,,,,,,,,,,,,1,,,,,,,,,1,,,,,,,,,,,,,,,,,,,,,,,,,,,,,,,,,,,,,,,,,,,,,,,,,,,,,,,,,,,,,,,,,,,,,,,,,,,,,,,,,,,,,,,,,,,,,,,,,,,,,,,,,,,,,,,,,,,,,,,,,,,,,,,,,,,,,,,,,,,,,,,,,,,,,,,,,,,,,,,,,,,,,,,,,,,,,,,,,,,,,,,,,,,,,,,,,,,,,,,,,,,,,,,,,,,,,,,,,,,,,,,,,,,,,,,,,,,,,,,,,,,,,,,,,,,,,,,,,,,,,,,,,,,,,,,,,,,,,,,,,,,,,,,,,,,,,,,,,,,,,,,,,,,,,,,,,,,,,,,,,,,,,,,,,,,,,,,,,,,,,,,,,,,,,,,,,,,,,,,,,,,,,,,,,,,,,,,,,,,,,,,,,,,,,,,,,,,,,,,,,,,,,,,,,,,,,,,,,,,,,,
,,,,,,1,,,,,,,,,,,,1,,,,,,,,,1,,,,,,,,,,,,,,,,,,,,,,
,,,,,,,2,,,,,,,,,,,2,,,,,,,,,,2,,,,,,,,,,,,,,,,,,,,,
