,,3,,3,,,,,,,,,3,,3,,,,,,,,,3,,3,,,,,,,,,,3,3,,,,,,,,,,,,,,,,,,,,,,,,,,,
,,4,,4,,,,,,,,,4,,4,,,,,,,,,4,,4,,,,,,,,,,4,4,,,,,,,,,,,,,,,,,,,,,,,,,,,
,,46,,,46,,,,,,,,,46,,46,,,,,,,,,46,,46,,,,,,,,,46,,46,,,,,,,,,,,,,,,,,,,,,,,,,,
,,40,,,40,,,,,,,,40,,,40,,,,,,,,40,,,40,,,,,,,,40,,,40,,,,,,,,,,,,,,,,,,,,,,,,,,
,,,27,27,,,,,,,,,,27,27,,,,,,,,,27,,27,,,,,,,,,27,,27,,,,,,,,,,,,,,,,,,,,,,,,,,,
,,41,,,41,,,,,,,,41,,,41,,,,,,,,41,,,41,,,,,,,,,41,,41,,,,,,,,,,,,,,,,,,,,,,,,,,
,,,34,,34,,,,,,,,34,,,34,,,,,,,,,34,,34,,,,,,,,34,,,34,,,,,,,,,,,,,,,,,,,,,,,,,,
,,42,,,42,,,,,,,,42,,,42,,,,,,,,42,,,42,,,,,,,,,42,,42,,,,,,,,,,,,,,,,,,,,,,,,,,
,,,35,,35,,,,,,,,35,,,35,,,,,,,,,35,,35,,,,,,,,35,,,35,,,,,,,,,,,,,,,,,,,,,,,,,,
,,40,,,40,,,,,,,,40,,,40,,,,,,,,40,,,40,,,,,,,,40,,,40,,,,,,,,,,,,,,,,,,,,,,,,,,
,,4,,4,,,,,,,,,4,,4,,,,,,,,,4,,4,,,,,,,,,,4,4,,,,,,,,,,,,,,,,,,,,,,,,,,,
,,41,,,41,,,,,,,,41,,,41,,,,,,,,41,,,41,,,,,,,,,41,,41,,,,,,,,,,,,,,,,,,,,,,,,,,
,,,25,25,,,,,,,,,25,,25,,,,,,,,,,25,25,,,,,,,,,25,,25,,,,,,,,,,,,,,,,,,,,,,,,,,,
,,42,,,42,,,,,,,,42,,,42,,,,,,,,42,,,42,,,,,,,,,42,,42,,,,,,,,,,,,,,,,,,,,,,,,,,
,,,28,28,,,,,,,,,,28,28,,,,,,,,,28,,28,,,,,,,,,,28,28,,,,,,,,,,,,,,,,,,,,,,,,,,,
,,40,,,40,,,,,,,,40,,,40,,,,,,,,40,,,40,,,,,,,,40,,,40,,,,,,,,,,,,,,,,,,,,,,,,,,
,,49,,49,,,,,,,,,,49,49,,,,,,,,,,49,49,,,,,,,,,49,,49,,,,,,,,,,,,,,,,,,,,,,,,,,,
,,41,,,41,,,,,,,,41,,,41,,,,,,,,41,,,41,,,,,,,,,41,,41,,,,,,,,,,,,,,,,,,,,,,,,,,
,,,23,23,,,,,,,,,23,,23,,,,,,,,,,23,23,,,,,,,,,23,,23,,,,,,,,,,,,,,,,,,,,,,,,,,,
,,42,,,42,,,,,,,,42,,,42,,,,,,,,42,,,42,,,,,,,,,42,,42,,,,,,,,,,,,,,,,,,,,,,,,,,
,,12,,,12,,,,,,,,,12,,12,,,,,,,,,12,,12,,,,,,,,12,,,12,,,,,,,,,,,,,,,,,,,,,,,,,,
,,40,,,40,,,,,,,,40,,,40,,,,,,,,40,,,40,,,,,,,,40,,,40,,,,,,,,,,,,,,,,,,,,,,,,,,
,,,29,29,,,,,,,,,,29,29,,,,,,,,,29,,29,,,,,,,,,,29,29,,,,,,,,,,,,,,,,,,,,,,,,,,,
,,41,,,41,,,,,,,,41,,,41,,,,,,,,41,,,41,,,,,,,,,41,,41,,,,,,,,,,,,,,,,,,,,,,,,,,
,,8,,8,,,,,,,,,,8,8,,,,,,,,,,8,8,,,,,,,,,,8,8,,,,,,,,,,,,,,,,,,,,,,,,,,,
,,42,,,42,,,,,,,,42,,,42,,,,,,,,42,,,42,,,,,,,,,42,,42,,,,,,,,,,,,,,,,,,,,,,,,,,
,,2,,2,,,,,,,,,2,,2,,,,,,,,,2,,2,,,,,,,,,2,,2,,,,,,,,,,,,,,,,,,,,,,,,,,,
,,40,,,40,,,,,,,,40,,,40,,,,,,,,40,,,40,,,,,,,,40,,,40,,,,,,,,,,,,,,,,,,,,,,,,,,
,,13,,13,,,,,,,,,,13,13,,,,,,,,,,13,13,,,,,,,,,13,,13,,,,,,,,,,,,,,,,,,,,,,,,,,,
,,41,,,41,,,,,,,,41,,,41,,,,,,,,41,,,41,,,,,,,,,41,,41,,,,,,,,,,,,,,,,,,,,,,,,,,
,,7,,7,,,,,,,,,,7,7,,,,,,,,,,7,7,,,,,,,,,,7,7,,,,,,,,,,,,,,,,,,,,,,,,,,,
,,42,,,42,,,,,,,,42,,,42,,,,,,,,42,,,42,,,,,,,,,42,,42,,,,,,,,,,,,,,,,,,,,,,,,,,
,,,30,,30,,,,,,,,30,,,30,,,,,,,,,30,,30,,,,,,,,,30,,30,,,,,,,,,,,,,,,,,,,,,,,,,,
,,40,,,40,,,,,,,,40,,,40,,,,,,,,40,,,40,,,,,,,,40,,,40,,,,,,,,,,,,,,,,,,,,,,,,,,
,,,25,25,,,,,,,,,25,,25,,,,,,,,,,25,25,,,,,,,,,25,,25,,,,,,,,,,,,,,,,,,,,,,,,,,,
,,41,,,41,,,,,,,,41,,,41,,,,,,,,41,,,41,,,,,,,,,41,,41,,,,,,,,,,,,,,,,,,,,,,,,,,
,,44,,,44,,,,,,,,44,,,44,,,,,,,,44,,,44,,,,,,,,,44,,44,,,,,,,,,,,,,,,,,,,,,,,,,,
,,42,,,42,,,,,,,,42,,,42,,,,,,,,42,,,42,,,,,,,,,42,,42,,,,,,,,,,,,,,,,,,,,,,,,,,
,,,27,27,,,,,,,,,,27,27,,,,,,,,,27,,27,,,,,,,,,27,,27,,,,,,,,,,,,,,,,,,,,,,,,,,,
,,40,,,40,,,,,,,,40,,,40,,,,,,,,40,,,40,,,,,,,,40,,,40,,,,,,,,,,,,,,,,,,,,,,,,,,
,,42,,,42,,,,,,,,42,,,42,,,,,,,,42,,,42,,,,,,,,,42,,42,,,,,,,,,,,,,,,,,,,,,,,,,,
,,41,,,41,,,,,,,,41,,,41,,,,,,,,41,,,41,,,,,,,,,41,,41,,,,,,,,,,,,,,,,,,,,,,,,,,
,,,37,,37,,,,,,,,,37,,37,,,,,,,,37,,,37,,,,,,,,,37,,37,,,,,,,,,,,,,,,,,,,,,,,,,,
,,42,,,42,,,,,,,,42,,,42,,,,,,,,42,,,42,,,,,,,,,42,,42,,,,,,,,,,,,,,,,,,,,,,,,,,
,,,15,15,,,,,,,,,,15,15,,,,,,,,,15,,15,,,,,,,,,,15,15,,,,,,,,,,,,,,,,,,,,,,,,,,,
,,40,,,40,,,,,,,,40,,,40,,,,,,,,40,,,40,,,,,,,,40,,,40,,,,,,,,,,,,,,,,,,,,,,,,,,
,,,15,15,,,,,,,,,,15,15,,,,,,,,,15,,15,,,,,,,,,,15,15,,,,,,,,,,,,,,,,,,,,,,,,,,,
,,41,,,41,,,,,,,,41,,,41,,,,,,,,41,,,41,,,,,,,,,41,,41,,,,,,,,,,,,,,,,,,,,,,,,,,
,,,35,,35,,,,,,,,35,,,35,,,,,,,,,35,,35,,,,,,,,35,,,35,,,,,,,,,,,,,,,,,,,,,,,,,,
,,42,,,42,,,,,,,,42,,,42,,,,,,,,42,,,42,,,,,,,,,42,,42,,,,,,,,,,,,,,,,,,,,,,,,,,
,,,37,,37,,,,,,,,,37,,37,,,,,,,,37,,,37,,,,,,,,,37,,37,,,,,,,,,,,,,,,,,,,,,,,,,,
,,40,,,40,,,,,,,,40,,,40,,,,,,,,40,,,40,,,,,,,,40,,,40,,,,,,,,,,,,,,,,,,,,,,,,,,
,,,25,25,,,,,,,,,25,,25,,,,,,,,,,25,25,,,,,,,,,25,,25,,,,,,,,,,,,,,,,,,,,,,,,,,,
,,41,,,41,,,,,,,,41,,,41,,,,,,,,41,,,41,,,,,,,,,41,,41,,,,,,,,,,,,,,,,,,,,,,,,,,
,,10,,,10,,,,,,,,,10,,10,,,,,,,,,10,,10,,,,,,,,10,,,10,,,,,,,,,,,,,,,,,,,,,,,,,,
,,42,,,42,,,,,,,,42,,,42,,,,,,,,42,,,42,,,,,,,,,42,,42,,,,,,,,,,,,,,,,,,,,,,,,,,
,,13,,13,,,,,,,,,,13,13,,,,,,,,,,13,13,,,,,,,,,13,,13,,,,,,,,,,,,,,,,,,,,,,,,,,,
,,40,,,40,,,,,,,,40,,,40,,,,,,,,40,,,40,,,,,,,,40,,,40,,,,,,,,,,,,,,,,,,,,,,,,,,
,,46,,,46,,,,,,,,,46,,46,,,,,,,,,46,,46,,,,,,,,,46,,46,,,,,,,,,,,,,,,,,,,,,,,,,,
,,41,,,41,,,,,,,,41,,,41,,,,,,,,41,,,41,,,,,,,,,41,,41,,,,,,,,,,,,,,,,,,,,,,,,,,
,,12,,,12,,,,,,,,,12,,12,,,,,,,,,12,,12,,,,,,,,12,,,12,,,,,,,,,,,,,,,,,,,,,,,,,,
,,42,,,42,,,,,,,,42,,,42,,,,,,,,42,,,42,,,,,,,,,42,,42,,,,,,,,,,,,,,,,,,,,,,,,,,
,,,37,,37,,,,,,,,,37,,37,,,,,,,,37,,,37,,,,,,,,,37,,37,,,,,,,,,,,,,,,,,,,,,,,,,,
,,40,,,40,,,,,,,,40,,,40,,,,,,,,40,,,40,,,,,,,,40,,,40,,,,,,,,,,,,,,,,,,,,,,,,,,
,,46,,,46,,,,,,,,,46,,46,,,,,,,,,46,,46,,,,,,,,,46,,46,,,,,,,,,,,,,,,,,,,,,,,,,,
,,41,,,41,,,,,,,,41,,,41,,,,,,,,41,,,41,,,,,,,,,41,,41,,,,,,,,,,,,,,,,,,,,,,,,,,
,,1,,1,,,,,,,,,1,,1,,,,,,,,,1,,1,,,,,,,,,1,,1,,,,,,,,,,,,,,,,,,,,,,,,,,,
,,42,,,42,,,,,,,,42,,,42,,,,,,,,42,,,42,,,,,,,,,42,,42,,,,,,,,,,,,,,,,,,,,,,,,,,
,,12,,,12,,,,,,,,,12,,12,,,,,,,,,12,,12,,,,,,,,12,,,12,,,,,,,,,,,,,,,,,,,,,,,,,,
,,40,,,40,,,,,,,,40,,,40,,,,,,,,40,,,40,,,,,,,,40,,,40,,,,,,,,,,,,,,,,,,,,,,,,,,
,,48,,,48,,,,,,,,,48,,48,,,,,,,,,48,,48,,,,,,,,48,,,48,,,,,,,,,,,,,,,,,,,,,,,,,,
,,41,,,41,,,,,,,,41,,,41,,,,,,,,41,,,41,,,,,,,,,41,,41,,,,,,,,,,,,,,,,,,,,,,,,,,
,,,17,17,,,,,,,,,,17,17,,,,,,,,,17,,17,,,,,,,,,,17,17,,,,,,,,,,,,,,,,,,,,,,,,,,,
,,42,,,42,,,,,,,,42,,,42,,,,,,,,42,,,42,,,,,,,,,42,,42,,,,,,,,,,,,,,,,,,,,,,,,,,
,,46,,,46,,,,,,,,,46,,46,,,,,,,,,46,,46,,,,,,,,,46,,46,,,,,,,,,,,,,,,,,,,,,,,,,,
,,40,,,40,,,,,,,,40,,,40,,,,,,,,40,,,40,,,,,,,,40,,,40,,,,,,,,,,,,,,,,,,,,,,,,,,
,,,34,,34,,,,,,,,34,,,34,,,,,,,,,34,,34,,,,,,,,34,,,34,,,,,,,,,,,,,,,,,,,,,,,,,,
,,41,,,41,,,,,,,,41,,,41,,,,,,,,41,,,41,,,,,,,,,41,,41,,,,,,,,,,,,,,,,,,,,,,,,,,
,,46,,,46,,,,,,,,,46,,46,,,,,,,,,46,,46,,,,,,,,,46,,46,,,,,,,,,,,,,,,,,,,,,,,,,,
,,42,,,42,,,,,,,,42,,,42,,,,,,,,42,,,42,,,,,,,,,42,,42,,,,,,,,,,,,,,,,,,,,,,,,,,
,,10,,,10,,,,,,,,,10,,10,,,,,,,,,10,,10,,,,,,,,10,,,10,,,,,,,,,,,,,,,,,,,,,,,,,,
,,40,,,40,,,,,,,,40,,,40,,,,,,,,40,,,40,,,,,,,,40,,,40,,,,,,,,,,,,,,,,,,,,,,,,,,
,,2,,2,,,,,,,,,2,,2,,,,,,,,,2,,2,,,,,,,,,2,,2,,,,,,,,,,,,,,,,,,,,,,,,,,,
,,41,,,41,,,,,,,,41,,,41,,,,,,,,41,,,41,,,,,,,,,41,,41,,,,,,,,,,,,,,,,,,,,,,,,,,
,,6,,6,,,,,,,,,6,,6,,,,,,,,,6,,6,,,,,,,,,,6,6,,,,,,,,,,,,,,,,,,,,,,,,,,,
,,42,,,42,,,,,,,,42,,,42,,,,,,,,42,,,42,,,,,,,,,42,,42,,,,,,,,,,,,,,,,,,,,,,,,,,
,,14,,,14,,,,,,,,,14,,14,,,,,,,,,14,,14,,,,,,,,14,,,14,,,,,,,,,,,,,,,,,,,,,,,,,,
,,40,,,40,,,,,,,,40,,,40,,,,,,,,40,,,40,,,,,,,,40,,,40,,,,,,,,,,,,,,,,,,,,,,,,,,
,,,26,26,,,,,,,,,,26,26,,,,,,,,,26,,26,,,,,,,,,26,,26,,,,,,,,,,,,,,,,,,,,,,,,,,,
,,41,,,41,,,,,,,,41,,,41,,,,,,,,41,,,41,,,,,,,,,41,,41,,,,,,,,,,,,,,,,,,,,,,,,,,
,,,24,24,,,,,,,,,24,,24,,,,,,,,,,24,24,,,,,,,,,24,,24,,,,,,,,,,,,,,,,,,,,,,,,,,,
,,42,,,42,,,,,,,,42,,,42,,,,,,,,42,,,42,,,,,,,,,42,,42,,,,,,,,,,,,,,,,,,,,,,,,,,
,,,17,17,,,,,,,,,,17,17,,,,,,,,,17,,17,,,,,,,,,,17,17,,,,,,,,,,,,,,,,,,,,,,,,,,,
,,40,,,40,,,,,,,,40,,,40,,,,,,,,40,,,40,,,,,,,,40,,,40,,,,,,,,,,,,,,,,,,,,,,,,,,
,,10,,,10,,,,,,,,,10,,10,,,,,,,,,10,,10,,,,,,,,10,,,10,,,,,,,,,,,,,,,,,,,,,,,,,,
,,41,,,41,,,,,,,,41,,,41,,,,,,,,41,,,41,,,,,,,,,41,,41,,,,,,,,,,,,,,,,,,,,,,,,,,
,,8,,8,,,,,,,,,,8,8,,,,,,,,,,8,8,,,,,,,,,,8,8,,,,,,,,,,,,,,,,,,,,,,,,,,,
,,42,,,42,,,,,,,,42,,,42,,,,,,,,42,,,42,,,,,,,,,42,,42,,,,,,,,,,,,,,,,,,,,,,,,,,
,,7,,7,,,,,,,,,,7,7,,,,,,,,,,7,7,,,,,,,,,,7,7,,,,,,,,,,,,,,,,,,,,,,,,,,,
