,,3,,,3,,,,,,,,3,,,3,,,,,,,,,3,,3,,,,,,3,,,3,,,,,,,,,,,,,,,,,,,,,,,,,,,,
,,,4,,4,,,,,,,,,4,,4,,,,,,,,4,,,4,,,,,,4,,,4,,,,,,,,,,,,,,,,,,,,,,,,,,,,
,,,,,,,,,,,,,43,,,43,,,,,,,,,,,,,,,,,43,,,43,,,,,,,,,,,,,,,,,,,,,,,,,,,,
,,,,,,,,,,,,,43,,,43,,,,,,,,,,,,,,,,,43,,,43,,,,,,,,,,,,,,,,,,,,,,,,,,,,
,,,,,,,,,,,,,,31,,31,,,,,,,,,,,,,,,,,31,,,31,,,,,,,,,,,,,,,,,,,,,,,,,,,,
,,,,,,,,,,,,,25,,,25,,,,,,,,,,,,,,,,,25,,,25,,,,,,,,,,,,,,,,,,,,,,,,,,,,
,,,,,,,,,,,,,,36,36,,,,,,,,,,,,,,,,,,,36,36,,,,,,,,,,,,,,,,,,,,,,,,,,,,,
,,,,,,,,,,,,,21,,,21,,,,,,,,,,,,,,,,,21,,,21,,,,,,,,,,,,,,,,,,,,,,,,,,,,
,,,,,,,,,,,,,,9,9,,,,,,,,,,,,,,,,,,,9,9,,,,,,,,,,,,,,,,,,,,,,,,,,,,,
,,,,,,,,,,,,,,38,,38,,,,,,,,,,,,,,,,,,38,,38,,,,,,,,,,,,,,,,,,,,,,,,,,,,
,,,,,,,,,,,,,23,,23,,,,,,,,,,,,,,,,,,23,,23,,,,,,,,,,,,,,,,,,,,,,,,,,,,,
,,,,,,,,,,,,,,7,,7,,,,,,,,,,,,,,,,,,7,,7,,,,,,,,,,,,,,,,,,,,,,,,,,,,
,,,,,,,,,,,,,,38,,38,,,,,,,,,,,,,,,,,,38,,38,,,,,,,,,,,,,,,,,,,,,,,,,,,,
,,,,,,,,,,,,,,18,18,,,,,,,,,,,,,,,,,,,18,18,,,,,,,,,,,,,,,,,,,,,,,,,,,,,
,,,,,,,,,,,,,26,,,26,,,,,,,,,,,,,,,,,,26,,26,,,,,,,,,,,,,,,,,,,,,,,,,,,,
,,,,,,,,,,,,,37,,37,,,,,,,,,,,,,,,,,,,37,37,,,,,,,,,,,,,,,,,,,,,,,,,,,,,
,,,,,,,,,,,,,37,,37,,,,,,,,,,,,,,,,,,,37,37,,,,,,,,,,,,,,,,,,,,,,,,,,,,,
,,,,,,,,,,,,,14,,14,,,,,,,,,,,,,,,,,,14,,14,,,,,,,,,,,,,,,,,,,,,,,,,,,,,
,,,,,,,,,,,,,,29,,29,,,,,,,,,,,,,,,,,,29,,29,,,,,,,,,,,,,,,,,,,,,,,,,,,,
,,,,,,,,,,,,,30,,,30,,,,,,,,,,,,,,,,,,30,,30,,,,,,,,,,,,,,,,,,,,,,,,,,,,
,,,,,,,,,,,,,,2,2,,,,,,,,,,,,,,,,,,2,,2,,,,,,,,,,,,,,,,,,,,,,,,,,,,,
,,,,,,,,,,,,,,35,,35,,,,,,,,,,,,,,,,,35,,,35,,,,,,,,,,,,,,,,,,,,,,,,,,,,
,,,,,,,,,,,,,26,,,26,,,,,,,,,,,,,,,,,,26,,26,,,,,,,,,,,,,,,,,,,,,,,,,,,,
,,,,,,,,,,,,,26,,,26,,,,,,,,,,,,,,,,,,26,,26,,,,,,,,,,,,,,,,,,,,,,,,,,,,
,,,,,,,,,,,,,14,,14,,,,,,,,,,,,,,,,,,14,,14,,,,,,,,,,,,,,,,,,,,,,,,,,,,,
,,,,,,,,,,,,,8,,,8,,,,,,,,,,,,,,,,,,8,,8,,,,,,,,,,,,,,,,,,,,,,,,,,,,
,,,,,,,,,,,,,,44,,44,,,,,,,,,,,,,,,,,44,,,44,,,,,,,,,,,,,,,,,,,,,,,,,,,,
,,,,,,,,,,,,,21,,,21,,,,,,,,,,,,,,,,,21,,,21,,,,,,,,,,,,,,,,,,,,,,,,,,,,
,,,,,,,,,,,,,,22,,22,,,,,,,,,,,,,,,,,22,,,22,,,,,,,,,,,,,,,,,,,,,,,,,,,,
,,,,,,,,,,,,,46,,46,,,,,,,,,,,,,,,,,,,46,46,,,,,,,,,,,,,,,,,,,,,,,,,,,,,
,,,,,,,,,,,,,,40,40,,,,,,,,,,,,,,,,,,,40,40,,,,,,,,,,,,,,,,,,,,,,,,,,,,,
,,,,,,,,,,,,,,33,33,,,,,,,,,,,,,,,,,,33,,33,,,,,,,,,,,,,,,,,,,,,,,,,,,,,
,,,,,,,,,,,,,30,,,30,,,,,,,,,,,,,,,,,,30,,30,,,,,,,,,,,,,,,,,,,,,,,,,,,,
,,,,,,,,,,,,,,29,,29,,,,,,,,,,,,,,,,,,29,,29,,,,,,,,,,,,,,,,,,,,,,,,,,,,
,,,,,,,,,,,,,,27,27,,,,,,,,,,,,,,,,,,,27,27,,,,,,,,,,,,,,,,,,,,,,,,,,,,,
,,,,,,,,,,,,,1,,1,,,,,,,,,,,,,,,,,,1,,1,,,,,,,,,,,,,,,,,,,,,,,,,,,,,
,,,,,,,,,,,,,,4,,4,,,,,,,,,,,,,,,,,4,,,4,,,,,,,,,,,,,,,,,,,,,,,,,,,,
,,,,,,,,,,,,,,36,36,,,,,,,,,,,,,,,,,,,36,36,,,,,,,,,,,,,,,,,,,,,,,,,,,,,
,,,,,,,,,,,,,,36,36,,,,,,,,,,,,,,,,,,,36,36,,,,,,,,,,,,,,,,,,,,,,,,,,,,,
,,,,,,,,,,,,,,18,18,,,,,,,,,,,,,,,,,,,18,18,,,,,,,,,,,,,,,,,,,,,,,,,,,,,
,,,,,,,,,,,,,25,,,25,,,,,,,,,,,,,,,,,25,,,25,,,,,,,,,,,,,,,,,,,,,,,,,,,,
,,,,,,,,,,,,,25,,,25,,,,,,,,,,,,,,,,,25,,,25,,,,,,,,,,,,,,,,,,,,,,,,,,,,
,,,,,,,,,,,,,,31,,31,,,,,,,,,,,,,,,,,31,,,31,,,,,,,,,,,,,,,,,,,,,,,,,,,,
,,,,,,,,,,,,,,24,24,,,,,,,,,,,,,,,,,,24,,24,,,,,,,,,,,,,,,,,,,,,,,,,,,,,
,,,,,,,,,,,,,25,,,25,,,,,,,,,,,,,,,,,25,,,25,,,,,,,,,,,,,,,,,,,,,,,,,,,,
,,,,,,,,,,,,,43,,,43,,,,,,,,,,,,,,,,,43,,,43,,,,,,,,,,,,,,,,,,,,,,,,,,,,
,,,,,,,,,,,,,,27,27,,,,,,,,,,,,,,,,,,,27,27,,,,,,,,,,,,,,,,,,,,,,,,,,,,,
,,,,,,,,,,,,,,24,24,,,,,,,,,,,,,,,,,,24,,24,,,,,,,,,,,,,,,,,,,,,,,,,,,,,
,,,,,,,,,,,,,3,,,3,,,,,,,,,,,,,,,,,3,,,3,,,,,,,,,,,,,,,,,,,,,,,,,,,,
,,,,,,,,,,,,,,29,,29,,,,,,,,,,,,,,,,,,29,,29,,,,,,,,,,,,,,,,,,,,,,,,,,,,
,,,,,,,,,,,,,,16,,16,,,,,,,,,,,,,,,,,,16,,16,,,,,,,,,,,,,,,,,,,,,,,,,,,,
,,,,,,,,,,,,,,47,,47,,,,,,,,,,,,,,,,,,47,,47,,,,,,,,,,,,,,,,,,,,,,,,,,,,
,,,,,,,,,,,,,14,,14,,,,,,,,,,,,,,,,,,14,,14,,,,,,,,,,,,,,,,,,,,,,,,,,,,,
,,,,,,,,,,,,,28,,28,,,,,,,,,,,,,,,,,,,28,28,,,,,,,,,,,,,,,,,,,,,,,,,,,,,
,,,,,,,,,,,,,25,,,25,,,,,,,,,,,,,,,,,25,,,25,,,,,,,,,,,,,,,,,,,,,,,,,,,,
,,,,,,,,,,,,,10,,10,,,,,,,,,,,,,,,,,,,10,10,,,,,,,,,,,,,,,,,,,,,,,,,,,,,
,,,,,,,,,,,,,48,,,48,,,,,,,,,,,,,,,,,,48,,48,,,,,,,,,,,,,,,,,,,,,,,,,,,,
,,,,,,,,,,,,,26,,,26,,,,,,,,,,,,,,,,,,26,,26,,,,,,,,,,,,,,,,,,,,,,,,,,,,
,,,,,,,,,,,,,8,,,8,,,,,,,,,,,,,,,,,,8,,8,,,,,,,,,,,,,,,,,,,,,,,,,,,,
,,,,,,,,,,,,,,16,,16,,,,,,,,,,,,,,,,,,16,,16,,,,,,,,,,,,,,,,,,,,,,,,,,,,
,,,,,,,,,,,,,,7,,7,,,,,,,,,,,,,,,,,,7,,7,,,,,,,,,,,,,,,,,,,,,,,,,,,,
,,,,,,,,,,,,,10,,10,,,,,,,,,,,,,,,,,,,10,10,,,,,,,,,,,,,,,,,,,,,,,,,,,,,
,,,,,,,,,,,,,19,,19,,,,,,,,,,,,,,,,,,,19,19,,,,,,,,,,,,,,,,,,,,,,,,,,,,,
,,,,,,,,,,,,,41,,41,,,,,,,,,,,,,,,,,,41,,41,,,,,,,,,,,,,,,,,,,,,,,,,,,,,
,,,,,,,,,,,,,1,,1,,,,,,,,,,,,,,,,,,1,,1,,,,,,,,,,,,,,,,,,,,,,,,,,,,,
,,,,,,,,,,,,,48,,,48,,,,,,,,,,,,,,,,,,48,,48,,,,,,,,,,,,,,,,,,,,,,,,,,,,
,,,,,,,,,,,,,,31,,31,,,,,,,,,,,,,,,,,31,,,31,,,,,,,,,,,,,,,,,,,,,,,,,,,,
,,,,,,,,,,,,,39,,,39,,,,,,,,,,,,,,,,,,39,,39,,,,,,,,,,,,,,,,,,,,,,,,,,,,
,,,,,,,,,,,,,6,,6,,,,,,,,,,,,,,,,,,6,,,6,,,,,,,,,,,,,,,,,,,,,,,,,,,,
,,,,,,,,,,,,,,4,,4,,,,,,,,,,,,,,,,,4,,,4,,,,,,,,,,,,,,,,,,,,,,,,,,,,
,,,,,,,,,,,,,,40,40,,,,,,,,,,,,,,,,,,,40,40,,,,,,,,,,,,,,,,,,,,,,,,,,,,,
,,,,,,,,,,,,,3,,,3,,,,,,,,,,,,,,,,,3,,,3,,,,,,,,,,,,,,,,,,,,,,,,,,,,
,,,,,,,,,,,,,21,,,21,,,,,,,,,,,,,,,,,21,,,21,,,,,,,,,,,,,,,,,,,,,,,,,,,,
,,,,,,,,,,,,,30,,,30,,,,,,,,,,,,,,,,,,30,,30,,,,,,,,,,,,,,,,,,,,,,,,,,,,
,,,,,,,,,,,,,48,,,48,,,,,,,,,,,,,,,,,,48,,48,,,,,,,,,,,,,,,,,,,,,,,,,,,,
,,,,,,,,,,,,,30,,,30,,,,,,,,,,,,,,,,,,30,,30,,,,,,,,,,,,,,,,,,,,,,,,,,,,
,,,,,,,,,,,,,28,,28,,,,,,,,,,,,,,,,,,,28,28,,,,,,,,,,,,,,,,,,,,,,,,,,,,,
,,,,,,,,,,,,,,15,15,,,,,,,,,,,,,,,,,,15,,15,,,,,,,,,,,,,,,,,,,,,,,,,,,,,
,,,,,,,,,,,,,,20,,20,,,,,,,,,,,,,,,,,,20,,20,,,,,,,,,,,,,,,,,,,,,,,,,,,,
,,,,,,,,,,,,,,36,36,,,,,,,,,,,,,,,,,,,36,36,,,,,,,,,,,,,,,,,,,,,,,,,,,,,
,,,,,,,,,,,,,,36,36,,,,,,,,,,,,,,,,,,,36,36,,,,,,,,,,,,,,,,,,,,,,,,,,,,,
,,,,,,,,,,,,,17,,,17,,,,,,,,,,,,,,,,,,17,,17,,,,,,,,,,,,,,,,,,,,,,,,,,,,
,,,,,,,,,,,,,43,,,43,,,,,,,,,,,,,,,,,43,,,43,,,,,,,,,,,,,,,,,,,,,,,,,,,,
,,,,,,,,,,,,,41,,41,,,,,,,,,,,,,,,,,,41,,41,,,,,,,,,,,,,,,,,,,,,,,,,,,,,
,,,,,,,,,,,,,10,,10,,,,,,,,,,,,,,,,,,,10,10,,,,,,,,,,,,,,,,,,,,,,,,,,,,,
,,,,,,,,,,,,,48,,,48,,,,,,,,,,,,,,,,,,48,,48,,,,,,,,,,,,,,,,,,,,,,,,,,,,
,,,,,,,,,,,,,,13,,13,,,,,,,,,,,,,,,,,13,,,13,,,,,,,,,,,,,,,,,,,,,,,,,,,,
,,,,,,,,,,,,,,38,,38,,,,,,,,,,,,,,,,,,38,,38,,,,,,,,,,,,,,,,,,,,,,,,,,,,
,,,,,,,,,,,,,,40,40,,,,,,,,,,,,,,,,,,,40,40,,,,,,,,,,,,,,,,,,,,,,,,,,,,,
,,,,,,,,,,,,,,11,11,,,,,,,,,,,,,,,,,,11,,11,,,,,,,,,,,,,,,,,,,,,,,,,,,,,
,,,,,,,,,,,,,,38,,38,,,,,,,,,,,,,,,,,,38,,38,,,,,,,,,,,,,,,,,,,,,,,,,,,,
,,,,,,,,,,,,,,42,42,,,,,,,,,,,,,,,,,,42,,42,,,,,,,,,,,,,,,,,,,,,,,,,,,,,
,,,,,,,,,,,,,14,,14,,,,,,,,,,,,,,,,,,14,,14,,,,,,,,,,,,,,,,,,,,,,,,,,,,,
,,,,,,,,,,,,,46,,46,,,,,,,,,,,,,,,,,,,46,46,,,,,,,,,,,,,,,,,,,,,,,,,,,,,
,,,,,,,,,,,,,37,,37,,,,,,,,,,,,,,,,,,,37,37,,,,,,,,,,,,,,,,,,,,,,,,,,,,,
,,,,,,,,,,,,,,27,27,,,,,,,,,,,,,,,,,,,27,27,,,,,,,,,,,,,,,,,,,,,,,,,,,,,
,,,,,,,,,,,,,,11,11,,,,,,,,,,,,,,,,,,11,,11,,,,,,,,,,,,,,,,,,,,,,,,,,,,,
,,,,,,,,,,,,,,42,42,,,,,,,,,,,,,,,,,,42,,42,,,,,,,,,,,,,,,,,,,,,,,,,,,,,
,,,,,,,,,,,,,,16,,16,,,,,,,,,,,,,,,,,,16,,16,,,,,,,,,,,,,,,,,,,,,,,,,,,,
,,,,,,,,,,,,,,31,,31,,,,,,,,,,,,,,,,,31,,,31,,,,,,,,,,,,,,,,,,,,,,,,,,,,
,,,,,,,,,,,,,,13,,13,,,,,,,,,,,,,,,,,13,,,13,,,,,,,,,,,,,,,,,,,,,,,,,,,,
,,,,,,,,,,,,,,44,,44,,,,,,,,,,,,,,,,,44,,,44,,,,,,,,,,,,,,,,,,,,,,,,,,,,
,,,,,,,,,,,,,,49,49,,,,,,,,,,,,,,,,,,,49,49,,,,,,,,,,,,,,,,,,,,,,,,,,,,,
,,,,,,,,,,,,,,15,15,,,,,,,,,,,,,,,,,,15,,15,,,,,,,,,,,,,,,,,,,,,,,,,,,,,
,,,,,,,,,,,,,25,,,25,,,,,,,,,,,,,,,,,25,,,25,,,,,,,,,,,,,,,,,,,,,,,,,,,,
,,,,,,,,,,,,,,11,11,,,,,,,,,,,,,,,,,,11,,11,,,,,,,,,,,,,,,,,,,,,,,,,,,,,
,,,,,,,,,,,,,,31,,31,,,,,,,,,,,,,,,,,31,,,31,,,,,,,,,,,,,,,,,,,,,,,,,,,,
,,,,,,,,,,,,,43,,,43,,,,,,,,,,,,,,,,,43,,,43,,,,,,,,,,,,,,,,,,,,,,,,,,,,
,,,,,,,,,,,,,,35,,35,,,,,,,,,,,,,,,,,35,,,35,,,,,,,,,,,,,,,,,,,,,,,,,,,,
,,,,,,,,,,,,,,45,45,,,,,,,,,,,,,,,,,,,45,45,,,,,,,,,,,,,,,,,,,,,,,,,,,,,
,,,,,,,,,,,,,,27,27,,,,,,,,,,,,,,,,,,,27,27,,,,,,,,,,,,,,,,,,,,,,,,,,,,,
,,,,,,,,,,,,,,13,,13,,,,,,,,,,,,,,,,,13,,,13,,,,,,,,,,,,,,,,,,,,,,,,,,,,
,,,,,,,,,,,,,,38,,38,,,,,,,,,,,,,,,,,,38,,38,,,,,,,,,,,,,,,,,,,,,,,,,,,,
,,,,,,,,,,,,,10,,10,,,,,,,,,,,,,,,,,,,10,10,,,,,,,,,,,,,,,,,,,,,,,,,,,,,
,,,,,,,,,,,,,,47,,47,,,,,,,,,,,,,,,,,,47,,47,,,,,,,,,,,,,,,,,,,,,,,,,,,,
,,,,,,,,,,,,,10,,10,,,,,,,,,,,,,,,,,,,10,10,,,,,,,,,,,,,,,,,,,,,,,,,,,,,
,,,,,,,,,,,,,8,,,8,,,,,,,,,,,,,,,,,,8,,8,,,,,,,,,,,,,,,,,,,,,,,,,,,,
,,,,,,,,,,,,,,49,49,,,,,,,,,,,,,,,,,,,49,49,,,,,,,,,,,,,,,,,,,,,,,,,,,,,
,,,,,,,,,,,,,39,,,39,,,,,,,,,,,,,,,,,,39,,39,,,,,,,,,,,,,,,,,,,,,,,,,,,,
,,,,,,,,,,,,,37,,37,,,,,,,,,,,,,,,,,,,37,37,,,,,,,,,,,,,,,,,,,,,,,,,,,,,
,,,,,,,,,,,,,,33,33,,,,,,,,,,,,,,,,,,33,,33,,,,,,,,,,,,,,,,,,,,,,,,,,,,,
,,,,,,,,,,,,,34,,,34,,,,,,,,,,,,,,,,,34,,,34,,,,,,,,,,,,,,,,,,,,,,,,,,,,
,,,,,,,,,,,,,25,,,25,,,,,,,,,,,,,,,,,25,,,25,,,,,,,,,,,,,,,,,,,,,,,,,,,,
,,,,,,,,,,,,,,29,,29,,,,,,,,,,,,,,,,,,29,,29,,,,,,,,,,,,,,,,,,,,,,,,,,,,
,,,,,,,,,,,,,19,,19,,,,,,,,,,,,,,,,,,,19,19,,,,,,,,,,,,,,,,,,,,,,,,,,,,,
,,,,,,,,,,,,,,40,40,,,,,,,,,,,,,,,,,,,40,40,,,,,,,,,,,,,,,,,,,,,,,,,,,,,
,,,,,,,,,,,,,,31,,31,,,,,,,,,,,,,,,,,31,,,31,,,,,,,,,,,,,,,,,,,,,,,,,,,,
,,,,,,,,,,,,,,49,49,,,,,,,,,,,,,,,,,,,49,49,,,,,,,,,,,,,,,,,,,,,,,,,,,,,
,,,,,,,,,,,,,,31,,31,,,,,,,,,,,,,,,,,31,,,31,,,,,,,,,,,,,,,,,,,,,,,,,,,,
,,,,,,,,,,,,,,38,,38,,,,,,,,,,,,,,,,,,38,,38,,,,,,,,,,,,,,,,,,,,,,,,,,,,
,,,,,,,,,,,,,3,,,3,,,,,,,,,,,,,,,,,3,,,3,,,,,,,,,,,,,,,,,,,,,,,,,,,,
,,,,,,,,,,,,,,7,,7,,,,,,,,,,,,,,,,,,7,,7,,,,,,,,,,,,,,,,,,,,,,,,,,,,
,,,,,,,,,,,,,26,,,26,,,,,,,,,,,,,,,,,,26,,26,,,,,,,,,,,,,,,,,,,,,,,,,,,,
,,,,,,,,,,,,,,36,36,,,,,,,,,,,,,,,,,,,36,36,,,,,,,,,,,,,,,,,,,,,,,,,,,,,
,,,,,,,,,,,,,10,,10,,,,,,,,,,,,,,,,,,,10,10,,,,,,,,,,,,,,,,,,,,,,,,,,,,,
,,,,,,,,,,,,,17,,,17,,,,,,,,,,,,,,,,,,17,,17,,,,,,,,,,,,,,,,,,,,,,,,,,,,
,,,,,,,,,,,,,12,,,12,,,,,,,,,,,,,,,,,12,,,12,,,,,,,,,,,,,,,,,,,,,,,,,,,,
,,,,,,,,,,,,,12,,,12,,,,,,,,,,,,,,,,,12,,,12,,,,,,,,,,,,,,,,,,,,,,,,,,,,
,,,,,,,,,,,,,19,,19,,,,,,,,,,,,,,,,,,,19,19,,,,,,,,,,,,,,,,,,,,,,,,,,,,,
,,,,,,,,,,,,,,2,2,,,,,,,,,,,,,,,,,,2,,2,,,,,,,,,,,,,,,,,,,,,,,,,,,,,
,,,,,,,,,,,,,,31,,31,,,,,,,,,,,,,,,,,31,,,31,,,,,,,,,,,,,,,,,,,,,,,,,,,,
,,,,,,,,,,,,,,47,,47,,,,,,,,,,,,,,,,,,47,,47,,,,,,,,,,,,,,,,,,,,,,,,,,,,
,,,,,,,,,,,,,,35,,35,,,,,,,,,,,,,,,,,35,,,35,,,,,,,,,,,,,,,,,,,,,,,,,,,,
,,,,,,,,,,,,,21,,,21,,,,,,,,,,,,,,,,,21,,,21,,,,,,,,,,,,,,,,,,,,,,,,,,,,
,,,,,,,,,,,,,46,,46,,,,,,,,,,,,,,,,,,,46,46,,,,,,,,,,,,,,,,,,,,,,,,,,,,,
,,,,,,,,,,,,,32,,32,,,,,,,,,,,,,,,,,,32,,32,,,,,,,,,,,,,,,,,,,,,,,,,,,,,
,,,,,,,,,,,,,19,,19,,,,,,,,,,,,,,,,,,,19,19,,,,,,,,,,,,,,,,,,,,,,,,,,,,,
,,,,,,,,,,,,,1,,1,,,,,,,,,,,,,,,,,,1,,1,,,,,,,,,,,,,,,,,,,,,,,,,,,,,
,,,,,,,,,,,,,,33,33,,,,,,,,,,,,,,,,,,33,,33,,,,,,,,,,,,,,,,,,,,,,,,,,,,,
,,,,,,,,,,,,,43,,,43,,,,,,,,,,,,,,,,,43,,,43,,,,,,,,,,,,,,,,,,,,,,,,,,,,
,,,,,,,,,,,,,,33,33,,,,,,,,,,,,,,,,,,33,,33,,,,,,,,,,,,,,,,,,,,,,,,,,,,,
,,,,,,,,,,,,,,44,,44,,,,,,,,,,,,,,,,,44,,,44,,,,,,,,,,,,,,,,,,,,,,,,,,,,
,,,,,,,,,,,,,,29,,29,,,,,,,,,,,,,,,,,,29,,29,,,,,,,,,,,,,,,,,,,,,,,,,,,,
,,,,,,,,,,,,,8,,,8,,,,,,,,,,,,,,,,,,8,,8,,,,,,,,,,,,,,,,,,,,,,,,,,,,
,,,,,,,,,,,,,5,,5,,,,,,,,,,,,,,,,,,5,,5,,,,,,,,,,,,,,,,,,,,,,,,,,,,,
,,,,,,,,,,,,,37,,37,,,,,,,,,,,,,,,,,,,37,37,,,,,,,,,,,,,,,,,,,,,,,,,,,,,
,,,,,,,,,,,,,,24,24,,,,,,,,,,,,,,,,,,24,,24,,,,,,,,,,,,,,,,,,,,,,,,,,,,,
,,,,,,,,,,,,,,27,27,,,,,,,,,,,,,,,,,,,27,27,,,,,,,,,,,,,,,,,,,,,,,,,,,,,
,,,,,,,,,,,,,,47,,47,,,,,,,,,,,,,,,,,,47,,47,,,,,,,,,,,,,,,,,,,,,,,,,,,,
,,,,,,,,,,,,,,42,42,,,,,,,,,,,,,,,,,,42,,42,,,,,,,,,,,,,,,,,,,,,,,,,,,,,
,,,,,,,,,,,,,6,,6,,,,,,,,,,,,,,,,,,6,,,6,,,,,,,,,,,,,,,,,,,,,,,,,,,,
,,,,,,,,,,,,,5,,5,,,,,,,,,,,,,,,,,,5,,5,,,,,,,,,,,,,,,,,,,,,,,,,,,,,
,,,,,,,,,,,,,,9,9,,,,,,,,,,,,,,,,,,,9,9,,,,,,,,,,,,,,,,,,,,,,,,,,,,,
,,,,,,,,,,,,,46,,46,,,,,,,,,,,,,,,,,,,46,46,,,,,,,,,,,,,,,,,,,,,,,,,,,,,
,,,,,,,,,,,,,21,,,21,,,,,,,,,,,,,,,,,21,,,21,,,,,,,,,,,,,,,,,,,,,,,,,,,,
,,,,,,,,,,,,,,22,,22,,,,,,,,,,,,,,,,,22,,,22,,,,,,,,,,,,,,,,,,,,,,,,,,,,
,,,,,,,,,,,,,30,,,30,,,,,,,,,,,,,,,,,,30,,30,,,,,,,,,,,,,,,,,,,,,,,,,,,,
,,,,,,,,,,,,,30,,,30,,,,,,,,,,,,,,,,,,30,,30,,,,,,,,,,,,,,,,,,,,,,,,,,,,
,,,,,,,,,,,,,,35,,35,,,,,,,,,,,,,,,,,35,,,35,,,,,,,,,,,,,,,,,,,,,,,,,,,,
,,,,,,,,,,,,,10,,10,,,,,,,,,,,,,,,,,,,10,10,,,,,,,,,,,,,,,,,,,,,,,,,,,,,
,,,,,,,,,,,,,25,,,25,,,,,,,,,,,,,,,,,25,,,25,,,,,,,,,,,,,,,,,,,,,,,,,,,,
,,,,,,,,,,,,,,42,42,,,,,,,,,,,,,,,,,,42,,42,,,,,,,,,,,,,,,,,,,,,,,,,,,,,
,,,,,,,,,,,,,37,,37,,,,,,,,,,,,,,,,,,,37,37,,,,,,,,,,,,,,,,,,,,,,,,,,,,,
,,,,,,,,,,,,,,22,,22,,,,,,,,,,,,,,,,,22,,,22,,,,,,,,,,,,,,,,,,,,,,,,,,,,
,,,,,,,,,,,,,,38,,38,,,,,,,,,,,,,,,,,,38,,38,,,,,,,,,,,,,,,,,,,,,,,,,,,,
,,,,,,,,,,,,,17,,,17,,,,,,,,,,,,,,,,,,17,,17,,,,,,,,,,,,,,,,,,,,,,,,,,,,
,,,,,,,,,,,,,46,,46,,,,,,,,,,,,,,,,,,,46,46,,,,,,,,,,,,,,,,,,,,,,,,,,,,,
,,,,,,,,,,,,,32,,32,,,,,,,,,,,,,,,,,,32,,32,,,,,,,,,,,,,,,,,,,,,,,,,,,,,
,,,,,,,,,,,,,25,,,25,,,,,,,,,,,,,,,,,25,,,25,,,,,,,,,,,,,,,,,,,,,,,,,,,,
,,,,,,,,,,,,,23,,23,,,,,,,,,,,,,,,,,,23,,23,,,,,,,,,,,,,,,,,,,,,,,,,,,,,
,,,,,,,,,,,,,,27,27,,,,,,,,,,,,,,,,,,,27,27,,,,,,,,,,,,,,,,,,,,,,,,,,,,,
,,,,,,,,,,,,,1,,1,,,,,,,,,,,,,,,,,,1,,1,,,,,,,,,,,,,,,,,,,,,,,,,,,,,
,,,,,,,,,,,,,46,,46,,,,,,,,,,,,,,,,,,,46,46,,,,,,,,,,,,,,,,,,,,,,,,,,,,,
,,,,,,,,,,,,,26,,,26,,,,,,,,,,,,,,,,,,26,,26,,,,,,,,,,,,,,,,,,,,,,,,,,,,
,,,,,,,,,,,,,,27,27,,,,,,,,,,,,,,,,,,,27,27,,,,,,,,,,,,,,,,,,,,,,,,,,,,,
,,,,,,,,,,,,,39,,,39,,,,,,,,,,,,,,,,,,39,,39,,,,,,,,,,,,,,,,,,,,,,,,,,,,
,,,,,,,,,,,,,34,,,34,,,,,,,,,,,,,,,,,34,,,34,,,,,,,,,,,,,,,,,,,,,,,,,,,,
,,,,,,,,,,,,,,27,27,,,,,,,,,,,,,,,,,,,27,27,,,,,,,,,,,,,,,,,,,,,,,,,,,,,
,,,,,,,,,,,,,,35,,35,,,,,,,,,,,,,,,,,35,,,35,,,,,,,,,,,,,,,,,,,,,,,,,,,,
,,,,,,,,,,,,,26,,,26,,,,,,,,,,,,,,,,,,26,,26,,,,,,,,,,,,,,,,,,,,,,,,,,,,
,,,,,,,,,,,,,,4,,4,,,,,,,,,,,,,,,,,4,,,4,,,,,,,,,,,,,,,,,,,,,,,,,,,,
,,,,,,,,,,,,,,11,11,,,,,,,,,,,,,,,,,,11,,11,,,,,,,,,,,,,,,,,,,,,,,,,,,,,
,,,,,,,,,,,,,25,,,25,,,,,,,,,,,,,,,,,25,,,25,,,,,,,,,,,,,,,,,,,,,,,,,,,,
,,,,,,,,,,,,,30,,,30,,,,,,,,,,,,,,,,,,30,,30,,,,,,,,,,,,,,,,,,,,,,,,,,,,
,,,,,,,,,,,,,28,,28,,,,,,,,,,,,,,,,,,,28,28,,,,,,,,,,,,,,,,,,,,,,,,,,,,,
,,,,,,,,,,,,,,31,,31,,,,,,,,,,,,,,,,,31,,,31,,,,,,,,,,,,,,,,,,,,,,,,,,,,
,,,,,,,,,,,,,,49,49,,,,,,,,,,,,,,,,,,,49,49,,,,,,,,,,,,,,,,,,,,,,,,,,,,,
,,,,,,,,,,,,,8,,,8,,,,,,,,,,,,,,,,,,8,,8,,,,,,,,,,,,,,,,,,,,,,,,,,,,
,,,,,,,,,,,,,23,,23,,,,,,,,,,,,,,,,,,23,,23,,,,,,,,,,,,,,,,,,,,,,,,,,,,,
,,,,,,,,,,,,,,36,36,,,,,,,,,,,,,,,,,,,36,36,,,,,,,,,,,,,,,,,,,,,,,,,,,,,
,,,,,,,,,,,,,12,,,12,,,,,,,,,,,,,,,,,12,,,12,,,,,,,,,,,,,,,,,,,,,,,,,,,,
,,,,,,,,,,,,,,16,,16,,,,,,,,,,,,,,,,,,16,,16,,,,,,,,,,,,,,,,,,,,,,,,,,,,
,,,,,,,,,,,,,,29,,29,,,,,,,,,,,,,,,,,,29,,29,,,,,,,,,,,,,,,,,,,,,,,,,,,,
,,,,,,,,,,,,,14,,14,,,,,,,,,,,,,,,,,,14,,14,,,,,,,,,,,,,,,,,,,,,,,,,,,,,
,,,,,,,,,,,,,8,,,8,,,,,,,,,,,,,,,,,,8,,8,,,,,,,,,,,,,,,,,,,,,,,,,,,,
,,,,,,,,,,,,,26,,,26,,,,,,,,,,,,,,,,,,26,,26,,,,,,,,,,,,,,,,,,,,,,,,,,,,
,,,,,,,,,,,,,,2,2,,,,,,,,,,,,,,,,,,2,,2,,,,,,,,,,,,,,,,,,,,,,,,,,,,,
,,,,,,,,,,,,,,36,36,,,,,,,,,,,,,,,,,,,36,36,,,,,,,,,,,,,,,,,,,,,,,,,,,,,
,,,,,,,,,,,,,,13,,13,,,,,,,,,,,,,,,,,13,,,13,,,,,,,,,,,,,,,,,,,,,,,,,,,,
,,,,,,,,,,,,,,16,,16,,,,,,,,,,,,,,,,,,16,,16,,,,,,,,,,,,,,,,,,,,,,,,,,,,
,,,,,,,,,,,,,,7,,7,,,,,,,,,,,,,,,,,,7,,7,,,,,,,,,,,,,,,,,,,,,,,,,,,,
,,,,,,,,,,,,,,7,,7,,,,,,,,,,,,,,,,,,7,,7,,,,,,,,,,,,,,,,,,,,,,,,,,,,
,,,,,,,,,,,,,30,,,30,,,,,,,,,,,,,,,,,,30,,30,,,,,,,,,,,,,,,,,,,,,,,,,,,,
,,,,,,,,,,,,,,42,42,,,,,,,,,,,,,,,,,,42,,42,,,,,,,,,,,,,,,,,,,,,,,,,,,,,
,,,,,,,,,,,,,25,,,25,,,,,,,,,,,,,,,,,25,,,25,,,,,,,,,,,,,,,,,,,,,,,,,,,,
,,,,,,,,,,,,,,24,24,,,,,,,,,,,,,,,,,,24,,24,,,,,,,,,,,,,,,,,,,,,,,,,,,,,
,,,,,,,,,,,,,,44,,44,,,,,,,,,,,,,,,,,44,,,44,,,,,,,,,,,,,,,,,,,,,,,,,,,,
,,,,,,,,,,,,,,20,,20,,,,,,,,,,,,,,,,,,20,,20,,,,,,,,,,,,,,,,,,,,,,,,,,,,
,,,,,,,,,,,,,,27,27,,,,,,,,,,,,,,,,,,,27,27,,,,,,,,,,,,,,,,,,,,,,,,,,,,,
,,,,,,,,,,,,,26,,,26,,,,,,,,,,,,,,,,,,26,,26,,,,,,,,,,,,,,,,,,,,,,,,,,,,
,,,,,,,,,,,,,,42,42,,,,,,,,,,,,,,,,,,42,,42,,,,,,,,,,,,,,,,,,,,,,,,,,,,,
,,,,,,,,,,,,,12,,,12,,,,,,,,,,,,,,,,,12,,,12,,,,,,,,,,,,,,,,,,,,,,,,,,,,
,,,,,,,,,,,,,37,,37,,,,,,,,,,,,,,,,,,,37,37,,,,,,,,,,,,,,,,,,,,,,,,,,,,,
,,,,,,,,,,,,,,33,33,,,,,,,,,,,,,,,,,,33,,33,,,,,,,,,,,,,,,,,,,,,,,,,,,,,
,,,,,,,,,,,,,,15,15,,,,,,,,,,,,,,,,,,15,,15,,,,,,,,,,,,,,,,,,,,,,,,,,,,,
,,,,,,,,,,,,,43,,,43,,,,,,,,,,,,,,,,,43,,,43,,,,,,,,,,,,,,,,,,,,,,,,,,,,
,,,,,,,,,,,,,,15,15,,,,,,,,,,,,,,,,,,15,,15,,,,,,,,,,,,,,,,,,,,,,,,,,,,,
,,,,,,,,,,,,,,11,11,,,,,,,,,,,,,,,,,,11,,11,,,,,,,,,,,,,,,,,,,,,,,,,,,,,
,,,,,,,,,,,,,,35,,35,,,,,,,,,,,,,,,,,35,,,35,,,,,,,,,,,,,,,,,,,,,,,,,,,,
,,,,,,,,,,,,,,40,40,,,,,,,,,,,,,,,,,,,40,40,,,,,,,,,,,,,,,,,,,,,,,,,,,,,
,,,,,,,,,,,,,37,,37,,,,,,,,,,,,,,,,,,,37,37,,,,,,,,,,,,,,,,,,,,,,,,,,,,,
,,,,,,,,,,,,,,7,,7,,,,,,,,,,,,,,,,,,7,,7,,,,,,,,,,,,,,,,,,,,,,,,,,,,
,,,,,,,,,,,,,25,,,25,,,,,,,,,,,,,,,,,25,,,25,,,,,,,,,,,,,,,,,,,,,,,,,,,,
,,,,,,,,,,,,,,20,,20,,,,,,,,,,,,,,,,,,20,,20,,,,,,,,,,,,,,,,,,,,,,,,,,,,
,,,,,,,,,,,,,10,,10,,,,,,,,,,,,,,,,,,,10,10,,,,,,,,,,,,,,,,,,,,,,,,,,,,,
,,,,,,,,,,,,,,45,45,,,,,,,,,,,,,,,,,,,45,45,,,,,,,,,,,,,,,,,,,,,,,,,,,,,
,,,,,,,,,,,,,,13,,13,,,,,,,,,,,,,,,,,13,,,13,,,,,,,,,,,,,,,,,,,,,,,,,,,,
,,,,,,,,,,,,,32,,32,,,,,,,,,,,,,,,,,,32,,32,,,,,,,,,,,,,,,,,,,,,,,,,,,,,
,,,,,,,,,,,,,46,,46,,,,,,,,,,,,,,,,,,,46,46,,,,,,,,,,,,,,,,,,,,,,,,,,,,,
,,,,,,,,,,,,,32,,32,,,,,,,,,,,,,,,,,,32,,32,,,,,,,,,,,,,,,,,,,,,,,,,,,,,
,,,,,,,,,,,,,12,,,12,,,,,,,,,,,,,,,,,12,,,12,,,,,,,,,,,,,,,,,,,,,,,,,,,,
,,,,,,,,,,,,,23,,23,,,,,,,,,,,,,,,,,,23,,23,,,,,,,,,,,,,,,,,,,,,,,,,,,,,
,,,,,,,,,,,,,37,,37,,,,,,,,,,,,,,,,,,,37,37,,,,,,,,,,,,,,,,,,,,,,,,,,,,,
,,,,,,,,,,,,,,27,27,,,,,,,,,,,,,,,,,,,27,27,,,,,,,,,,,,,,,,,,,,,,,,,,,,,
,,,,,,,,,,,,,46,,46,,,,,,,,,,,,,,,,,,,46,46,,,,,,,,,,,,,,,,,,,,,,,,,,,,,
,,,,,,,,,,,,,,2,2,,,,,,,,,,,,,,,,,,2,,2,,,,,,,,,,,,,,,,,,,,,,,,,,,,,
,,,,,,,,,,,,,1,,1,,,,,,,,,,,,,,,,,,1,,1,,,,,,,,,,,,,,,,,,,,,,,,,,,,,
,,,,,,,,,,,,,,18,18,,,,,,,,,,,,,,,,,,,18,18,,,,,,,,,,,,,,,,,,,,,,,,,,,,,
,,,,,,,,,,,,,12,,,12,,,,,,,,,,,,,,,,,12,,,12,,,,,,,,,,,,,,,,,,,,,,,,,,,,
,,,,,,,,,,,,,41,,41,,,,,,,,,,,,,,,,,,41,,41,,,,,,,,,,,,,,,,,,,,,,,,,,,,,
,,,,,,,,,,,,,48,,,48,,,,,,,,,,,,,,,,,,48,,48,,,,,,,,,,,,,,,,,,,,,,,,,,,,
,,,,,,,,,,,,,,9,9,,,,,,,,,,,,,,,,,,,9,9,,,,,,,,,,,,,,,,,,,,,,,,,,,,,
,,,,,,,,,,,,,17,,,17,,,,,,,,,,,,,,,,,,17,,17,,,,,,,,,,,,,,,,,,,,,,,,,,,,
,,,,,,,,,,,,,,16,,16,,,,,,,,,,,,,,,,,,16,,16,,,,,,,,,,,,,,,,,,,,,,,,,,,,
,,,,,,,,,,,,,46,,46,,,,,,,,,,,,,,,,,,,46,46,,,,,,,,,,,,,,,,,,,,,,,,,,,,,
,,,,,,,,,,,,,,22,,22,,,,,,,,,,,,,,,,,22,,,22,,,,,,,,,,,,,,,,,,,,,,,,,,,,
,,,,,,,,,,,,,34,,,34,,,,,,,,,,,,,,,,,34,,,34,,,,,,,,,,,,,,,,,,,,,,,,,,,,
,,,,,,,,,,,,,5,,5,,,,,,,,,,,,,,,,,,5,,5,,,,,,,,,,,,,,,,,,,,,,,,,,,,,
,,,,,,,,,,,,,46,,46,,,,,,,,,,,,,,,,,,,46,46,,,,,,,,,,,,,,,,,,,,,,,,,,,,,
,,,,,,,,,,,,,,9,9,,,,,,,,,,,,,,,,,,,9,9,,,,,,,,,,,,,,,,,,,,,,,,,,,,,
,,,,,,,,,,,,,10,,10,,,,,,,,,,,,,,,,,,,10,10,,,,,,,,,,,,,,,,,,,,,,,,,,,,,
,,,,,,,,,,,,,10,,10,,,,,,,,,,,,,,,,,,,10,10,,,,,,,,,,,,,,,,,,,,,,,,,,,,,
,,,,,,,,,,,,,,2,2,,,,,,,,,,,,,,,,,,2,,2,,,,,,,,,,,,,,,,,,,,,,,,,,,,,
,,,,,,,,,,,,,46,,46,,,,,,,,,,,,,,,,,,,46,46,,,,,,,,,,,,,,,,,,,,,,,,,,,,,
,,,,,,,,,,,,,6,,6,,,,,,,,,,,,,,,,,,6,,,6,,,,,,,,,,,,,,,,,,,,,,,,,,,,
,,,,,,,,,,,,,32,,32,,,,,,,,,,,,,,,,,,32,,32,,,,,,,,,,,,,,,,,,,,,,,,,,,,,
,,,,,,,,,,,,,14,,14,,,,,,,,,,,,,,,,,,14,,14,,,,,,,,,,,,,,,,,,,,,,,,,,,,,
,,,,,,,,,,,,,,22,,22,,,,,,,,,,,,,,,,,22,,,22,,,,,,,,,,,,,,,,,,,,,,,,,,,,
,,,,,,,,,,,,,26,,,26,,,,,,,,,,,,,,,,,,26,,26,,,,,,,,,,,,,,,,,,,,,,,,,,,,
,,,,,,,,,,,,,17,,,17,,,,,,,,,,,,,,,,,,17,,17,,,,,,,,,,,,,,,,,,,,,,,,,,,,
,,,,,,,,,,,,,,24,24,,,,,,,,,,,,,,,,,,24,,24,,,,,,,,,,,,,,,,,,,,,,,,,,,,,
,,,,,,,,,,,,,46,,46,,,,,,,,,,,,,,,,,,,46,46,,,,,,,,,,,,,,,,,,,,,,,,,,,,,
,,,,,,,,,,,,,17,,,17,,,,,,,,,,,,,,,,,,17,,17,,,,,,,,,,,,,,,,,,,,,,,,,,,,
,,,,,,,,,,,,,,27,27,,,,,,,,,,,,,,,,,,,27,27,,,,,,,,,,,,,,,,,,,,,,,,,,,,,
,,,,,,,,,,,,,10,,10,,,,,,,,,,,,,,,,,,,10,10,,,,,,,,,,,,,,,,,,,,,,,,,,,,,
,,,,,,,,,,,,,,31,,31,,,,,,,,,,,,,,,,,31,,,31,,,,,,,,,,,,,,,,,,,,,,,,,,,,
,,,,,,,,,,,,,8,,,8,,,,,,,,,,,,,,,,,,8,,8,,,,,,,,,,,,,,,,,,,,,,,,,,,,
,,,,,,,,,,,,,,38,,38,,,,,,,,,,,,,,,,,,38,,38,,,,,,,,,,,,,,,,,,,,,,,,,,,,
,,,,,,,,,,,,,,7,,7,,,,,,,,,,,,,,,,,,7,,7,,,,,,,,,,,,,,,,,,,,,,,,,,,,
