,,3,,,3,,,,,,,,3,,,3,,,,,,,,,3,,3,,,,,,3,,,3,,,,,,,,,,,,,,,,,,,,,,,,,,,,
,,,4,,4,,,,,,,,,4,,4,,,,,,,,4,,,4,,,,,,4,,,4,,,,,,,,,,,,,,,,,,,,,,,,,,,,
,,,39,,39,,,,,,,,39,,,39,,,,,,,,,39,,39,,,,,,,39,,39,,,,,,,,,,,,,,,,,,,,,,,,,,,,
,,29,,,29,,,,,,,,,29,,29,,,,,,,,29,,,29,,,,,,,29,,29,,,,,,,,,,,,,,,,,,,,,,,,,,,,
,,,13,,13,,,,,,,,,13,,13,,,,,,,,13,,,13,,,,,,13,,,13,,,,,,,,,,,,,,,,,,,,,,,,,,,,
,,,24,24,,,,,,,,,,24,24,,,,,,,,,24,,24,,,,,,,24,,24,,,,,,,,,,,,,,,,,,,,,,,,,,,,,
,,27,,27,,,,,,,,,,27,27,,,,,,,,,27,,27,,,,,,,,27,27,,,,,,,,,,,,,,,,,,,,,,,,,,,,,
,,,2,2,,,,,,,,,,2,2,,,,,,,,,,2,2,,,,,,,2,,2,,,,,,,,,,,,,,,,,,,,,,,,,,,,,
,,,11,11,,,,,,,,,,11,11,,,,,,,,,,11,11,,,,,,,11,,11,,,,,,,,,,,,,,,,,,,,,,,,,,,,,
,,47,,,47,,,,,,,,,47,,47,,,,,,,,47,,,47,,,,,,,47,,47,,,,,,,,,,,,,,,,,,,,,,,,,,,,
,,32,,32,,,,,,,,,32,,32,,,,,,,,,,32,32,,,,,,,32,,32,,,,,,,,,,,,,,,,,,,,,,,,,,,,,
,,32,,32,,,,,,,,,32,,32,,,,,,,,,,32,32,,,,,,,32,,32,,,,,,,,,,,,,,,,,,,,,,,,,,,,,
,,,35,,35,,,,,,,,,35,,35,,,,,,,,35,,,35,,,,,,35,,,35,,,,,,,,,,,,,,,,,,,,,,,,,,,,
,,,15,15,,,,,,,,,,15,15,,,,,,,,,15,,15,,,,,,,15,,15,,,,,,,,,,,,,,,,,,,,,,,,,,,,,
,,27,,27,,,,,,,,,,27,27,,,,,,,,,27,,27,,,,,,,,27,27,,,,,,,,,,,,,,,,,,,,,,,,,,,,,
,,21,,,21,,,,,,,,21,,,21,,,,,,,,21,,,21,,,,,,21,,,21,,,,,,,,,,,,,,,,,,,,,,,,,,,,
,,,10,10,,,,,,,,,10,,10,,,,,,,,,,10,10,,,,,,,,10,10,,,,,,,,,,,,,,,,,,,,,,,,,,,,,
,,27,,27,,,,,,,,,,27,27,,,,,,,,,27,,27,,,,,,,,27,27,,,,,,,,,,,,,,,,,,,,,,,,,,,,,
,,34,,,34,,,,,,,,34,,,34,,,,,,,,,34,,34,,,,,,34,,,34,,,,,,,,,,,,,,,,,,,,,,,,,,,,
,,9,,9,,,,,,,,,,9,9,,,,,,,,,9,,9,,,,,,,,9,9,,,,,,,,,,,,,,,,,,,,,,,,,,,,,
,,,26,,26,,,,,,,,26,,,26,,,,,,,,26,,,26,,,,,,,26,,26,,,,,,,,,,,,,,,,,,,,,,,,,,,,
,,25,,,25,,,,,,,,25,,,25,,,,,,,,,25,,25,,,,,,25,,,25,,,,,,,,,,,,,,,,,,,,,,,,,,,,
,,,35,,35,,,,,,,,,35,,35,,,,,,,,35,,,35,,,,,,35,,,35,,,,,,,,,,,,,,,,,,,,,,,,,,,,
,,,33,33,,,,,,,,,,33,33,,,,,,,,,33,,33,,,,,,,33,,33,,,,,,,,,,,,,,,,,,,,,,,,,,,,,
,,12,,,12,,,,,,,,12,,,12,,,,,,,,,12,,12,,,,,,12,,,12,,,,,,,,,,,,,,,,,,,,,,,,,,,,
,,25,,,25,,,,,,,,25,,,25,,,,,,,,,25,,25,,,,,,25,,,25,,,,,,,,,,,,,,,,,,,,,,,,,,,,
,,,19,19,,,,,,,,,19,,19,,,,,,,,,,19,19,,,,,,,,19,19,,,,,,,,,,,,,,,,,,,,,,,,,,,,,
,,,46,46,,,,,,,,,46,,46,,,,,,,,,46,,46,,,,,,,,46,46,,,,,,,,,,,,,,,,,,,,,,,,,,,,,
,,,37,37,,,,,,,,,37,,37,,,,,,,,,,37,37,,,,,,,,37,37,,,,,,,,,,,,,,,,,,,,,,,,,,,,,
,,,48,,48,,,,,,,,48,,,48,,,,,,,,,48,,48,,,,,,,48,,48,,,,,,,,,,,,,,,,,,,,,,,,,,,,
,,,24,24,,,,,,,,,,24,24,,,,,,,,,24,,24,,,,,,,24,,24,,,,,,,,,,,,,,,,,,,,,,,,,,,,,
,,25,,,25,,,,,,,,25,,,25,,,,,,,,,25,,25,,,,,,25,,,25,,,,,,,,,,,,,,,,,,,,,,,,,,,,
,,14,,14,,,,,,,,,14,,14,,,,,,,,,,14,14,,,,,,,14,,14,,,,,,,,,,,,,,,,,,,,,,,,,,,,,
,,,46,46,,,,,,,,,46,,46,,,,,,,,,46,,46,,,,,,,,46,46,,,,,,,,,,,,,,,,,,,,,,,,,,,,,
,,5,,5,,,,,,,,,5,,5,,,,,,,,,,5,5,,,,,,,5,,5,,,,,,,,,,,,,,,,,,,,,,,,,,,,,
,,,44,,44,,,,,,,,,44,,44,,,,,,,,44,,,44,,,,,,44,,,44,,,,,,,,,,,,,,,,,,,,,,,,,,,,
,,49,,49,,,,,,,,,,49,49,,,,,,,,,49,,49,,,,,,,,49,49,,,,,,,,,,,,,,,,,,,,,,,,,,,,,
,,,6,6,,,,,,,,,6,,6,,,,,,,,,6,,6,,,,,,,6,,,6,,,,,,,,,,,,,,,,,,,,,,,,,,,,
,,7,,,7,,,,,,,,,7,,7,,,,,,,,7,,,7,,,,,,,7,,7,,,,,,,,,,,,,,,,,,,,,,,,,,,,
,,,35,,35,,,,,,,,,35,,35,,,,,,,,35,,,35,,,,,,35,,,35,,,,,,,,,,,,,,,,,,,,,,,,,,,,
,,,19,19,,,,,,,,,19,,19,,,,,,,,,,19,19,,,,,,,,19,19,,,,,,,,,,,,,,,,,,,,,,,,,,,,,
,,,26,,26,,,,,,,,26,,,26,,,,,,,,26,,,26,,,,,,,26,,26,,,,,,,,,,,,,,,,,,,,,,,,,,,,
,,,37,37,,,,,,,,,37,,37,,,,,,,,,,37,37,,,,,,,,37,37,,,,,,,,,,,,,,,,,,,,,,,,,,,,,
,,18,,18,,,,,,,,,,18,18,,,,,,,,,18,,18,,,,,,,,18,18,,,,,,,,,,,,,,,,,,,,,,,,,,,,,
,,,6,6,,,,,,,,,6,,6,,,,,,,,,6,,6,,,,,,,6,,,6,,,,,,,,,,,,,,,,,,,,,,,,,,,,
,,,28,28,,,,,,,,,28,,28,,,,,,,,,,28,28,,,,,,,,28,28,,,,,,,,,,,,,,,,,,,,,,,,,,,,,
,,38,,,38,,,,,,,,,38,,38,,,,,,,,38,,,38,,,,,,,38,,38,,,,,,,,,,,,,,,,,,,,,,,,,,,,
,,20,,,20,,,,,,,,,20,,20,,,,,,,,20,,,20,,,,,,,20,,20,,,,,,,,,,,,,,,,,,,,,,,,,,,,
,,7,,,7,,,,,,,,,7,,7,,,,,,,,7,,,7,,,,,,,7,,7,,,,,,,,,,,,,,,,,,,,,,,,,,,,
,,49,,49,,,,,,,,,,49,49,,,,,,,,,49,,49,,,,,,,,49,49,,,,,,,,,,,,,,,,,,,,,,,,,,,,,
,,9,,9,,,,,,,,,,9,9,,,,,,,,,9,,9,,,,,,,,9,9,,,,,,,,,,,,,,,,,,,,,,,,,,,,,
,,12,,,12,,,,,,,,12,,,12,,,,,,,,,12,,12,,,,,,12,,,12,,,,,,,,,,,,,,,,,,,,,,,,,,,,
,,40,,,40,,,,,,,,,40,40,,,,,,,,,40,,40,,,,,,,,40,40,,,,,,,,,,,,,,,,,,,,,,,,,,,,,
,,,13,,13,,,,,,,,,13,,13,,,,,,,,13,,,13,,,,,,13,,,13,,,,,,,,,,,,,,,,,,,,,,,,,,,,
,,3,,,3,,,,,,,,3,,,3,,,,,,,,,3,,3,,,,,,3,,,3,,,,,,,,,,,,,,,,,,,,,,,,,,,,
,,38,,,38,,,,,,,,,38,,38,,,,,,,,38,,,38,,,,,,,38,,38,,,,,,,,,,,,,,,,,,,,,,,,,,,,
,,,10,10,,,,,,,,,10,,10,,,,,,,,,,10,10,,,,,,,,10,10,,,,,,,,,,,,,,,,,,,,,,,,,,,,,
,,,2,2,,,,,,,,,,2,2,,,,,,,,,,2,2,,,,,,,2,,2,,,,,,,,,,,,,,,,,,,,,,,,,,,,,
,,47,,,47,,,,,,,,,47,,47,,,,,,,,47,,,47,,,,,,,47,,47,,,,,,,,,,,,,,,,,,,,,,,,,,,,
,,21,,,21,,,,,,,,21,,,21,,,,,,,,21,,,21,,,,,,21,,,21,,,,,,,,,,,,,,,,,,,,,,,,,,,,
,,36,,36,,,,,,,,,,36,36,,,,,,,,,,36,36,,,,,,,,36,36,,,,,,,,,,,,,,,,,,,,,,,,,,,,,
,,,13,,13,,,,,,,,,13,,13,,,,,,,,13,,,13,,,,,,13,,,13,,,,,,,,,,,,,,,,,,,,,,,,,,,,
,,41,,41,,,,,,,,,41,,41,,,,,,,,,41,,41,,,,,,,41,,41,,,,,,,,,,,,,,,,,,,,,,,,,,,,,
,,,30,,30,,,,,,,,30,,,30,,,,,,,,,30,,30,,,,,,,30,,30,,,,,,,,,,,,,,,,,,,,,,,,,,,,
,,,2,2,,,,,,,,,,2,2,,,,,,,,,,2,2,,,,,,,2,,2,,,,,,,,,,,,,,,,,,,,,,,,,,,,,
,,12,,,12,,,,,,,,12,,,12,,,,,,,,,12,,12,,,,,,12,,,12,,,,,,,,,,,,,,,,,,,,,,,,,,,,
,,,39,,39,,,,,,,,39,,,39,,,,,,,,,39,,39,,,,,,,39,,39,,,,,,,,,,,,,,,,,,,,,,,,,,,,
,,49,,49,,,,,,,,,,49,49,,,,,,,,,49,,49,,,,,,,,49,49,,,,,,,,,,,,,,,,,,,,,,,,,,,,,
,,,31,,31,,,,,,,,,31,,31,,,,,,,,,31,,31,,,,,,31,,,31,,,,,,,,,,,,,,,,,,,,,,,,,,,,
,,27,,27,,,,,,,,,,27,27,,,,,,,,,27,,27,,,,,,,,27,27,,,,,,,,,,,,,,,,,,,,,,,,,,,,,
,,23,,23,,,,,,,,,23,,23,,,,,,,,,,23,23,,,,,,,23,,23,,,,,,,,,,,,,,,,,,,,,,,,,,,,,
,,,24,24,,,,,,,,,,24,24,,,,,,,,,24,,24,,,,,,,24,,24,,,,,,,,,,,,,,,,,,,,,,,,,,,,,
,,,24,24,,,,,,,,,,24,24,,,,,,,,,24,,24,,,,,,,24,,24,,,,,,,,,,,,,,,,,,,,,,,,,,,,,
,,,31,,31,,,,,,,,,31,,31,,,,,,,,,31,,31,,,,,,31,,,31,,,,,,,,,,,,,,,,,,,,,,,,,,,,
,,,44,,44,,,,,,,,,44,,44,,,,,,,,44,,,44,,,,,,44,,,44,,,,,,,,,,,,,,,,,,,,,,,,,,,,
,,,15,15,,,,,,,,,,15,15,,,,,,,,,15,,15,,,,,,,15,,15,,,,,,,,,,,,,,,,,,,,,,,,,,,,,
,,,15,15,,,,,,,,,,15,15,,,,,,,,,15,,15,,,,,,,15,,15,,,,,,,,,,,,,,,,,,,,,,,,,,,,,
,,38,,,38,,,,,,,,,38,,38,,,,,,,,38,,,38,,,,,,,38,,38,,,,,,,,,,,,,,,,,,,,,,,,,,,,
,,23,,23,,,,,,,,,23,,23,,,,,,,,,,23,23,,,,,,,23,,23,,,,,,,,,,,,,,,,,,,,,,,,,,,,,
,,,24,24,,,,,,,,,,24,24,,,,,,,,,24,,24,,,,,,,24,,24,,,,,,,,,,,,,,,,,,,,,,,,,,,,,
,,,33,33,,,,,,,,,,33,33,,,,,,,,,33,,33,,,,,,,33,,33,,,,,,,,,,,,,,,,,,,,,,,,,,,,,
,,,37,37,,,,,,,,,37,,37,,,,,,,,,,37,37,,,,,,,,37,37,,,,,,,,,,,,,,,,,,,,,,,,,,,,,
,,5,,5,,,,,,,,,5,,5,,,,,,,,,,5,5,,,,,,,5,,5,,,,,,,,,,,,,,,,,,,,,,,,,,,,,
,,23,,23,,,,,,,,,23,,23,,,,,,,,,,23,23,,,,,,,23,,23,,,,,,,,,,,,,,,,,,,,,,,,,,,,,
,,,46,46,,,,,,,,,46,,46,,,,,,,,,46,,46,,,,,,,,46,46,,,,,,,,,,,,,,,,,,,,,,,,,,,,,
,,14,,14,,,,,,,,,14,,14,,,,,,,,,,14,14,,,,,,,14,,14,,,,,,,,,,,,,,,,,,,,,,,,,,,,,
,,38,,,38,,,,,,,,,38,,38,,,,,,,,38,,,38,,,,,,,38,,38,,,,,,,,,,,,,,,,,,,,,,,,,,,,
,,,13,,13,,,,,,,,,13,,13,,,,,,,,13,,,13,,,,,,13,,,13,,,,,,,,,,,,,,,,,,,,,,,,,,,,
,,45,,45,,,,,,,,,,45,45,,,,,,,,,,45,45,,,,,,,,45,45,,,,,,,,,,,,,,,,,,,,,,,,,,,,,
,,5,,5,,,,,,,,,5,,5,,,,,,,,,,5,5,,,,,,,5,,5,,,,,,,,,,,,,,,,,,,,,,,,,,,,,
,,,28,28,,,,,,,,,28,,28,,,,,,,,,,28,28,,,,,,,,28,28,,,,,,,,,,,,,,,,,,,,,,,,,,,,,
,,21,,,21,,,,,,,,21,,,21,,,,,,,,21,,,21,,,,,,21,,,21,,,,,,,,,,,,,,,,,,,,,,,,,,,,
,,16,,,16,,,,,,,,,16,,16,,,,,,,,,16,,16,,,,,,,16,,16,,,,,,,,,,,,,,,,,,,,,,,,,,,,
,,,37,37,,,,,,,,,37,,37,,,,,,,,,,37,37,,,,,,,,37,37,,,,,,,,,,,,,,,,,,,,,,,,,,,,,
,,12,,,12,,,,,,,,12,,,12,,,,,,,,,12,,12,,,,,,12,,,12,,,,,,,,,,,,,,,,,,,,,,,,,,,,
,,,4,,4,,,,,,,,,4,,4,,,,,,,,4,,,4,,,,,,4,,,4,,,,,,,,,,,,,,,,,,,,,,,,,,,,
,,25,,,25,,,,,,,,25,,,25,,,,,,,,,25,,25,,,,,,25,,,25,,,,,,,,,,,,,,,,,,,,,,,,,,,,
,,34,,,34,,,,,,,,34,,,34,,,,,,,,,34,,34,,,,,,34,,,34,,,,,,,,,,,,,,,,,,,,,,,,,,,,
,,,6,6,,,,,,,,,6,,6,,,,,,,,,6,,6,,,,,,,6,,,6,,,,,,,,,,,,,,,,,,,,,,,,,,,,
,,12,,,12,,,,,,,,12,,,12,,,,,,,,,12,,12,,,,,,12,,,12,,,,,,,,,,,,,,,,,,,,,,,,,,,,
,,36,,36,,,,,,,,,,36,36,,,,,,,,,,36,36,,,,,,,,36,36,,,,,,,,,,,,,,,,,,,,,,,,,,,,,
,,,30,,30,,,,,,,,30,,,30,,,,,,,,,30,,30,,,,,,,30,,30,,,,,,,,,,,,,,,,,,,,,,,,,,,,
,,,22,,22,,,,,,,,,22,,22,,,,,,,,22,,,22,,,,,,22,,,22,,,,,,,,,,,,,,,,,,,,,,,,,,,,
,,,8,,8,,,,,,,,8,,,8,,,,,,,,,8,,8,,,,,,,8,,8,,,,,,,,,,,,,,,,,,,,,,,,,,,,
,,41,,41,,,,,,,,,41,,41,,,,,,,,,41,,41,,,,,,,41,,41,,,,,,,,,,,,,,,,,,,,,,,,,,,,,
,,,46,46,,,,,,,,,46,,46,,,,,,,,,46,,46,,,,,,,,46,46,,,,,,,,,,,,,,,,,,,,,,,,,,,,,
,,,26,,26,,,,,,,,26,,,26,,,,,,,,26,,,26,,,,,,,26,,26,,,,,,,,,,,,,,,,,,,,,,,,,,,,
,,,35,,35,,,,,,,,,35,,35,,,,,,,,35,,,35,,,,,,35,,,35,,,,,,,,,,,,,,,,,,,,,,,,,,,,
,,,13,,13,,,,,,,,,13,,13,,,,,,,,13,,,13,,,,,,13,,,13,,,,,,,,,,,,,,,,,,,,,,,,,,,,
,,27,,27,,,,,,,,,,27,27,,,,,,,,,27,,27,,,,,,,,27,27,,,,,,,,,,,,,,,,,,,,,,,,,,,,,
,,,37,37,,,,,,,,,37,,37,,,,,,,,,,37,37,,,,,,,,37,37,,,,,,,,,,,,,,,,,,,,,,,,,,,,,
,,,10,10,,,,,,,,,10,,10,,,,,,,,,,10,10,,,,,,,,10,10,,,,,,,,,,,,,,,,,,,,,,,,,,,,,
,,49,,49,,,,,,,,,,49,49,,,,,,,,,49,,49,,,,,,,,49,49,,,,,,,,,,,,,,,,,,,,,,,,,,,,,
,,16,,,16,,,,,,,,,16,,16,,,,,,,,,16,,16,,,,,,,16,,16,,,,,,,,,,,,,,,,,,,,,,,,,,,,
,,9,,9,,,,,,,,,,9,9,,,,,,,,,9,,9,,,,,,,,9,9,,,,,,,,,,,,,,,,,,,,,,,,,,,,,
,,40,,,40,,,,,,,,,40,40,,,,,,,,,40,,40,,,,,,,,40,40,,,,,,,,,,,,,,,,,,,,,,,,,,,,,
,,,26,,26,,,,,,,,26,,,26,,,,,,,,26,,,26,,,,,,,26,,26,,,,,,,,,,,,,,,,,,,,,,,,,,,,
,,14,,14,,,,,,,,,14,,14,,,,,,,,,,14,14,,,,,,,14,,14,,,,,,,,,,,,,,,,,,,,,,,,,,,,,
,,40,,,40,,,,,,,,,40,40,,,,,,,,,40,,40,,,,,,,,40,40,,,,,,,,,,,,,,,,,,,,,,,,,,,,,
,,1,,1,,,,,,,,,1,,1,,,,,,,,,1,,1,,,,,,,1,,1,,,,,,,,,,,,,,,,,,,,,,,,,,,,,
,,,33,33,,,,,,,,,,33,33,,,,,,,,,33,,33,,,,,,,33,,33,,,,,,,,,,,,,,,,,,,,,,,,,,,,,
,,12,,,12,,,,,,,,12,,,12,,,,,,,,,12,,12,,,,,,12,,,12,,,,,,,,,,,,,,,,,,,,,,,,,,,,
,,25,,,25,,,,,,,,25,,,25,,,,,,,,,25,,25,,,,,,25,,,25,,,,,,,,,,,,,,,,,,,,,,,,,,,,
,,,17,,17,,,,,,,,17,,,17,,,,,,,,,17,,17,,,,,,,17,,17,,,,,,,,,,,,,,,,,,,,,,,,,,,,
,,,2,2,,,,,,,,,,2,2,,,,,,,,,,2,2,,,,,,,2,,2,,,,,,,,,,,,,,,,,,,,,,,,,,,,,
,,,31,,31,,,,,,,,,31,,31,,,,,,,,,31,,31,,,,,,31,,,31,,,,,,,,,,,,,,,,,,,,,,,,,,,,
,,,4,,4,,,,,,,,,4,,4,,,,,,,,4,,,4,,,,,,4,,,4,,,,,,,,,,,,,,,,,,,,,,,,,,,,
,,,10,10,,,,,,,,,10,,10,,,,,,,,,,10,10,,,,,,,,10,10,,,,,,,,,,,,,,,,,,,,,,,,,,,,,
,,,15,15,,,,,,,,,,15,15,,,,,,,,,15,,15,,,,,,,15,,15,,,,,,,,,,,,,,,,,,,,,,,,,,,,,
,,7,,,7,,,,,,,,,7,,7,,,,,,,,7,,,7,,,,,,,7,,7,,,,,,,,,,,,,,,,,,,,,,,,,,,,
