,,3,,3,,,,,,,,,3,,3,,,,,,,,,3,,3,,,,,,,,,3,,3,,,,,,,,,,,,,,,,,,,,,,,,,,,
,,4,,,4,,,,,,,,4,,,4,,,,,,,,4,,,4,,,,,,,,,4,,4,,,,,,,,,,,,,,,,,,,,,,,,,,
,,,31,,31,,,,,,,,31,,,31,,,,,,,,,31,,31,,,,,,,,31,,,31,,,,,,,,,,,,,,,,,,,,,,,,,,
,,,38,38,,,,,,,,,,38,,38,,,,,,,,38,,38,,,,,,,,,38,,38,,,,,,,,,,,,,,,,,,,,,,,,,,,
,,19,,19,,,,,,,,,,19,19,,,,,,,,,,19,19,,,,,,,,,19,,19,,,,,,,,,,,,,,,,,,,,,,,,,,,
,,,33,,33,,,,,,,,33,,,33,,,,,,,,,33,,33,,,,,,,,33,,,33,,,,,,,,,,,,,,,,,,,,,,,,,,
,,16,,,16,,,,,,,,,16,,16,,,,,,,,,16,,16,,,,,,,,16,,,16,,,,,,,,,,,,,,,,,,,,,,,,,,
,,24,,,24,,,,,,,,,24,,24,,,,,,,,,24,,24,,,,,,,,24,,,24,,,,,,,,,,,,,,,,,,,,,,,,,,
,,11,,11,,,,,,,,,11,,11,,,,,,,,,11,,11,,,,,,,,,,11,11,,,,,,,,,,,,,,,,,,,,,,,,,,,
,,,47,47,,,,,,,,,,47,,47,,,,,,,,47,,47,,,,,,,,,,47,47,,,,,,,,,,,,,,,,,,,,,,,,,,,
,,,32,32,,,,,,,,,32,,32,,,,,,,,,,32,32,,,,,,,,,32,,32,,,,,,,,,,,,,,,,,,,,,,,,,,,
,,6,,,6,,,,,,,,6,,,6,,,,,,,,6,,,6,,,,,,,,,6,,6,,,,,,,,,,,,,,,,,,,,,,,,,,
,,4,,,4,,,,,,,,4,,,4,,,,,,,,4,,,4,,,,,,,,,4,,4,,,,,,,,,,,,,,,,,,,,,,,,,,
,,,46,,46,,,,,,,,,46,46,,,,,,,,,46,,,46,,,,,,,,,46,,46,,,,,,,,,,,,,,,,,,,,,,,,,,
,,5,,5,,,,,,,,,5,,5,,,,,,,,,5,,5,,,,,,,,,,5,5,,,,,,,,,,,,,,,,,,,,,,,,,,,
,,,34,34,,,,,,,,,34,,34,,,,,,,,,,34,34,,,,,,,,,34,,34,,,,,,,,,,,,,,,,,,,,,,,,,,,
,,,43,,43,,,,,,,,,43,43,,,,,,,,,43,,,43,,,,,,,,,43,,43,,,,,,,,,,,,,,,,,,,,,,,,,,
,,,30,30,,,,,,,,,30,,30,,,,,,,,,,30,30,,,,,,,,,30,,30,,,,,,,,,,,,,,,,,,,,,,,,,,,
,,14,,,14,,,,,,,,,14,,14,,,,,,,,,14,,14,,,,,,,,,14,,14,,,,,,,,,,,,,,,,,,,,,,,,,,
,,,35,,35,,,,,,,,35,,,35,,,,,,,,,35,,35,,,,,,,,35,,,35,,,,,,,,,,,,,,,,,,,,,,,,,,
,,,26,26,,,,,,,,,26,,26,,,,,,,,,,26,26,,,,,,,,,,26,26,,,,,,,,,,,,,,,,,,,,,,,,,,,
,,25,,25,,,,,,,,,,25,25,,,,,,,,,,25,25,,,,,,,,,25,,25,,,,,,,,,,,,,,,,,,,,,,,,,,,
,,20,,,20,,,,,,,,,20,,20,,,,,,,,,20,,20,,,,,,,,20,,,20,,,,,,,,,,,,,,,,,,,,,,,,,,
,,18,,,18,,,,,,,,,18,,18,,,,,,,,,18,,18,,,,,,,,18,,,18,,,,,,,,,,,,,,,,,,,,,,,,,,
,,10,,,10,,,,,,,,10,,,10,,,,,,,,10,,,10,,,,,,,,,10,,10,,,,,,,,,,,,,,,,,,,,,,,,,,
,,,41,,41,,,,,,,,,41,41,,,,,,,,,41,,,41,,,,,,,,,41,,41,,,,,,,,,,,,,,,,,,,,,,,,,,
,,,49,49,,,,,,,,,,49,,49,,,,,,,,49,,49,,,,,,,,,,49,49,,,,,,,,,,,,,,,,,,,,,,,,,,,
,,,46,,46,,,,,,,,,46,46,,,,,,,,,46,,,46,,,,,,,,,46,,46,,,,,,,,,,,,,,,,,,,,,,,,,,
,,,37,,37,,,,,,,,37,,,37,,,,,,,,,37,,37,,,,,,,,37,,,37,,,,,,,,,,,,,,,,,,,,,,,,,,
,,25,,25,,,,,,,,,,25,25,,,,,,,,,,25,25,,,,,,,,,25,,25,,,,,,,,,,,,,,,,,,,,,,,,,,,
,,,34,34,,,,,,,,,34,,34,,,,,,,,,,34,34,,,,,,,,,34,,34,,,,,,,,,,,,,,,,,,,,,,,,,,,
,,,27,,27,,,,,,,,27,,,27,,,,,,,,,27,,27,,,,,,,,,27,,27,,,,,,,,,,,,,,,,,,,,,,,,,,
,,23,,23,,,,,,,,,,23,23,,,,,,,,,,23,23,,,,,,,,,23,,23,,,,,,,,,,,,,,,,,,,,,,,,,,,
,,12,,,12,,,,,,,,12,,,12,,,,,,,,12,,,12,,,,,,,,,12,,12,,,,,,,,,,,,,,,,,,,,,,,,,,
,,,30,30,,,,,,,,,30,,30,,,,,,,,,,30,30,,,,,,,,,30,,30,,,,,,,,,,,,,,,,,,,,,,,,,,,
,,13,,13,,,,,,,,,,13,13,,,,,,,,,,13,13,,,,,,,,,,13,13,,,,,,,,,,,,,,,,,,,,,,,,,,,
,,16,,,16,,,,,,,,,16,,16,,,,,,,,,16,,16,,,,,,,,16,,,16,,,,,,,,,,,,,,,,,,,,,,,,,,
,,,34,34,,,,,,,,,34,,34,,,,,,,,,,34,34,,,,,,,,,34,,34,,,,,,,,,,,,,,,,,,,,,,,,,,,
,,7,,7,,,,,,,,,7,,7,,,,,,,,,7,,7,,,,,,,,,,7,7,,,,,,,,,,,,,,,,,,,,,,,,,,,
,,,35,,35,,,,,,,,35,,,35,,,,,,,,,35,,35,,,,,,,,35,,,35,,,,,,,,,,,,,,,,,,,,,,,,,,
,,19,,19,,,,,,,,,,19,19,,,,,,,,,,19,19,,,,,,,,,19,,19,,,,,,,,,,,,,,,,,,,,,,,,,,,
,,4,,,4,,,,,,,,4,,,4,,,,,,,,4,,,4,,,,,,,,,4,,4,,,,,,,,,,,,,,,,,,,,,,,,,,
,,10,,,10,,,,,,,,10,,,10,,,,,,,,10,,,10,,,,,,,,,10,,10,,,,,,,,,,,,,,,,,,,,,,,,,,
,,,42,42,,,,,,,,,,42,,42,,,,,,,,42,,42,,,,,,,,,,42,42,,,,,,,,,,,,,,,,,,,,,,,,,,,
,,,48,,48,,,,,,,,,48,48,,,,,,,,,48,,,48,,,,,,,,,48,,48,,,,,,,,,,,,,,,,,,,,,,,,,,
,,3,,3,,,,,,,,,3,,3,,,,,,,,,3,,3,,,,,,,,,3,,3,,,,,,,,,,,,,,,,,,,,,,,,,,,
,,17,,17,,,,,,,,,,17,17,,,,,,,,,,17,17,,,,,,,,,17,,17,,,,,,,,,,,,,,,,,,,,,,,,,,,
,,,49,49,,,,,,,,,,49,,49,,,,,,,,49,,49,,,,,,,,,,49,49,,,,,,,,,,,,,,,,,,,,,,,,,,,
,,,31,,31,,,,,,,,31,,,31,,,,,,,,,31,,31,,,,,,,,31,,,31,,,,,,,,,,,,,,,,,,,,,,,,,,
,,23,,23,,,,,,,,,,23,23,,,,,,,,,,23,23,,,,,,,,,23,,23,,,,,,,,,,,,,,,,,,,,,,,,,,,
,,9,,9,,,,,,,,,9,,9,,,,,,,,,9,,9,,,,,,,,,,9,9,,,,,,,,,,,,,,,,,,,,,,,,,,,
,,12,,,12,,,,,,,,12,,,12,,,,,,,,12,,,12,,,,,,,,,12,,12,,,,,,,,,,,,,,,,,,,,,,,,,,
,,12,,,12,,,,,,,,12,,,12,,,,,,,,12,,,12,,,,,,,,,12,,12,,,,,,,,,,,,,,,,,,,,,,,,,,
,,,41,,41,,,,,,,,,41,41,,,,,,,,,41,,,41,,,,,,,,,41,,41,,,,,,,,,,,,,,,,,,,,,,,,,,
,,,29,,29,,,,,,,,29,,,29,,,,,,,,,29,,29,,,,,,,,29,,,29,,,,,,,,,,,,,,,,,,,,,,,,,,
,,13,,13,,,,,,,,,,13,13,,,,,,,,,,13,13,,,,,,,,,,13,13,,,,,,,,,,,,,,,,,,,,,,,,,,,
,,,47,47,,,,,,,,,,47,,47,,,,,,,,47,,47,,,,,,,,,,47,47,,,,,,,,,,,,,,,,,,,,,,,,,,,
,,2,,,2,,,,,,,,2,,,2,,,,,,,,2,,,2,,,,,,,,2,,,2,,,,,,,,,,,,,,,,,,,,,,,,,,
,,,47,47,,,,,,,,,,47,,47,,,,,,,,47,,47,,,,,,,,,,47,47,,,,,,,,,,,,,,,,,,,,,,,,,,,
,,13,,13,,,,,,,,,,13,13,,,,,,,,,,13,13,,,,,,,,,,13,13,,,,,,,,,,,,,,,,,,,,,,,,,,,
,,,46,,46,,,,,,,,,46,46,,,,,,,,,46,,,46,,,,,,,,,46,,46,,,,,,,,,,,,,,,,,,,,,,,,,,
,,7,,7,,,,,,,,,7,,7,,,,,,,,,7,,7,,,,,,,,,,7,7,,,,,,,,,,,,,,,,,,,,,,,,,,,
,,20,,,20,,,,,,,,,20,,20,,,,,,,,,20,,20,,,,,,,,20,,,20,,,,,,,,,,,,,,,,,,,,,,,,,,
,,16,,,16,,,,,,,,,16,,16,,,,,,,,,16,,16,,,,,,,,16,,,16,,,,,,,,,,,,,,,,,,,,,,,,,,
,,15,,15,,,,,,,,,,15,15,,,,,,,,,,15,15,,,,,,,,,,15,15,,,,,,,,,,,,,,,,,,,,,,,,,,,
,,15,,15,,,,,,,,,,15,15,,,,,,,,,,15,15,,,,,,,,,,15,15,,,,,,,,,,,,,,,,,,,,,,,,,,,
,,18,,,18,,,,,,,,,18,,18,,,,,,,,,18,,18,,,,,,,,18,,,18,,,,,,,,,,,,,,,,,,,,,,,,,,
,,,44,,44,,,,,,,,,44,44,,,,,,,,,44,,,44,,,,,,,,,44,,44,,,,,,,,,,,,,,,,,,,,,,,,,,
,,,31,,31,,,,,,,,31,,,31,,,,,,,,,31,,31,,,,,,,,31,,,31,,,,,,,,,,,,,,,,,,,,,,,,,,
,,,27,,27,,,,,,,,27,,,27,,,,,,,,,27,,27,,,,,,,,,27,,27,,,,,,,,,,,,,,,,,,,,,,,,,,
,,23,,23,,,,,,,,,,23,23,,,,,,,,,,23,23,,,,,,,,,23,,23,,,,,,,,,,,,,,,,,,,,,,,,,,,
,,,42,42,,,,,,,,,,42,,42,,,,,,,,42,,42,,,,,,,,,,42,42,,,,,,,,,,,,,,,,,,,,,,,,,,,
,,4,,,4,,,,,,,,4,,,4,,,,,,,,4,,,4,,,,,,,,,4,,4,,,,,,,,,,,,,,,,,,,,,,,,,,
,,,42,42,,,,,,,,,,42,,42,,,,,,,,42,,42,,,,,,,,,,42,42,,,,,,,,,,,,,,,,,,,,,,,,,,,
,,,46,,46,,,,,,,,,46,46,,,,,,,,,46,,,46,,,,,,,,,46,,46,,,,,,,,,,,,,,,,,,,,,,,,,,
,,5,,5,,,,,,,,,5,,5,,,,,,,,,5,,5,,,,,,,,,,5,5,,,,,,,,,,,,,,,,,,,,,,,,,,,
,,18,,,18,,,,,,,,,18,,18,,,,,,,,,18,,18,,,,,,,,18,,,18,,,,,,,,,,,,,,,,,,,,,,,,,,
,,15,,15,,,,,,,,,,15,15,,,,,,,,,,15,15,,,,,,,,,,15,15,,,,,,,,,,,,,,,,,,,,,,,,,,,
,,,49,49,,,,,,,,,,49,,49,,,,,,,,49,,49,,,,,,,,,,49,49,,,,,,,,,,,,,,,,,,,,,,,,,,,
,,,35,,35,,,,,,,,35,,,35,,,,,,,,,35,,35,,,,,,,,35,,,35,,,,,,,,,,,,,,,,,,,,,,,,,,
,,,33,,33,,,,,,,,33,,,33,,,,,,,,,33,,33,,,,,,,,33,,,33,,,,,,,,,,,,,,,,,,,,,,,,,,
,,,37,,37,,,,,,,,37,,,37,,,,,,,,,37,,37,,,,,,,,37,,,37,,,,,,,,,,,,,,,,,,,,,,,,,,
,,8,,,8,,,,,,,,8,,,8,,,,,,,,8,,,8,,,,,,,,,8,,8,,,,,,,,,,,,,,,,,,,,,,,,,,
,,16,,,16,,,,,,,,,16,,16,,,,,,,,,16,,16,,,,,,,,16,,,16,,,,,,,,,,,,,,,,,,,,,,,,,,
,,,47,47,,,,,,,,,,47,,47,,,,,,,,47,,47,,,,,,,,,,47,47,,,,,,,,,,,,,,,,,,,,,,,,,,,
,,4,,,4,,,,,,,,4,,,4,,,,,,,,4,,,4,,,,,,,,,4,,4,,,,,,,,,,,,,,,,,,,,,,,,,,
,,,43,,43,,,,,,,,,43,43,,,,,,,,,43,,,43,,,,,,,,,43,,43,,,,,,,,,,,,,,,,,,,,,,,,,,
,,13,,13,,,,,,,,,,13,13,,,,,,,,,,13,13,,,,,,,,,,13,13,,,,,,,,,,,,,,,,,,,,,,,,,,,
,,,45,45,,,,,,,,,,45,,45,,,,,,,,45,,45,,,,,,,,,,45,45,,,,,,,,,,,,,,,,,,,,,,,,,,,
,,,46,,46,,,,,,,,,46,46,,,,,,,,,46,,,46,,,,,,,,,46,,46,,,,,,,,,,,,,,,,,,,,,,,,,,
,,18,,,18,,,,,,,,,18,,18,,,,,,,,,18,,18,,,,,,,,18,,,18,,,,,,,,,,,,,,,,,,,,,,,,,,
,,12,,,12,,,,,,,,12,,,12,,,,,,,,12,,,12,,,,,,,,,12,,12,,,,,,,,,,,,,,,,,,,,,,,,,,
,,,35,,35,,,,,,,,35,,,35,,,,,,,,,35,,35,,,,,,,,35,,,35,,,,,,,,,,,,,,,,,,,,,,,,,,
,,19,,19,,,,,,,,,,19,19,,,,,,,,,,19,19,,,,,,,,,19,,19,,,,,,,,,,,,,,,,,,,,,,,,,,,
,,,36,36,,,,,,,,,36,,36,,,,,,,,,,36,36,,,,,,,,,36,,36,,,,,,,,,,,,,,,,,,,,,,,,,,,
,,1,,1,,,,,,,,,1,,1,,,,,,,,,1,,1,,,,,,,,,1,,1,,,,,,,,,,,,,,,,,,,,,,,,,,,
,,13,,13,,,,,,,,,,13,13,,,,,,,,,,13,13,,,,,,,,,,13,13,,,,,,,,,,,,,,,,,,,,,,,,,,,
,,1,,1,,,,,,,,,1,,1,,,,,,,,,1,,1,,,,,,,,,1,,1,,,,,,,,,,,,,,,,,,,,,,,,,,,
,,6,,,6,,,,,,,,6,,,6,,,,,,,,6,,,6,,,,,,,,,6,,6,,,,,,,,,,,,,,,,,,,,,,,,,,
,,12,,,12,,,,,,,,12,,,12,,,,,,,,12,,,12,,,,,,,,,12,,12,,,,,,,,,,,,,,,,,,,,,,,,,,
,,,36,36,,,,,,,,,36,,36,,,,,,,,,,36,36,,,,,,,,,36,,36,,,,,,,,,,,,,,,,,,,,,,,,,,,
,,,48,,48,,,,,,,,,48,48,,,,,,,,,48,,,48,,,,,,,,,48,,48,,,,,,,,,,,,,,,,,,,,,,,,,,
,,,28,28,,,,,,,,,28,,28,,,,,,,,,,28,28,,,,,,,,,,28,28,,,,,,,,,,,,,,,,,,,,,,,,,,,
,,6,,,6,,,,,,,,6,,,6,,,,,,,,6,,,6,,,,,,,,,6,,6,,,,,,,,,,,,,,,,,,,,,,,,,,
,,,42,42,,,,,,,,,,42,,42,,,,,,,,42,,42,,,,,,,,,,42,42,,,,,,,,,,,,,,,,,,,,,,,,,,,
,,16,,,16,,,,,,,,,16,,16,,,,,,,,,16,,16,,,,,,,,16,,,16,,,,,,,,,,,,,,,,,,,,,,,,,,
,,,32,32,,,,,,,,,32,,32,,,,,,,,,,32,32,,,,,,,,,32,,32,,,,,,,,,,,,,,,,,,,,,,,,,,,
,,,34,34,,,,,,,,,34,,34,,,,,,,,,,34,34,,,,,,,,,34,,34,,,,,,,,,,,,,,,,,,,,,,,,,,,
,,17,,17,,,,,,,,,,17,17,,,,,,,,,,17,17,,,,,,,,,17,,17,,,,,,,,,,,,,,,,,,,,,,,,,,,
,,,46,,46,,,,,,,,,46,46,,,,,,,,,46,,,46,,,,,,,,,46,,46,,,,,,,,,,,,,,,,,,,,,,,,,,
,,,37,,37,,,,,,,,37,,,37,,,,,,,,,37,,37,,,,,,,,37,,,37,,,,,,,,,,,,,,,,,,,,,,,,,,
,,10,,,10,,,,,,,,10,,,10,,,,,,,,10,,,10,,,,,,,,,10,,10,,,,,,,,,,,,,,,,,,,,,,,,,,
,,,28,28,,,,,,,,,28,,28,,,,,,,,,,28,28,,,,,,,,,,28,28,,,,,,,,,,,,,,,,,,,,,,,,,,,
,,15,,15,,,,,,,,,,15,15,,,,,,,,,,15,15,,,,,,,,,,15,15,,,,,,,,,,,,,,,,,,,,,,,,,,,
,,,37,,37,,,,,,,,37,,,37,,,,,,,,,37,,37,,,,,,,,37,,,37,,,,,,,,,,,,,,,,,,,,,,,,,,
,,8,,,8,,,,,,,,8,,,8,,,,,,,,8,,,8,,,,,,,,,8,,8,,,,,,,,,,,,,,,,,,,,,,,,,,
,,,46,,46,,,,,,,,,46,46,,,,,,,,,46,,,46,,,,,,,,,46,,46,,,,,,,,,,,,,,,,,,,,,,,,,,
,,14,,,14,,,,,,,,,14,,14,,,,,,,,,14,,14,,,,,,,,,14,,14,,,,,,,,,,,,,,,,,,,,,,,,,,
,,,40,40,,,,,,,,,,40,,40,,,,,,,,40,,40,,,,,,,,,40,,40,,,,,,,,,,,,,,,,,,,,,,,,,,,
,,,26,26,,,,,,,,,26,,26,,,,,,,,,,26,26,,,,,,,,,,26,26,,,,,,,,,,,,,,,,,,,,,,,,,,,
,,,29,,29,,,,,,,,29,,,29,,,,,,,,,29,,29,,,,,,,,29,,,29,,,,,,,,,,,,,,,,,,,,,,,,,,
,,24,,,24,,,,,,,,,24,,24,,,,,,,,,24,,24,,,,,,,,24,,,24,,,,,,,,,,,,,,,,,,,,,,,,,,
,,11,,11,,,,,,,,,11,,11,,,,,,,,,11,,11,,,,,,,,,,11,11,,,,,,,,,,,,,,,,,,,,,,,,,,,
,,1,,1,,,,,,,,,1,,1,,,,,,,,,1,,1,,,,,,,,,1,,1,,,,,,,,,,,,,,,,,,,,,,,,,,,
,,,28,28,,,,,,,,,28,,28,,,,,,,,,,28,28,,,,,,,,,,28,28,,,,,,,,,,,,,,,,,,,,,,,,,,,
,,,39,,39,,,,,,,,,39,39,,,,,,,,,39,,,39,,,,,,,,39,,,39,,,,,,,,,,,,,,,,,,,,,,,,,,
,,6,,,6,,,,,,,,6,,,6,,,,,,,,6,,,6,,,,,,,,,6,,6,,,,,,,,,,,,,,,,,,,,,,,,,,
,,8,,,8,,,,,,,,8,,,8,,,,,,,,8,,,8,,,,,,,,,8,,8,,,,,,,,,,,,,,,,,,,,,,,,,,
,,15,,15,,,,,,,,,,15,15,,,,,,,,,,15,15,,,,,,,,,,15,15,,,,,,,,,,,,,,,,,,,,,,,,,,,
,,7,,7,,,,,,,,,7,,7,,,,,,,,,7,,7,,,,,,,,,,7,7,,,,,,,,,,,,,,,,,,,,,,,,,,,
