,,,,,,,11,,,,,,,,,,,,,,,,,11,,,,,,,,,,,,,,,,,11,,,,,,,,,,,,,,,,,,,,,,,,-1,-1
,,,,,,,30,,,,,,,,,,,,,,,,,27,,,,,,,,,,,,,,,,,27,,,,,,,,,,,,,,,,,,,,,,,,-1,-1
,,,,,,,3,,,,,,,,,,,,,,,,,39,,,,,,,,,,,,,,,,,39,,,,,,,,,,,,,,,,,,,,,,,,-1,-1
,,,,,,,10,,,,,,,,,,,,,,,,,4,,,,,,,,,,,,,,,,,4,,,,,,,,,,,,,,,,,,,,,,,,-1,-1
,,,,,,,22,,,,,,,,,,,,,,,,,9,,,,,,,,,,,,,,,,,9,,,,,,,,,,,,,,,,,,,,,,,,-1,-1
,,,,,,,33,,,,,,,,,,,,,,,,,18,,,,,,,,,,,,,,,,,16,,,,,,,,,,,,,,,,,,,,,,,,-1,-1
,,,,,,,43,,,,,,,,,,,,,,,,,24,,,,,,,,,,,,,,,,,31,,,,,,,,,,,,,,,,,,,,,,,,-1,-1
1,,,,,,,27,,,,,,,,,1,,,,,,,,33,,,,,,,,,,1,,,,,,,2,,,,,,,,,,,,,,,,,,,,,,,,-1,-1
28,,,,,,,18,,,,,,,,,19,,,,,,,,41,,,,,,,,,,19,,,,,,,7,,,,,,,,,,,,,,,,,,,,,,,,-1,-1
2,,,,,,,41,,,,,,,,,34,,,,,,,,46,,,,,,,,,,34,,,,,,,13,,,,,,,,,,,,,,,,,,,,,,,,-1,-1
9,,,,,,,16,,,,,,,,,3,,,,,,,,16,,,,,,,,,,-1,,,,,,,18,,,,,,,,,,,,,,,,,,,,,,,,-1,-1
21,,,,,,,5,,,,,,,,,8,,,,,,,,47,,,,,,,,,,8,,,,,,,32,,,,,,,,,,,,,,,,,,,,,,,,-1,-1
-1,,,,,,,17,,,,,,,,,-1,,,,,,,,7,,,,,,,,,,15,,,,,,,41,,,,,,,,,,,,,,,,,,,,,,,,-1,-1
42,,,,,,,36,,,,,,,,,23,,,,,,,,21,,,,,,,,,,30,,,,,,,21,,,,,,,,,,,,,,,,,,,,,,,,-1,-1
19,,,,,,,46,,,,,,,,,32,,,,,,,,29,,,,,,,,,,47,,,,,,,29,,,,,,,,,,,,,,,,,,,,,,,,-1,-1
8,,,,,,,26,,,,,,,,,38,,,,,,,,43,,,,,,,,,,6,,,,,,,43,,,,,,,,,,,,,,,,,,,,,,,,-1,-1
38,,,,,,,14,,,,,,,,,45,,,,,,,,14,,,,,,,,,,12,,,,,,,14,,,,,,,,,,,,,,,,,,,,,,,,-1,-1
15,,,,,,,31,,,,,,,,,15,,,,,,,,28,,,,,,,,,,17,,,,,,,28,,,,,,,,,,,,,,,,,,,,,,,,-1,-1
39,,,,,,,4,,,,,,,,,31,,,,,,,,40,,,,,,,,,,24,,,,,,,40,,,,,,,,,,,,,,,,,,,,,,,,-1,-1
13,,,,,,,12,,,,,,,,,6,,,,,,,,5,,,,,,,,,,38,,,,,,,5,,,,,,,,,,,,,,,,,,,,,,,,-1,-1
25,,,,,,,23,,,,,,,,,13,,,,,,,,10,,,,,,,,,,46,,,,,,,10,,,,,,,,,,,,,,,,,,,,,,,,-1,-1
45,,,,,,,35,,,,,,,,,-1,,,,,,,,20,,,,,,,,,,26,,,,,,,20,,,,,,,,,,,,,,,,,,,,,,,,-1,-1
7,,,,,,,44,,,,,,,,,37,,,,,,,,25,,,,,,,,,,-1,,,,,,,25,,,,,,,,,,,,,,,,,,,,,,,,-1,-1
-1,,,,,,,40,,,,,,,,,49,,,,,,,,35,,,,,,,,,,49,,,,,,,35,,,,,,,,,,,,,,,,,,,,,,,,-1,-1
,,,,,,,20,,,,,,,,,,,,,,,,,42,,,,,,,,,,,,,,,,,42,,,,,,,,,,,,,,,,,,,,,,,,-1,-1
,,,,,,,48,,,,,,,,,,,,,,,,,48,,,,,,,,,,,,,,,,,48,,,,,,,,,,,,,,,,,,,,,,,,-1,-1
,,,,,,,34,,,,,,,,,,,,,,,,,30,,,,,,,,,,,,,,,,,23,,,,,,,,,,,,,,,,,,,,,,,,-1,-1
,,,,,,,6,,,,,,,,,,,,,,,,,2,,,,,,,,,,,,,,,,,33,,,,,,,,,,,,,,,,,,,,,,,,-1,-1
,,,,,,,24,,,,,,,,,,,,,,,,,12,,,,,,,,,,,,,,,,,45,,,,,,,,,,,,,,,,,,,,,,,,-1,-1
,,,,,,,37,,,,,,,,,,,,,,,,,22,,,,,,,,,,,,,,,,,22,,,,,,,,,,,,,,,,,,,,,,,,-1,-1
,,,,,,,47,,,,,,,,,,,,,,,,,36,,,,,,,,,,,,,,,,,36,,,,,,,,,,,,,,,,,,,,,,,,-1,-1
,,,,,,,29,,,,,,,,,,,,,,,,,44,,,,,,,,,,,,,,,,,44,,,,,,,,,,,,,,,,,,,,,,,,-1,-1
,,,,,,,,,,,,,,,,,,,,,,,,,,,,,,,,,,,,,,,,,37,,,,,,,,,,,,,,,,,,,,,,,,-1,-1
,,,,,,,32,,,,,,,,,,,,,,,,,26,,,,,,,,,,,,,,,,,3,,,,,,,,,,,,,,,,,,,,,,,,-1,-1
,,,,,,,49,,,,,,,,,,,,,,,,,17,,,,,,,,,,,,,,,,,,,,,,,,,,,,,,,,,,,,,,,,,-1,-1
,,,,,,,,,,,,,,,,,,,,,,,,,,,,,,,,,,,,,,,,,,,,,,,,,,,,,,,,,,,,,,,,,-1,-1
,,,,,,,,,,,,,,,,,,,,,,,,,,,,,,,,,,,,,,,,,,,,,,,,,,,,,,,,,,,,,,,,,-1,-1
,,,,,,,,,,,,,,,,,,,,,,,,,,,,,,,,,,,,,,,,,,,,,,,,,,,,,,,,,,,,,,,,,-1,-1
,,,,,,,,,,,,,,,,,,,,,,,,,,,,,,,,,,,,,,,,,,,,,,,,,,,,,,,,,,,,,,,,,-1,-1
,,,,,,,,,,,,,,,,,,,,,,,,,,,,,,,,,,,,,,,,,,,,,,,,,,,,,,,,,,,,,,,,,-1,-1
,,,,,,,,,,,,,,,,,,,,,,,,,,,,,,,,,,,,,,,,,,,,,,,,,,,,,,,,,,,,,,,,,-1,-1
,,,,,,,,,,,,,,,,,,,,,,,,,,,,,,,,,,,,,,,,,,,,,,,,,,,,,,,,,,,,,,,,,-1,-1
,,,,,,,,,,,,,,,,,,,,,,,,,,,,,,,,,,,,,,,,,,,,,,,,,,,,,,,,,,,,,,,,,-1,-1
,,,,,,,,,,,,,,,,,,,,,,,,,,,,,,,,,,,,,,,,,,,,,,,,,,,,,,,,,,,,,,,,,-1,-1
,,,,,,,,,,,,,,,,,,,,,,,,,,,,,,,,,,,,,,,,,,,,,,,,,,,,,,,,,,,,,,,,,-1,-1
,,,,,,,,,,,,,,,,,,,,,,,,,,,,,,,,,,,,,,,,,,,,,,,,,,,,,,,,,,,,,,,,,-1,-1
,,,,,,,,,,,,,,,,,,,,,,,,,,,,,,,,,,,,,,,,,,,,,,,,,,,,,,,,,,,,,,,,,-1,-1
,,,,,,,,,,,,,,,,,,,,,,,,,,,,,,,,,,,,,,,,,,,,,,,,,,,,,,,,,,,,,,,,,-1,-1
,,,,,,,,,,,,,,,,,,,,,,,,,,,,,,,,,,,,,,,,,,,,,,,,,,,,,,,,,,,,,,,,,-1,-1
,,,,,,,,,,,,,,,,,,,,,,,,,,,,,,,,,,,,,,,,,,,,,,,,,,,,,,,,,,,,,,,,,-1,-1
,,,,,,,,,,,,,,,,,,,,,,,,,,,,,,,,,,,,,,,,,,,,,,,,,,,,,,,,,,,,,,,,,-1,-1
,,,,,,,,,,,,,,,,,,,,,,,,,,,,,,,,,,,,,,,,,,,,,,,,,,,,,,,,,,,,,,,,,-1,-1
,,,,,,,,,,,,,,,,,,,,,,,,,,,,,,,,,,,,,,,,,,,,,,,,,,,,,,,,,,,,,,,,,-1,-1
,,,,,,,,,,,,,,,,,,,,,,,,,,,,,,,,,,,,,,,,,,,,,,,,,,,,,,,,,,,,,,,,,-1,-1
,,,,,,,,,,,,,,,,,,,,,,,,,,,,,,,,,,,,,,,,,,,,,,,,,,,,,,,,,,,,,,,,,-1,-1
,,,,,,,,,,,,,,,,,,,,,,,,,,,,,,,,,,,,,,,,,,,,,,,,,,,,,,,,,,,,,,,,,-1,-1
,,,,,,,,,,,,,,,,,,,,,,,,,,,,,,,,,,,,,,,,,,,,,,,,,,,,,,,,,,,,,,,,,-1,-1
,,,,,,,,,,,,,,,,,,,,,,,,,,,,,,,,,,,,,,,,,,,,,,,,,,,,,,,,,,,,,,,,,-1,-1
,,,,,,,,,,,,,,,,,,,,,,,,,,,,,,,,,,,,,,,,,,,,,,,,,,,,,,,,,,,,,,,,,-1,-1
