,,,,,,,,,,,,,,,,,,,,,,,,,,,,,,,,,,,,,,,,,,,,,,,,,
,,,,,,,,,,,,,,,,,,,,,,,,,,,,,,,,,,,,,,,,,,,,,,,,,
,,,,,,,,,,,,,,,,,,,,,,,,,,,,,,,,,,,,,,,,,,,,,,,,,
,,,,,,,,,,,,,,,,,,,,,,,,,,,,,,,,,,,,,,,,,,,,,,,,,
,,,,,,,,,,,,,,,,,,,,,,,,,,,,,,,,,,,,,,,,,,,,,,,,,
,,,,,,,,,,,,,,,,,,,,,,,,,,,,,,,,,,,,,,,,,,,,,,,,,
,,,,,,,,,,,,,,,,,,,,,,,,,,,,,,,,,,,,,,,,,,,,,,,,,
1,21,41,-1,-1,,,,,,,,,,,,1,21,41,-1,-1,,,,,,,,,,,,,,1,21,41,-1,-1,,,,,,,,,,,
43,14,34,-1,-1,,,,,,,,,,,,3,23,43,-1,-1,,,,,,,,,,,,,,3,23,43,-1,-1,,,,,,,,,,,
46,17,37,-1,-1,,,,,,,,,,,,5,25,6,-1,-1,,,,,,,,,,,,,,5,25,6,-1,-1,,,,,,,,,,,
39,10,30,-1,-1,,,,,,,,,,,,17,37,8,-1,-1,,,,,,,,,,,,,,17,37,8,-1,-1,,,,,,,,,,,
42,13,33,-1,-1,,,,,,,,,,,,19,39,10,-1,-1,,,,,,,,,,,,,,19,39,10,-1,-1,,,,,,,,,,,
35,45,16,-1,-1,,,,,,,,,,,,31,2,22,-1,-1,,,,,,,,,,,,,,12,32,22,-1,-1,,,,,,,,,,,
18,38,9,-1,-1,,,,,,,,,,,,33,4,24,-1,-1,,,,,,,,,,,,,,14,34,24,-1,-1,,,,,,,,,,,
3,23,6,-1,-1,,,,,,,,,,,,35,45,16,-1,-1,,,,,,,,,,,,,,26,46,16,-1,-1,,,,,,,,,,,
19,2,22,-1,-1,,,,,,,,,,,,27,47,18,-1,-1,,,,,,,,,,,,,,28,48,18,-1,-1,,,,,,,,,,,
27,47,20,-1,,,,,,,,,,,,,29,49,20,-1,,,,,,,,,,,,,,,30,11,20,-1,,,,,,,,,,,,
12,32,5,,,,,,,,,,,,,,12,32,14,,,,,,,,,,,,,,,,31,2,33,,,,,,,,,,,,,
25,8,28,,,,,,,,,,,,,,34,26,46,,,,,,,,,,,,,,,,4,35,45,,,,,,,,,,,,,
11,31,4,,,,,,,,,,,,,,28,48,30,,,,,,,,,,,,,,,,27,47,29,,,,,,,,,,,,,
24,36,7,,,,,,,,,,,,,,11,42,13,,,,,,,,,,,,,,,,49,42,13,,,,,,,,,,,,,
29,49,26,,,,,,,,,,,,,,44,15,36,,,,,,,,,,,,,,,,44,15,36,,,,,,,,,,,,,
48,44,15,,,,,,,,,,,,,,7,38,9,,,,,,,,,,,,,,,,7,38,9,,,,,,,,,,,,,
40,,,,,,,,,,,,,,,,40,,,,,,,,,,,,,,,,,,40,,,,,,,,,,,,,,,
,,,,,,,,,,,,,,,,,,,,,,,,,,,,,,,,,,,,,,,,,,,,,,,,,
,,,,,,,,,,,,,,,,,,,,,,,,,,,,,,,,,,,,,,,,,,,,,,,,,
,,,,,,,,,,,,,,,,,,,,,,,,,,,,,,,,,,,,,,,,,,,,,,,,,
,,,,,,,,,,,,,,,,,,,,,,,,,,,,,,,,,,,,,,,,,,,,,,,,,
,,,,,,,,,,,,,,,,,,,,,,,,,,,,,,,,,,,,,,,,,,,,,,,,,
,,,,,,,,,,,,,,,,,,,,,,,,,,,,,,,,,,,,,,,,,,,,,,,,,
,,,,,,,,,,,,,,,,,,,,,,,,,,,,,,,,,,,,,,,,,,,,,,,,,
,,,,,,,,,,,,,,,,,,,,,,,,,,,,,,,,,,,,,,,,,,,,,,,,,
,,,,,,,,,,,,,,,,,,,,,,,,,,,,,,,,,,,,,,,,,,,,,,,,,
,,,,,,,,,,,,,,,,,,,,,,,,,,,,,,,,,,,,,,,,,,,,,,,,,
,,,,,,,,,,,,,,,,,,,,,,,,,,,,,,,,,,,,,,,,,,,,,,,,,
,,,,,,,,,,,,,,,,,,,,,,,,,,,,,,,,,,,,,,,,,,,,,,,,,
,,,,,,,,,,,,,,,,,,,,,,,,,,,,,,,,,,,,,,,,,,,,,,,,,
,,,,,,,,,,,,,,,,,,,,,,,,,,,,,,,,,,,,,,,,,,,,,,,,,
,,,,,,,,,,,,,,,,,,,,,,,,,,,,,,,,,,,,,,,,,,,,,,,,,
,,,,,,,,,,,,,,,,,,,,,,,,,,,,,,,,,,,,,,,,,,,,,,,,,
,,,,,,,,,,,,,,,,,,,,,,,,,,,,,,,,,,,,,,,,,,,,,,,,,
,,,,,,,,,,,,,,,,,,,,,,,,,,,,,,,,,,,,,,,,,,,,,,,,,
,,,,,,,,,,,,,,,,,,,,,,,,,,,,,,,,,,,,,,,,,,,,,,,,,
,,,,,,,,,,,,,,,,,,,,,,,,,,,,,,,,,,,,,,,,,,,,,,,,,
,,,,,,,,,,,,,,,,,,,,,,,,,,,,,,,,,,,,,,,,,,,,,,,,,
,,,,,,,,,,,,,,,,,,,,,,,,,,,,,,,,,,,,,,,,,,,,,,,,,
,,,,,,,,,,,,,,,,,,,,,,,,,,,,,,,,,,,,,,,,,,,,,,,,,
,,,,,,,,,,,,,,,,,,,,,,,,,,,,,,,,,,,,,,,,,,,,,,,,,
,,,,,,,,,,,,,,,,,,,,,,,,,,,,,,,,,,,,,,,,,,,,,,,,,
,,,,,,,,,,,,,,,,,,,,,,,,,,,,,,,,,,,,,,,,,,,,,,,,,
,,,,,,,,,,,,,,,,,,,,,,,,,,,,,,,,,,,,,,,,,,,,,,,,,
,,,,,,,,,,,,,,,,,,,,,,,,,,,,,,,,,,,,,,,,,,,,,,,,,
,,,,,,,,,,,,,,,,,,,,,,,,,,,,,,,,,,,,,,,,,,,,,,,,,
,,,,,,,,,,,,,,,,,,,,,,,,,,,,,,,,,,,,,,,,,,,,,,,,,
,,,,,,,,,,,,,,,,,,,,,,,,,,,,,,,,,,,,,,,,,,,,,,,,,
,,,,,,,,,,,,,,,,,,,,,,,,,,,,,,,,,,,,,,,,,,,,,,,,,
,,,,,,,,,,,,,,,,,,,,,,,,,,,,,,,,,,,,,,,,,,,,,,,,,
,,,,,,,,,,,,,,,,,,,,,,,,,,,,,,,,,,,,,,,,,,,,,,,,,
,,,,,,,,,,,,,,,,,,,,,,,,,,,,,,,,,,,,,,,,,,,,,,,,,
