,,,,,6,,,,,,,,,,,,,,,,,6,,,,,,,,,,,,,,,,,,,6,,,,,,,,
,,,,,,,,27,,,,,,,,,,27,,,,,,,,,,,,,,,,,,,27,,,,,,,,,,,,
,,,,,,,36,,,,,,,,,,,36,,,,,,,,,,,,36,,,,,36,,,,,,,,,,,,,,,,,,,,,,,,,,,,,
,,,8,,,,,,,,,8,,,,,,,,,,,,,,,8,,,,,,,,,,,,,,,8,,,,,,,,,,,,,,,,,,,,,,
43,,,,,,,,,,,43,,,,,,,,,,,,,,,,,,,,43,,,,,,,,43,,,,,,,,,,,,,,,,,,,,,,,,,
,,,,,44,,,,,,,,,,,,,,44,,,,,,,,,44,,,,,,,,,,,,44,,,,,,,,,,,,,,,,,,,,,,,,
,10,,,,,,,,,,,,10,,,,,,,,,,,,,,,,,,,,,10,10,,,,,,,,,,,,,,,,,,,,,,,,,,,,,
,,,,,,,,,49,,,,,,,49,,,,,,,,,,,,,49,,,,,,,,,,,,49,,,,,,,,,,,,,,,,,,,,,,,
,13,,,,,,,,,,,,,13,,,,,,,,,,,,,,,,,,,13,,,,,,13,,,,,,,,,,,,,,,,,,,,,,,,,
,14,,,,,,,,,,14,,,,,,,,,,,,,,,,,,,,,14,,,,,,,14,,,,,,,,,,,,,,,,,,,,,,,,,
,,,,,,,,,40,,,,,,,,,40,,,,,,,,,,,40,,,,,,,,,,,,,,40,,,,,,,,,,,,,,,,,,,,,
,,,,,,19,,,,,,,,,,,19,,,,,,,,,,19,,,,,,,,,,,,,,,,19,,,,,,,,,,,,,,,,,,,,,
,,,,,,,,38,,,,,,,,,,38,,,,,,,,,,,,,,,,38,,,,,38,,,,,,,,,,,,,,,,,,,,,,,,,
,,,,28,,,,,,,,28,,,,,,,,,,,,,28,,,,,,,,,,,,,,,,,,28,,,,,,,,,,,,,,,,,,,,,
,14,,,,,,,,,,14,,,,,,,,,,,,,,,,,,,,,14,,,,,,,14,,,,,,,,,,,,,,,,,,,,,,,,,
,,,11,,,,,,,,,,11,,,,,,,,,,,,,,,,,,,,,11,,,11,,,,,,,,,,,,,,,,,,,,,,,,,,,
,,37,,,,,,,,,,37,,,,,,,,,,,,,,37,,,,,,,,,,,,,,,,37,,,,,,,,,,,,,,,,,,,,,,
,,,,32,,,,,,32,,,,,,,,,,,,,,,,,,,,,32,,,,,,,32,,,,,,,,,,,,,,,,,,,,,,,,,,
,,,11,,,,,,,,,,11,,,,,,,,,,,,,,,,,,,,,11,,,11,,,,,,,,,,,,,,,,,,,,,,,,,,,
,,,,,,15,,,,,,,,,,,,,15,,,,,,,,,,,,15,,,,15,,,,,,,,,,,,,,,,,,,,,,,,,,,,,
,,,,,,,16,,,,,,,,,,16,,,,,,,,,,,16,,,,,,,,,,,,,16,,,,,,,,,,,,,,,,,,,,,,,
,,,,,,,,18,,,,,,,,,18,,,,,,,,,,,,,,,,,18,,,,18,,,,,,,,,,,,,,,,,,,,,,,,,,
,13,,,,,,,,,,,,,13,,,,,,,,,,,,,,,,,,,13,,,,,,13,,,,,,,,,,,,,,,,,,,,,,,,,
,,,,,,,,47,,,,,,,,47,,,,,,,,,,,,47,,,,,,,,,,,,,,47,,,,,,,,,,,,,,,,,,,,,,
,,,,,,,,,49,,,,,,,49,,,,,,,,,,,,,49,,,,,,,,,,,,49,,,,,,,,,,,,,,,,,,,,,,,
,,,,,6,,,,,,,,,,,6,,,,,,,,,6,,,,,,,,,,,,,,,,6,,,,,,,,,,,,,,,,,,,,,,,
,,,,25,,,,,,,25,,,,,,,,,,,,,,,,25,,,,,,,,,,,,,25,,,,,,,,,,,,,,,,,,,,,,,,
1,,,,,,,,,,1,,,,,,,,,,,,,,,,1,,,,,,,,,,,,,,,,,,1,,,,,,,,,,,,,,,,,,,,
,,,,31,,,,,,,,,31,,,,,,,,,,,,,,,,,,,,31,,,,,31,,,,,,,,,,,,,,,,,,,,,,,,,,
,,,,32,,,,,,32,,,,,,,,,,,,,,,,,,,,,32,,,,,,,32,,,,,,,,,,,,,,,,,,,,,,,,,,
,,,,,,,35,,,,,,,,35,,,,,,,,,,,,,,,,35,,,,,35,,,,,,,,,,,,,,,,,,,,,,,,,,,,
,,,,,,,,,29,,,,,,29,,,,,,,,,,,,,29,,,,,,,,,,,,,,,29,,,,,,,,,,,,,,,,,,,,,
,,,,,,,,27,,,,,,,27,,,,,,,,,,,,,,,27,,,,,,,27,,,,,,,,,,,,,,,,,,,,,,,,,,,
,,,,,,23,,,,,,,,,23,,,,,,,,,,,,,,,23,,,,,,,,,23,,,,,,,,,,,,,,,,,,,,,,,,,
,,,,,,,,38,,,,,,,,,,38,,,,,,,,,,,,,,,,38,,,,,38,,,,,,,,,,,,,,,,,,,,,,,,,
,,,,24,,,,,,,,,,24,,,,,,,,,,,,,,,,,,24,,,,,24,,,,,,,,,,,,,,,,,,,,,,,,,,,
,,,,,,,,47,,,,,,,,47,,,,,,,,,,,,47,,,,,,,,,,,,,,47,,,,,,,,,,,,,,,,,,,,,,
,,,,,,,7,,,,,,,,,,,,7,,,,,,,,,,,7,,,,,,7,,,,,,,,,,,,,,,,,,,,,,,,,,,,
,,,8,,,,,,,,,8,,,,,,,,,,,,,,,8,,,,,,,,,,,,,,,8,,,,,,,,,,,,,,,,,,,,,,
,,,,,48,,,,,,,,,,,,48,,,,,,,,,48,,,,,,,,,,,,,,,,,48,,,,,,,,,,,,,,,,,,,,,
39,,,,,,,,,,,,,39,,,,,,,,,,,,,,,,39,,,,,,,,,,,,,,,39,,,,,,,,,,,,,,,,,,,,
,,,8,,,,,,,,,8,,,,,,,,,,,,,,,8,,,,,,,,,,,,,,,8,,,,,,,,,,,,,,,,,,,,,,
,,33,,,,,,,,,,,,33,,,,,,,,,,,,,,,,,,33,,,33,,,,,,,,,,,,,,,,,,,,,,,,,,,,,
,,,,,,,,18,,,,,,,,,18,,,,,,,,,,,,,,,,,18,,,,18,,,,,,,,,,,,,,,,,,,,,,,,,,
,,,,25,,,,,,,25,,,,,,,,,,,,,,,,25,,,,,,,,,,,,,25,,,,,,,,,,,,,,,,,,,,,,,,
42,,,,,,,,,,,,,,42,,,,,,,,,,,,,,,,,,,42,,,,42,,,,,,,,,,,,,,,,,,,,,,,,,,,
,,,,,,19,,,,,,,,,,,19,,,,,,,,,,19,,,,,,,,,,,,,,,,19,,,,,,,,,,,,,,,,,,,,,
,,,,,,,,18,,,,,,,,,18,,,,,,,,,,,,,,,,,18,,,,18,,,,,,,,,,,,,,,,,,,,,,,,,,
,,,,31,,,,,,,,,31,,,,,,,,,,,,,,,,,,,,31,,,,,31,,,,,,,,,,,,,,,,,,,,,,,,,,
,,33,,,,,,,,,,,,33,,,,,,,,,,,,,,,,,,33,,,33,,,,,,,,,,,,,,,,,,,,,,,,,,,,,
,,,,31,,,,,,,,,31,,,,,,,,,,,,,,,,,,,,31,,,,,31,,,,,,,,,,,,,,,,,,,,,,,,,,
,,33,,,,,,,,,,,,33,,,,,,,,,,,,,,,,,,33,,,33,,,,,,,,,,,,,,,,,,,,,,,,,,,,,
,,,,,3,,,,,,,,,,3,,,,,,,,,,,,,,,,,3,,,,,,3,,,,,,,,,,,,,,,,,,,,,,,,,,
43,,,,,,,,,,,43,,,,,,,,,,,,,,,,,,,,43,,,,,,,,43,,,,,,,,,,,,,,,,,,,,,,,,,
,,,,,,26,,,,,,,,,,26,,,,,,,,,,26,,,,,,,,,,,,,,,26,,,,,,,,,,,,,,,,,,,,,,,
,,,,,6,,,,,,,,,,,6,,,,,,,,,6,,,,,,,,,,,,,,,,6,,,,,,,,,,,,,,,,,,,,,,,
,10,,,,,,,,,,,,10,,,,,,,,,,,,,,,,,,,,,10,10,,,,,,,,,,,,,,,,,,,,,,,,,,,,,
46,,,,,,,,,,,,46,,,,,,,,,,,,,,,46,,,,,,,,,,,,,,46,,,,,,,,,,,,,,,,,,,,,,,
,,,12,,,,,,,12,,,,,,,,,,,,,,,,,,,,12,,,,,,,,12,,,,,,,,,,,,,,,,,,,,,,,,,,
,,,,,44,,,,,,,,,,,,,,44,,,,,,,,,44,,,,,,,,,,,,44,,,,,,,,,,,,,,,,,,,,,,,,
,,,,,,19,,,,,,,,,,,19,,,,,,,,,,19,,,,,,,,,,,,,,,,19,,,,,,,,,,,,,,,,,,,,,
,,,,,44,,,,,,,,,,,,,,44,,,,,,,,,44,,,,,,,,,,,,44,,,,,,,,,,,,,,,,,,,,,,,,
,,,,31,,,,,,,,,31,,,,,,,,,,,,,,,,,,,,31,,,,,31,,,,,,,,,,,,,,,,,,,,,,,,,,
,,33,,,,,,,,,,,,33,,,,,,,,,,,,,,,,,,33,,,33,,,,,,,,,,,,,,,,,,,,,,,,,,,,,
,,,,,,,35,,,,,,,,35,,,,,,,,,,,,,,,,35,,,,,35,,,,,,,,,,,,,,,,,,,,,,,,,,,,
,,,,,,,16,,,,,,,,,,16,,,,,,,,,,,16,,,,,,,,,,,,,16,,,,,,,,,,,,,,,,,,,,,,,
46,,,,,,,,,,,,46,,,,,,,,,,,,,,,46,,,,,,,,,,,,,,46,,,,,,,,,,,,,,,,,,,,,,,
,,,,31,,,,,,,,,31,,,,,,,,,,,,,,,,,,,,31,,,,,31,,,,,,,,,,,,,,,,,,,,,,,,,,
,,,,,,19,,,,,,,,,,,19,,,,,,,,,,19,,,,,,,,,,,,,,,,19,,,,,,,,,,,,,,,,,,,,,
,,,,,,,16,,,,,,,,,,16,,,,,,,,,,,16,,,,,,,,,,,,,16,,,,,,,,,,,,,,,,,,,,,,,
,,33,,,,,,,,,,,,33,,,,,,,,,,,,,,,,,,33,,,33,,,,,,,,,,,,,,,,,,,,,,,,,,,,,
,,,,,,22,,,,,,,,,,,,22,,,,,,,,,,,,,,,22,,,22,,,,,,,,,,,,,,,,,,,,,,,,,,,,
,,,,,,22,,,,,,,,,,,,22,,,,,,,,,,,,,,,22,,,22,,,,,,,,,,,,,,,,,,,,,,,,,,,,
39,,,,,,,,,,,,,39,,,,,,,,,,,,,,,,39,,,,,,,,,,,,,,,39,,,,,,,,,,,,,,,,,,,,
,,,,,,,,,29,,,,,,29,,,,,,,,,,,,,29,,,,,,,,,,,,,,,29,,,,,,,,,,,,,,,,,,,,,
,13,,,,,,,,,,,,,13,,,,,,,,,,,,,,,,,,,13,,,,,,13,,,,,,,,,,,,,,,,,,,,,,,,,
,,,5,,,,,,,,5,,,,,,,,,,,,,,,5,,,,,,,,,,,,,,5,,,,,,,,,,,,,,,,,,,,,,,,
,14,,,,,,,,,,14,,,,,,,,,,,,,,,,,,,,,14,,,,,,,14,,,,,,,,,,,,,,,,,,,,,,,,,
,,,,24,,,,,,,,,,24,,,,,,,,,,,,,,,,,,24,,,,,24,,,,,,,,,,,,,,,,,,,,,,,,,,,
,,,11,,,,,,,,,,11,,,,,,,,,,,,,,,,,,,,,11,,,11,,,,,,,,,,,,,,,,,,,,,,,,,,,
,,,,,,,,47,,,,,,,,47,,,,,,,,,,,,47,,,,,,,,,,,,,,47,,,,,,,,,,,,,,,,,,,,,,
,,,,32,,,,,,32,,,,,,,,,,,,,,,,,,,,,32,,,,,,,32,,,,,,,,,,,,,,,,,,,,,,,,,,
,,,,,6,,,,,,,,,,,6,,,,,,,,,6,,,,,,,,,,,,,,,,6,,,,,,,,,,,,,,,,,,,,,,,
,,,12,,,,,,,12,,,,,,,,,,,,,,,,,,,,12,,,,,,,,12,,,,,,,,,,,,,,,,,,,,,,,,,,
,,,,,,,,9,,,,,,,,,,,9,,,,,,,,,,9,,,,,,,,,,,9,,,,,,,,,,,,,,,,,,,,,,,,
,,,,,,,,27,,,,,,,27,,,,,,,,,,,,,,,27,,,,,,,27,,,,,,,,,,,,,,,,,,,,,,,,,,,
,21,,,,,,,,,21,,,,,,,,,,,,,,,,,21,,,,,,,,,,,,,,,,,21,,,,,,,,,,,,,,,,,,,,
,10,,,,,,,,,,,,10,,,,,,,,,,,,,,,,,,,,,10,10,,,,,,,,,,,,,,,,,,,,,,,,,,,,,
,,30,,,,,,,,,,,30,,,,,,,,,,,,,,,,,,,,,30,,30,,,,,,,,,,,,,,,,,,,,,,,,,,,,
,14,,,,,,,,,,14,,,,,,,,,,,,,,,,,,,,,14,,,,,,,14,,,,,,,,,,,,,,,,,,,,,,,,,
,,,,,,,35,,,,,,,,35,,,,,,,,,,,,,,,,35,,,,,35,,,,,,,,,,,,,,,,,,,,,,,,,,,,
,,,,,,26,,,,,,,,,,26,,,,,,,,,,26,,,,,,,,,,,,,,,26,,,,,,,,,,,,,,,,,,,,,,,
,,,,25,,,,,,,25,,,,,,,,,,,,,,,,25,,,,,,,,,,,,,25,,,,,,,,,,,,,,,,,,,,,,,,
,,,,,,,35,,,,,,,,35,,,,,,,,,,,,,,,,35,,,,,35,,,,,,,,,,,,,,,,,,,,,,,,,,,,
,,37,,,,,,,,,,37,,,,,,,,,,,,,,37,,,,,,,,,,,,,,,,37,,,,,,,,,,,,,,,,,,,,,,
,,,,,,,,27,,,,,,,27,,,,,,,,,,,,,,,27,,,,,,,27,,,,,,,,,,,,,,,,,,,,,,,,,,,
,,,,,,,,38,,,,,,,,,,38,,,,,,,,,,,,,,,,38,,,,,38,,,,,,,,,,,,,,,,,,,,,,,,,
,,,,,,19,,,,,,,,,,,19,,,,,,,,,,19,,,,,,,,,,,,,,,,19,,,,,,,,,,,,,,,,,,,,,
46,,,,,,,,,,,,46,,,,,,,,,,,,,,,46,,,,,,,,,,,,,,46,,,,,,,,,,,,,,,,,,,,,,,
,,37,,,,,,,,,,37,,,,,,,,,,,,,,37,,,,,,,,,,,,,,,,37,,,,,,,,,,,,,,,,,,,,,,
,,,,25,,,,,,,25,,,,,,,,,,,,,,,,25,,,,,,,,,,,,,25,,,,,,,,,,,,,,,,,,,,,,,,
,,34,,,,,,,,,34,,,,,,,,,,,,,,34,,,,,,,,,,,,,,,34,,,,,,,,,,,,,,,,,,,,,,,,
,,,,,,,,27,,,,,,,27,,,,,,,,,,,,,,,27,,,,,,,27,,,,,,,,,,,,,,,,,,,,,,,,,,,
,14,,,,,,,,,,14,,,,,,,,,,,,,,,,,,,,,14,,,,,,,14,,,,,,,,,,,,,,,,,,,,,,,,,
46,,,,,,,,,,,,46,,,,,,,,,,,,,,,46,,,,,,,,,,,,,,46,,,,,,,,,,,,,,,,,,,,,,,
,,,5,,,,,,,,5,,,,,,,,,,,,,,,5,,,,,,,,,,,,,,5,,,,,,,,,,,,,,,,,,,,,,,,
,,,,,,,,27,,,,,,,27,,,,,,,,,,,,,,,27,,,,,,,27,,,,,,,,,,,,,,,,,,,,,,,,,,,
,,,,,,,,,29,,,,,,29,,,,,,,,,,,,,29,,,,,,,,,,,,,,,29,,,,,,,,,,,,,,,,,,,,,
,,34,,,,,,,,,34,,,,,,,,,,,,,,34,,,,,,,,,,,,,,,34,,,,,,,,,,,,,,,,,,,,,,,,
,,,,,,,7,,,,,,,,,,,,7,,,,,,,,,,,7,,,,,,7,,,,,,,,,,,,,,,,,,,,,,,,,,,,
,,,,,,,35,,,,,,,,35,,,,,,,,,,,,,,,,35,,,,,35,,,,,,,,,,,,,,,,,,,,,,,,,,,,
,,,,,,19,,,,,,,,,,,19,,,,,,,,,,19,,,,,,,,,,,,,,,,19,,,,,,,,,,,,,,,,,,,,,
,,,4,,,,,,,,,,,4,,,,,,,,,,,,,,,,,,4,,,,4,,,,,,,,,,,,,,,,,,,,,,,,,,,,
,14,,,,,,,,,,14,,,,,,,,,,,,,,,,,,,,,14,,,,,,,14,,,,,,,,,,,,,,,,,,,,,,,,,
,,,,25,,,,,,,25,,,,,,,,,,,,,,,,25,,,,,,,,,,,,,25,,,,,,,,,,,,,,,,,,,,,,,,
,,,,,6,,,,,,,,,,,6,,,,,,,,,6,,,,,,,,,,,,,,,,6,,,,,,,,,,,,,,,,,,,,,,,
,,,,28,,,,,,,,28,,,,,,,,,,,,,28,,,,,,,,,,,,,,,,,,28,,,,,,,,,,,,,,,,,,,,,
,,,,,,,,38,,,,,,,,,,38,,,,,,,,,,,,,,,,38,,,,,38,,,,,,,,,,,,,,,,,,,,,,,,,
,,,,,,,,,49,,,,,,,49,,,,,,,,,,,,,49,,,,,,,,,,,,49,,,,,,,,,,,,,,,,,,,,,,,
,,,,31,,,,,,,,,31,,,,,,,,,,,,,,,,,,,,31,,,,,31,,,,,,,,,,,,,,,,,,,,,,,,,,
,,,,,,23,,,,,,,,,23,,,,,,,,,,,,,,,23,,,,,,,,,23,,,,,,,,,,,,,,,,,,,,,,,,,
,,,,,,,,9,,,,,,,,,,,9,,,,,,,,,,9,,,,,,,,,,,9,,,,,,,,,,,,,,,,,,,,,,,,
,,,12,,,,,,,12,,,,,,,,,,,,,,,,,,,,12,,,,,,,,12,,,,,,,,,,,,,,,,,,,,,,,,,,
,,,,,,,,,40,,,,,,,,,40,,,,,,,,,,,40,,,,,,,,,,,,,,40,,,,,,,,,,,,,,,,,,,,,
,,,,,,,,,29,,,,,,29,,,,,,,,,,,,,29,,,,,,,,,,,,,,,29,,,,,,,,,,,,,,,,,,,,,
,,,,,6,,,,,,,,,,,6,,,,,,,,,6,,,,,,,,,,,,,,,,6,,,,,,,,,,,,,,,,,,,,,,,
,,,8,,,,,,,,,8,,,,,,,,,,,,,,,8,,,,,,,,,,,,,,,8,,,,,,,,,,,,,,,,,,,,,,
,10,,,,,,,,,,,,10,,,,,,,,,,,,,,,,,,,,,10,10,,,,,,,,,,,,,,,,,,,,,,,,,,,,,
,,,,,2,,,,,,,,,,,,,2,,,,,,,,,,,,,,,2,,2,,,,,,,,,,,,,,,,,,,,,,,,,,,,,
,,,,,,,,47,,,,,,,,47,,,,,,,,,,,,47,,,,,,,,,,,,,,47,,,,,,,,,,,,,,,,,,,,,,
,13,,,,,,,,,,,,,13,,,,,,,,,,,,,,,,,,,13,,,,,,13,,,,,,,,,,,,,,,,,,,,,,,,,
46,,,,,,,,,,,,46,,,,,,,,,,,,,,,46,,,,,,,,,,,,,,46,,,,,,,,,,,,,,,,,,,,,,,
,,,,,,,7,,,,,,,,,,,,7,,,,,,,,,,,7,,,,,,7,,,,,,,,,,,,,,,,,,,,,,,,,,,,
,,41,,,,,,,,41,,,,,,,,,,,,,,,,,,41,,,,,,,,,,,,,,,,41,,,,,,,,,,,,,,,,,,,,
,,30,,,,,,,,,,,30,,,,,,,,,,,,,,,,,,,,,30,,30,,,,,,,,,,,,,,,,,,,,,,,,,,,,
,,,,,2,,,,,,,,,,,,,2,,,,,,,,,,,,,,,2,,2,,,,,,,,,,,,,,,,,,,,,,,,,,,,,
,,,,25,,,,,,,25,,,,,,,,,,,,,,,,25,,,,,,,,,,,,,25,,,,,,,,,,,,,,,,,,,,,,,,
,,,,,44,,,,,,,,,,,,,,44,,,,,,,,,44,,,,,,,,,,,,44,,,,,,,,,,,,,,,,,,,,,,,,
,,,,,44,,,,,,,,,,,,,,44,,,,,,,,,44,,,,,,,,,,,,44,,,,,,,,,,,,,,,,,,,,,,,,
,,,,31,,,,,,,,,31,,,,,,,,,,,,,,,,,,,,31,,,,,31,,,,,,,,,,,,,,,,,,,,,,,,,,
,,,,,,,,27,,,,,,,27,,,,,,,,,,,,,,,27,,,,,,,27,,,,,,,,,,,,,,,,,,,,,,,,,,,
,,,,,,23,,,,,,,,,23,,,,,,,,,,,,,,,23,,,,,,,,,23,,,,,,,,,,,,,,,,,,,,,,,,,
42,,,,,,,,,,,,,,42,,,,,,,,,,,,,,,,,,,42,,,,42,,,,,,,,,,,,,,,,,,,,,,,,,,,
,,,,,3,,,,,,,,,,3,,,,,,,,,,,,,,,,,3,,,,,,3,,,,,,,,,,,,,,,,,,,,,,,,,,
,,37,,,,,,,,,,37,,,,,,,,,,,,,,37,,,,,,,,,,,,,,,,37,,,,,,,,,,,,,,,,,,,,,,
,,,,,44,,,,,,,,,,,,,,44,,,,,,,,,44,,,,,,,,,,,,44,,,,,,,,,,,,,,,,,,,,,,,,
,,,,,,15,,,,,,,,,,,,,15,,,,,,,,,,,,15,,,,15,,,,,,,,,,,,,,,,,,,,,,,,,,,,,
,,,,,,15,,,,,,,,,,,,,15,,,,,,,,,,,,15,,,,15,,,,,,,,,,,,,,,,,,,,,,,,,,,,,
,,,,,,,,,49,,,,,,,49,,,,,,,,,,,,,49,,,,,,,,,,,,49,,,,,,,,,,,,,,,,,,,,,,,
,,,,,,,35,,,,,,,,35,,,,,,,,,,,,,,,,35,,,,,35,,,,,,,,,,,,,,,,,,,,,,,,,,,,
,,33,,,,,,,,,,,,33,,,,,,,,,,,,,,,,,,33,,,33,,,,,,,,,,,,,,,,,,,,,,,,,,,,,
,,37,,,,,,,,,,37,,,,,,,,,,,,,,37,,,,,,,,,,,,,,,,37,,,,,,,,,,,,,,,,,,,,,,
,,,5,,,,,,,,5,,,,,,,,,,,,,,,5,,,,,,,,,,,,,,5,,,,,,,,,,,,,,,,,,,,,,,,
,,,,25,,,,,,,25,,,,,,,,,,,,,,,,25,,,,,,,,,,,,,25,,,,,,,,,,,,,,,,,,,,,,,,
39,,,,,,,,,,,,,39,,,,,,,,,,,,,,,,39,,,,,,,,,,,,,,,39,,,,,,,,,,,,,,,,,,,,
,10,,,,,,,,,,,,10,,,,,,,,,,,,,,,,,,,,,10,10,,,,,,,,,,,,,,,,,,,,,,,,,,,,,
,,,,,,,,38,,,,,,,,,,38,,,,,,,,,,,,,,,,38,,,,,38,,,,,,,,,,,,,,,,,,,,,,,,,
,13,,,,,,,,,,,,,13,,,,,,,,,,,,,,,,,,,13,,,,,,13,,,,,,,,,,,,,,,,,,,,,,,,,
,,,,,,,45,,,,,,,,,45,,,,,,,,,,,,,,,45,,,,,,45,,,,,,,,,,,,,,,,,,,,,,,,,,,
46,,,,,,,,,,,,46,,,,,,,,,,,,,,,46,,,,,,,,,,,,,,46,,,,,,,,,,,,,,,,,,,,,,,
,,,,,,,,18,,,,,,,,,18,,,,,,,,,,,,,,,,,18,,,,18,,,,,,,,,,,,,,,,,,,,,,,,,,
,,,12,,,,,,,12,,,,,,,,,,,,,,,,,,,,12,,,,,,,,12,,,,,,,,,,,,,,,,,,,,,,,,,,
,,,,,,,16,,,,,,,,,,16,,,,,,,,,,,16,,,,,,,,,,,,,16,,,,,,,,,,,,,,,,,,,,,,,
,,37,,,,,,,,,,37,,,,,,,,,,,,,,37,,,,,,,,,,,,,,,,37,,,,,,,,,,,,,,,,,,,,,,
,,,12,,,,,,,12,,,,,,,,,,,,,,,,,,,,12,,,,,,,,12,,,,,,,,,,,,,,,,,,,,,,,,,,
46,,,,,,,,,,,,46,,,,,,,,,,,,,,,46,,,,,,,,,,,,,,46,,,,,,,,,,,,,,,,,,,,,,,
,,,,,,,,,20,,,,,,,,20,,,,,,,,,,,,20,,,,,,,,,,,,,20,,,,,,,,,,,,,,,,,,,,,,
1,,,,,,,,,,1,,,,,,,,,,,,,,,,1,,,,,,,,,,,,,,,,,,1,,,,,,,,,,,,,,,,,,,,
,,,,,6,,,,,,,,,,,6,,,,,,,,,6,,,,,,,,,,,,,,,,6,,,,,,,,,,,,,,,,,,,,,,,
,,,12,,,,,,,12,,,,,,,,,,,,,,,,,,,,12,,,,,,,,12,,,,,,,,,,,,,,,,,,,,,,,,,,
,,,,,,,36,,,,,,,,,,,36,,,,,,,,,,,,36,,,,,36,,,,,,,,,,,,,,,,,,,,,,,,,,,,,
,,,,,48,,,,,,,,,,,,48,,,,,,,,,48,,,,,,,,,,,,,,,,,48,,,,,,,,,,,,,,,,,,,,,
,,,,,,,,47,,,,,,,,47,,,,,,,,,,,,47,,,,,,,,,,,,,,47,,,,,,,,,,,,,,,,,,,,,,
,17,,,,,,,,,,,17,,,,,,,,,,,,,17,,,,,,,,,,,,,,,,,17,,,,,,,,,,,,,,,,,,,,,,
,,41,,,,,,,,41,,,,,,,,,,,,,,,,,,41,,,,,,,,,,,,,,,,41,,,,,,,,,,,,,,,,,,,,
46,,,,,,,,,,,,46,,,,,,,,,,,,,,,46,,,,,,,,,,,,,,46,,,,,,,,,,,,,,,,,,,,,,,
,,,,,,26,,,,,,,,,,26,,,,,,,,,,26,,,,,,,,,,,,,,,26,,,,,,,,,,,,,,,,,,,,,,,
,,34,,,,,,,,,34,,,,,,,,,,,,,,34,,,,,,,,,,,,,,,34,,,,,,,,,,,,,,,,,,,,,,,,
,17,,,,,,,,,,,17,,,,,,,,,,,,,17,,,,,,,,,,,,,,,,,17,,,,,,,,,,,,,,,,,,,,,,
46,,,,,,,,,,,,46,,,,,,,,,,,,,,,46,,,,,,,,,,,,,,46,,,,,,,,,,,,,,,,,,,,,,,
,,37,,,,,,,,,,37,,,,,,,,,,,,,,37,,,,,,,,,,,,,,,,37,,,,,,,,,,,,,,,,,,,,,,
,10,,,,,,,,,,,,10,,,,,,,,,,,,,,,,,,,,,10,10,,,,,,,,,,,,,,,,,,,,,,,,,,,,,
,,,,,,,,,49,,,,,,,49,,,,,,,,,,,,,49,,,,,,,,,,,,49,,,,,,,,,,,,,,,,,,,,,,,
,,,,,2,,,,,,,,,,,,,2,,,,,,,,,,,,,,,2,,2,,,,,,,,,,,,,,,,,,,,,,,,,,,,,
,,34,,,,,,,,,34,,,,,,,,,,,,,,34,,,,,,,,,,,,,,,34,,,,,,,,,,,,,,,,,,,,,,,,
,,,,,6,,,,,,,,,,,6,,,,,,,,,6,,,,,,,,,,,,,,,,6,,,,,,,,,,,,,,,,,,,,,,,
,,,,,,26,,,,,,,,,,26,,,,,,,,,,26,,,,,,,,,,,,,,,26,,,,,,,,,,,,,,,,,,,,,,,
,14,,,,,,,,,,14,,,,,,,,,,,,,,,,,,,,,14,,,,,,,14,,,,,,,,,,,,,,,,,,,,,,,,,
,,,,,,,,,40,,,,,,,,,40,,,,,,,,,,,40,,,,,,,,,,,,,,40,,,,,,,,,,,,,,,,,,,,,
,,,,,,26,,,,,,,,,,26,,,,,,,,,,26,,,,,,,,,,,,,,,26,,,,,,,,,,,,,,,,,,,,,,,
,,,,,,,,,29,,,,,,29,,,,,,,,,,,,,29,,,,,,,,,,,,,,,29,,,,,,,,,,,,,,,,,,,,,
,,,,24,,,,,,,,,,24,,,,,,,,,,,,,,,,,,24,,,,,24,,,,,,,,,,,,,,,,,,,,,,,,,,,
,,,,25,,,,,,,25,,,,,,,,,,,,,,,,25,,,,,,,,,,,,,25,,,,,,,,,,,,,,,,,,,,,,,,
,17,,,,,,,,,,,17,,,,,,,,,,,,,17,,,,,,,,,,,,,,,,,17,,,,,,,,,,,,,,,,,,,,,,
,,,,,2,,,,,,,,,,,,,2,,,,,,,,,,,,,,,2,,2,,,,,,,,,,,,,,,,,,,,,,,,,,,,,
,10,,,,,,,,,,,,10,,,,,,,,,,,,,,,,,,,,,10,10,,,,,,,,,,,,,,,,,,,,,,,,,,,,,
,,,,,,,,47,,,,,,,,47,,,,,,,,,,,,47,,,,,,,,,,,,,,47,,,,,,,,,,,,,,,,,,,,,,
,,,8,,,,,,,,,8,,,,,,,,,,,,,,,8,,,,,,,,,,,,,,,8,,,,,,,,,,,,,,,,,,,,,,
,,,,,,15,,,,,,,,,,,,,15,,,,,,,,,,,,15,,,,15,,,,,,,,,,,,,,,,,,,,,,,,,,,,,
,,,,,,,7,,,,,,,,,,,,7,,,,,,,,,,,7,,,,,,7,,,,,,,,,,,,,,,,,,,,,,,,,,,,
