,6,,,,,,,,,,,,,,,,,,,,,,,,,,,,,,,,,6,,,,,,,,,,,,,,,
27,,,,,,,,,,,,,,,,,,,,,,,,,,,,,,,,27,,,,,,,,,,,,,,,,,
,6,,,,,,,,,,6,,,,,,,,,,,,,,,,,,,,,,,6,,,,,,6,,,,,,,,,,,,,,,,,,,,,,,,
27,,,,,,,,27,,,,,,,,,,,,,,,,,,,,,,,,27,,,,,,,,27,,,,,,,,,,,,,,,,,,,,,,,,
42,,,,,,,,,,,,,42,,,,,,,,,,,,,,,,,,,,,,42,,,,,,,,42,,,,,,,,,,,,,,,,,,,,,
,,,,,10,,,,,,10,,,,,,,,,,,,,,,,,,,,,,,10,,,,,,,10,,,,,,,,,,,,,,,,,,,,,,,
1,,,,,,,1,,,,,,,,,,,,,,,,,,,,,,,,1,,,,,,,1,,,,,,,,,,,,,,,,,,,,,,,,,,
,,,41,,,,,,41,,,,,,,,,,,,,,,,,,,,,,,,41,,,,,,,,,,41,,,,,,,,,,,,,,,,,,,,,
27,,,,,,,,27,,,,,,,,,,,,,,,,,,,,,,,,27,,,,,,,,27,,,,,,,,,,,,,,,,,,,,,,,,
,,,,,40,,,,,,,40,,,,,,,,,,,,,,,,,,,,,,,,,40,,,,,40,,,,,,,,,,,,,,,,,,,,,,
,,,,16,,,,,,,,16,,,,,,,,,,,,,,,,,,,,,,,,16,,,,,,16,,,,,,,,,,,,,,,,,,,,,,
,,,,2,,,,,,2,,,,,,,,,,,,,,,,,,,,,,,,2,,,,,2,,,,,,,,,,,,,,,,,,,,,,,,,
,,,,2,,,,,,2,,,,,,,,,,,,,,,,,,,,,,,,2,,,,,2,,,,,,,,,,,,,,,,,,,,,,,,,
28,,,,,,,,,,,28,,,,,,,,,,,,,,,,,,,,,,,,,,28,,28,,,,,,,,,,,,,,,,,,,,,,,,,
,,,,,40,,,,,,,40,,,,,,,,,,,,,,,,,,,,,,,,,40,,,,,40,,,,,,,,,,,,,,,,,,,,,,
,,,41,,,,,,41,,,,,,,,,,,,,,,,,,,,,,,,41,,,,,,,,,,41,,,,,,,,,,,,,,,,,,,,,
,,,,,13,,,13,,,,,,,,,,,,,,,,,,,,,,,13,,,,,,,,,,,13,,,,,,,,,,,,,,,,,,,,,,
,,14,,,,,,,,,,14,,,,,,,,,,,,,,,,,,,,,,14,,,,,,,,14,,,,,,,,,,,,,,,,,,,,,,
,,,7,,,,,7,,,,,,,,,,,,,,,,,,,,,,,,7,,,,,,,,,7,,,,,,,,,,,,,,,,,,,,,,,
,,,,16,,,,,,,,16,,,,,,,,,,,,,,,,,,,,,,,,16,,,,,,16,,,,,,,,,,,,,,,,,,,,,,
,,44,,,,,,,,,,,44,,,,,,,,,,,,,,,,,,,,,,,,44,,,,,,44,,,,,,,,,,,,,,,,,,,,,
,19,,,,,,,,,19,,,,,,,,,,,,,,,,,,,,,,,,,19,,,19,,,,,,,,,,,,,,,,,,,,,,,,,,
,,,,,,3,3,,,,,,,,,,,,,,,,,,,,,,,,3,,,,,,,,,3,,,,,,,,,,,,,,,,,,,,,,,,
1,,,,,,,1,,,,,,,,,,,,,,,,,,,,,,,,1,,,,,,,1,,,,,,,,,,,,,,,,,,,,,,,,,,
,,,,46,,,,,,,,,46,,,,,,,,,,,,,,,,,,,,,,46,,,,,,,,,46,,,,,,,,,,,,,,,,,,,,
,,,,46,,,,,,,,,46,,,,,,,,,,,,,,,,,,,,,,46,,,,,,,,,46,,,,,,,,,,,,,,,,,,,,
47,,,,,,,,,,47,,,,,,,,,,,,,,,,,,,,,,,,47,,,,47,,,,,,,,,,,,,,,,,,,,,,,,,,
,,,,46,,,,,,,,,46,,,,,,,,,,,,,,,,,,,,,,46,,,,,,,,,46,,,,,,,,,,,,,,,,,,,,
,,,,16,,,,,,,,16,,,,,,,,,,,,,,,,,,,,,,,,16,,,,,,16,,,,,,,,,,,,,,,,,,,,,,
,,,,16,,,,,,,,16,,,,,,,,,,,,,,,,,,,,,,,,16,,,,,,16,,,,,,,,,,,,,,,,,,,,,,
,20,,,,,,,,,,,,20,,,,,,,,,,,,,,,,,,,,,,,20,,,,,,,20,,,,,,,,,,,,,,,,,,,,,
,,,,,,21,,,21,,,,,,,,,,,,,,,,,,,,,,,,21,,,,,,,,,,,21,,,,,,,,,,,,,,,,,,,,
,,,,,,48,,,,,,,48,,,,,,,,,,,,,,,,,,,,,,,,48,,,,,,,48,,,,,,,,,,,,,,,,,,,,
,,30,,,,,,,,,30,,,,,,,,,,,,,,,,,,,,,,,,30,,,,,30,,,,,,,,,,,,,,,,,,,,,,,,
,,,,31,,,,31,,,,,,,,,,,,,,,,,,,,,,,,,31,,,,,,,,31,,,,,,,,,,,,,,,,,,,,,,,
,36,,,,,,,,,,,36,,,,,,,,,,,,,,,,,,,,,,,,,36,,,,36,,,,,,,,,,,,,,,,,,,,,,,
,,17,,,,,,,17,,,,,,,,,,,,,,,,,,,,,,,17,,,,,,,,,,,17,,,,,,,,,,,,,,,,,,,,,
42,,,,,,,,,,,,,42,,,,,,,,,,,,,,,,,,,,,,42,,,,,,,,42,,,,,,,,,,,,,,,,,,,,,
,,,,,29,,29,,,,,,,,,,,,,,,,,,,,,,,,,,29,,,,,,29,,,,,,,,,,,,,,,,,,,,,,,,,
,20,,,,,,,,,,,,20,,,,,,,,,,,,,,,,,,,,,,,20,,,,,,,20,,,,,,,,,,,,,,,,,,,,,
,,,41,,,,,,41,,,,,,,,,,,,,,,,,,,,,,,,41,,,,,,,,,,41,,,,,,,,,,,,,,,,,,,,,
,,30,,,,,,,,,30,,,,,,,,,,,,,,,,,,,,,,,,30,,,,,30,,,,,,,,,,,,,,,,,,,,,,,,
,,,8,,,,,,,,8,,,,,,,,,,,,,,,,,,,,,,,,,8,,,,8,,,,,,,,,,,,,,,,,,,,,,,,
,35,,,,,,,,35,,,,,,,,,,,,,,,,,,,,,,35,,,,,,,,,,,,35,,,,,,,,,,,,,,,,,,,,,
,,,,,40,,,,,,,40,,,,,,,,,,,,,,,,,,,,,,,,,40,,,,,40,,,,,,,,,,,,,,,,,,,,,,
,,17,,,,,,,17,,,,,,,,,,,,,,,,,,,,,,,17,,,,,,,,,,,17,,,,,,,,,,,,,,,,,,,,,
,,33,,,,,,33,,,,,,,,,,,,,,,,,,,,,,,33,,,,,,,,,,33,,,,,,,,,,,,,,,,,,,,,,,
,19,,,,,,,,,19,,,,,,,,,,,,,,,,,,,,,,,,,19,,,19,,,,,,,,,,,,,,,,,,,,,,,,,,
,,,,32,,,,,,,32,,,,,,,,,,,,,,,,,,,,,,,,,,32,,,32,,,,,,,,,,,,,,,,,,,,,,,,
,,17,,,,,,,17,,,,,,,,,,,,,,,,,,,,,,,17,,,,,,,,,,,17,,,,,,,,,,,,,,,,,,,,,
11,,,,,,,,,11,,,,,,,,,,,,,,,,,,,,,,,,11,,,,,,,,,11,,,,,,,,,,,,,,,,,,,,,,
,,,8,,,,,,,,8,,,,,,,,,,,,,,,,,,,,,,,,,8,,,,8,,,,,,,,,,,,,,,,,,,,,,,,
,,,,,,3,3,,,,,,,,,,,,,,,,,,,,,,,,3,,,,,,,,,3,,,,,,,,,,,,,,,,,,,,,,,,
,,,,,24,,,,,,,,24,,,,,,,,,,,,,,,,,,,,,,,24,,,,,,,,24,,,,,,,,,,,,,,,,,,,,
,,,,15,,,,,15,,,,,,,,,,,,,,,,,,,,,,15,,,,,,,,,,,,,15,,,,,,,,,,,,,,,,,,,,
,,44,,,,,,,,,,,44,,,,,,,,,,,,,,,,,,,,,,,,44,,,,,,44,,,,,,,,,,,,,,,,,,,,,
,20,,,,,,,,,,,,20,,,,,,,,,,,,,,,,,,,,,,,20,,,,,,,20,,,,,,,,,,,,,,,,,,,,,
,9,,,,,,,9,,,,,,,,,,,,,,,,,,,,,,,,,9,,,,,,,9,,,,,,,,,,,,,,,,,,,,,,,,
,,,,32,,,,,,,32,,,,,,,,,,,,,,,,,,,,,,,,,,32,,,32,,,,,,,,,,,,,,,,,,,,,,,,
,,17,,,,,,,17,,,,,,,,,,,,,,,,,,,,,,,17,,,,,,,,,,,17,,,,,,,,,,,,,,,,,,,,,
,,14,,,,,,,,,,14,,,,,,,,,,,,,,,,,,,,,,14,,,,,,,,14,,,,,,,,,,,,,,,,,,,,,,
,,49,,,,,49,,,,,,,,,,,,,,,,,,,,,,,,,,49,,,,,49,,,,,,,,,,,,,,,,,,,,,,,,,,
,,,41,,,,,,41,,,,,,,,,,,,,,,,,,,,,,,,41,,,,,,,,,,41,,,,,,,,,,,,,,,,,,,,,
27,,,,,,,,27,,,,,,,,,,,,,,,,,,,,,,,,27,,,,,,,,27,,,,,,,,,,,,,,,,,,,,,,,,
,,,,,,18,,,,,,18,,,,,,,,,,,,,,,,,,,,,,18,,,,,,,,,18,,,,,,,,,,,,,,,,,,,,,
,,30,,,,,,,,,30,,,,,,,,,,,,,,,,,,,,,,,,30,,,,,30,,,,,,,,,,,,,,,,,,,,,,,,
,,,,,26,,,,,26,,,,,,,,,,,,,,,,,,,,,,,,,26,,,,26,,,,,,,,,,,,,,,,,,,,,,,,,
,6,,,,,,,,,,6,,,,,,,,,,,,,,,,,,,,,,,6,,,,,,6,,,,,,,,,,,,,,,,,,,,,,,,
1,,,,,,,1,,,,,,,,,,,,,,,,,,,,,,,,1,,,,,,,1,,,,,,,,,,,,,,,,,,,,,,,,,,
,,,,,10,,,,,,10,,,,,,,,,,,,,,,,,,,,,,,10,,,,,,,10,,,,,,,,,,,,,,,,,,,,,,,
,,,,,24,,,,,,,,24,,,,,,,,,,,,,,,,,,,,,,,24,,,,,,,,24,,,,,,,,,,,,,,,,,,,,
,,43,,,,,,,,43,,,,,,,,,,,,,,,,,,,,,,,,,,43,,43,,,,,,,,,,,,,,,,,,,,,,,,,,
11,,,,,,,,,11,,,,,,,,,,,,,,,,,,,,,,,,11,,,,,,,,,11,,,,,,,,,,,,,,,,,,,,,,
,,14,,,,,,,,,,14,,,,,,,,,,,,,,,,,,,,,,14,,,,,,,,14,,,,,,,,,,,,,,,,,,,,,,
,,,,,,37,,37,,,,,,,,,,,,,,,,,,,,,,,,37,,,,,,,,,,37,,,,,,,,,,,,,,,,,,,,,,
,,44,,,,,,,,,,,44,,,,,,,,,,,,,,,,,,,,,,,,44,,,,,,44,,,,,,,,,,,,,,,,,,,,,
,,,,,24,,,,,,,,24,,,,,,,,,,,,,,,,,,,,,,,24,,,,,,,,24,,,,,,,,,,,,,,,,,,,,
,,,,2,,,,,,2,,,,,,,,,,,,,,,,,,,,,,,,2,,,,,2,,,,,,,,,,,,,,,,,,,,,,,,,
,,49,,,,,49,,,,,,,,,,,,,,,,,,,,,,,,,,49,,,,,49,,,,,,,,,,,,,,,,,,,,,,,,,,
,19,,,,,,,,,19,,,,,,,,,,,,,,,,,,,,,,,,,19,,,19,,,,,,,,,,,,,,,,,,,,,,,,,,
,,49,,,,,49,,,,,,,,,,,,,,,,,,,,,,,,,,49,,,,,49,,,,,,,,,,,,,,,,,,,,,,,,,,
27,,,,,,,,27,,,,,,,,,,,,,,,,,,,,,,,,27,,,,,,,,27,,,,,,,,,,,,,,,,,,,,,,,,
,,,,,13,,,13,,,,,,,,,,,,,,,,,,,,,,,13,,,,,,,,,,,13,,,,,,,,,,,,,,,,,,,,,,
,,,,,24,,,,,,,,24,,,,,,,,,,,,,,,,,,,,,,,24,,,,,,,,24,,,,,,,,,,,,,,,,,,,,
,,,,31,,,,31,,,,,,,,,,,,,,,,,,,,,,,,,31,,,,,,,,31,,,,,,,,,,,,,,,,,,,,,,,
,,33,,,,,,33,,,,,,,,,,,,,,,,,,,,,,,33,,,,,,,,,,33,,,,,,,,,,,,,,,,,,,,,,,
42,,,,,,,,,,,,,42,,,,,,,,,,,,,,,,,,,,,,42,,,,,,,,42,,,,,,,,,,,,,,,,,,,,,
,,,,,24,,,,,,,,24,,,,,,,,,,,,,,,,,,,,,,,24,,,,,,,,24,,,,,,,,,,,,,,,,,,,,
,,,22,,,,,,,,,,22,,,,,,,,,,,,,,,,,,,,,22,,,,,,,,,,22,,,,,,,,,,,,,,,,,,,,
,,,22,,,,,,,,,,22,,,,,,,,,,,,,,,,,,,,,22,,,,,,,,,,22,,,,,,,,,,,,,,,,,,,,
,,,22,,,,,,,,,,22,,,,,,,,,,,,,,,,,,,,,22,,,,,,,,,,22,,,,,,,,,,,,,,,,,,,,
42,,,,,,,,,,,,,42,,,,,,,,,,,,,,,,,,,,,,42,,,,,,,,42,,,,,,,,,,,,,,,,,,,,,
,,,7,,,,,7,,,,,,,,,,,,,,,,,,,,,,,,7,,,,,,,,,7,,,,,,,,,,,,,,,,,,,,,,,
,,,,,,37,,37,,,,,,,,,,,,,,,,,,,,,,,,37,,,,,,,,,,37,,,,,,,,,,,,,,,,,,,,,,
,,,23,,,,23,,,,,,,,,,,,,,,,,,,,,,,,23,,,,,,,,23,,,,,,,,,,,,,,,,,,,,,,,,,
,,,,,,34,,,,,34,,,,,,,,,,,,,,,,,,,,,,,,34,,,,,,34,,,,,,,,,,,,,,,,,,,,,,,
,,43,,,,,,,,43,,,,,,,,,,,,,,,,,,,,,,,,,,43,,43,,,,,,,,,,,,,,,,,,,,,,,,,,
,,,,16,,,,,,,,16,,,,,,,,,,,,,,,,,,,,,,,,16,,,,,,16,,,,,,,,,,,,,,,,,,,,,,
,35,,,,,,,,35,,,,,,,,,,,,,,,,,,,,,,35,,,,,,,,,,,,35,,,,,,,,,,,,,,,,,,,,,
28,,,,,,,,,,,28,,,,,,,,,,,,,,,,,,,,,,,,,,28,,28,,,,,,,,,,,,,,,,,,,,,,,,,
,,,45,,,,,,,45,,,,,,,,,,,,,,,,,,,,,,,,,,,45,45,,,,,,,,,,,,,,,,,,,,,,,,,,
,,,,,,37,,37,,,,,,,,,,,,,,,,,,,,,,,,37,,,,,,,,,,37,,,,,,,,,,,,,,,,,,,,,,
42,,,,,,,,,,,,,42,,,,,,,,,,,,,,,,,,,,,,42,,,,,,,,42,,,,,,,,,,,,,,,,,,,,,
,,,41,,,,,,41,,,,,,,,,,,,,,,,,,,,,,,,41,,,,,,,,,,41,,,,,,,,,,,,,,,,,,,,,
,,,38,,,,,,,,,38,,,,,,,,,,,,,,,,,,,,,,,38,,,,,,,38,,,,,,,,,,,,,,,,,,,,,,
47,,,,,,,,,,47,,,,,,,,,,,,,,,,,,,,,,,,47,,,,47,,,,,,,,,,,,,,,,,,,,,,,,,,
27,,,,,,,,27,,,,,,,,,,,,,,,,,,,,,,,,27,,,,,,,,27,,,,,,,,,,,,,,,,,,,,,,,,
,,,,5,,,5,,,,,,,,,,,,,,,,,,,,,,,,,5,,,,,,,5,,,,,,,,,,,,,,,,,,,,,,,,,
12,,,,,,,,,,,,12,,,,,,,,,,,,,,,,,,,,,,,,12,,,,,12,,,,,,,,,,,,,,,,,,,,,,,
,6,,,,,,,,,,6,,,,,,,,,,,,,,,,,,,,,,,6,,,,,,6,,,,,,,,,,,,,,,,,,,,,,,,
,,,,,,34,,,,,34,,,,,,,,,,,,,,,,,,,,,,,,34,,,,,,34,,,,,,,,,,,,,,,,,,,,,,,
,25,,,,,,25,,,,,,,,,,,,,,,,,,,,,,,,,25,,,,,,25,,,,,,,,,,,,,,,,,,,,,,,,,,
47,,,,,,,,,,47,,,,,,,,,,,,,,,,,,,,,,,,47,,,,47,,,,,,,,,,,,,,,,,,,,,,,,,,
,,,,5,,,5,,,,,,,,,,,,,,,,,,,,,,,,,5,,,,,,,5,,,,,,,,,,,,,,,,,,,,,,,,,
,,,,46,,,,,,,,,46,,,,,,,,,,,,,,,,,,,,,,46,,,,,,,,,46,,,,,,,,,,,,,,,,,,,,
27,,,,,,,,27,,,,,,,,,,,,,,,,,,,,,,,,27,,,,,,,,27,,,,,,,,,,,,,,,,,,,,,,,,
,6,,,,,,,,,,6,,,,,,,,,,,,,,,,,,,,,,,6,,,,,,6,,,,,,,,,,,,,,,,,,,,,,,,
12,,,,,,,,,,,,12,,,,,,,,,,,,,,,,,,,,,,,,12,,,,,12,,,,,,,,,,,,,,,,,,,,,,,
,,,,2,,,,,,2,,,,,,,,,,,,,,,,,,,,,,,,2,,,,,2,,,,,,,,,,,,,,,,,,,,,,,,,
27,,,,,,,,27,,,,,,,,,,,,,,,,,,,,,,,,27,,,,,,,,27,,,,,,,,,,,,,,,,,,,,,,,,
27,,,,,,,,27,,,,,,,,,,,,,,,,,,,,,,,,27,,,,,,,,27,,,,,,,,,,,,,,,,,,,,,,,,
,,,,,13,,,13,,,,,,,,,,,,,,,,,,,,,,,13,,,,,,,,,,,13,,,,,,,,,,,,,,,,,,,,,,
,,,41,,,,,,41,,,,,,,,,,,,,,,,,,,,,,,,41,,,,,,,,,,41,,,,,,,,,,,,,,,,,,,,,
,,,,,,37,,37,,,,,,,,,,,,,,,,,,,,,,,,37,,,,,,,,,,37,,,,,,,,,,,,,,,,,,,,,,
,,,,,,18,,,,,,18,,,,,,,,,,,,,,,,,,,,,,18,,,,,,,,,18,,,,,,,,,,,,,,,,,,,,,
,,,8,,,,,,,,8,,,,,,,,,,,,,,,,,,,,,,,,,8,,,,8,,,,,,,,,,,,,,,,,,,,,,,,
,,,,32,,,,,,,32,,,,,,,,,,,,,,,,,,,,,,,,,,32,,,32,,,,,,,,,,,,,,,,,,,,,,,,
,,,,46,,,,,,,,,46,,,,,,,,,,,,,,,,,,,,,,46,,,,,,,,,46,,,,,,,,,,,,,,,,,,,,
27,,,,,,,,27,,,,,,,,,,,,,,,,,,,,,,,,27,,,,,,,,27,,,,,,,,,,,,,,,,,,,,,,,,
,,,,15,,,,,15,,,,,,,,,,,,,,,,,,,,,,15,,,,,,,,,,,,,15,,,,,,,,,,,,,,,,,,,,
,,17,,,,,,,17,,,,,,,,,,,,,,,,,,,,,,,17,,,,,,,,,,,17,,,,,,,,,,,,,,,,,,,,,
,,,,,,18,,,,,,18,,,,,,,,,,,,,,,,,,,,,,18,,,,,,,,,18,,,,,,,,,,,,,,,,,,,,,
,,,,,,48,,,,,,,48,,,,,,,,,,,,,,,,,,,,,,,,48,,,,,,,48,,,,,,,,,,,,,,,,,,,,
,35,,,,,,,,35,,,,,,,,,,,,,,,,,,,,,,35,,,,,,,,,,,,35,,,,,,,,,,,,,,,,,,,,,
,19,,,,,,,,,19,,,,,,,,,,,,,,,,,,,,,,,,,19,,,19,,,,,,,,,,,,,,,,,,,,,,,,,,
,,,23,,,,23,,,,,,,,,,,,,,,,,,,,,,,,23,,,,,,,,23,,,,,,,,,,,,,,,,,,,,,,,,,
,,14,,,,,,,,,,14,,,,,,,,,,,,,,,,,,,,,,14,,,,,,,,14,,,,,,,,,,,,,,,,,,,,,,
,35,,,,,,,,35,,,,,,,,,,,,,,,,,,,,,,35,,,,,,,,,,,,35,,,,,,,,,,,,,,,,,,,,,
,,,8,,,,,,,,8,,,,,,,,,,,,,,,,,,,,,,,,,8,,,,8,,,,,,,,,,,,,,,,,,,,,,,,
42,,,,,,,,,,,,,42,,,,,,,,,,,,,,,,,,,,,,42,,,,,,,,42,,,,,,,,,,,,,,,,,,,,,
,9,,,,,,,9,,,,,,,,,,,,,,,,,,,,,,,,,9,,,,,,,9,,,,,,,,,,,,,,,,,,,,,,,,
,,,,32,,,,,,,32,,,,,,,,,,,,,,,,,,,,,,,,,,32,,,32,,,,,,,,,,,,,,,,,,,,,,,,
27,,,,,,,,27,,,,,,,,,,,,,,,,,,,,,,,,27,,,,,,,,27,,,,,,,,,,,,,,,,,,,,,,,,
,,14,,,,,,,,,,14,,,,,,,,,,,,,,,,,,,,,,14,,,,,,,,14,,,,,,,,,,,,,,,,,,,,,,
,,,,,,37,,37,,,,,,,,,,,,,,,,,,,,,,,,37,,,,,,,,,,37,,,,,,,,,,,,,,,,,,,,,,
,,,,,10,,,,,,10,,,,,,,,,,,,,,,,,,,,,,,10,,,,,,,10,,,,,,,,,,,,,,,,,,,,,,,
,,,,,40,,,,,,,40,,,,,,,,,,,,,,,,,,,,,,,,,40,,,,,40,,,,,,,,,,,,,,,,,,,,,,
,,,,,10,,,,,,10,,,,,,,,,,,,,,,,,,,,,,,10,,,,,,,10,,,,,,,,,,,,,,,,,,,,,,,
,,,23,,,,23,,,,,,,,,,,,,,,,,,,,,,,,23,,,,,,,,23,,,,,,,,,,,,,,,,,,,,,,,,,
,,,7,,,,,7,,,,,,,,,,,,,,,,,,,,,,,,7,,,,,,,,,7,,,,,,,,,,,,,,,,,,,,,,,
,36,,,,,,,,,,,36,,,,,,,,,,,,,,,,,,,,,,,,,36,,,,36,,,,,,,,,,,,,,,,,,,,,,,
11,,,,,,,,,11,,,,,,,,,,,,,,,,,,,,,,,,11,,,,,,,,,11,,,,,,,,,,,,,,,,,,,,,,
12,,,,,,,,,,,,12,,,,,,,,,,,,,,,,,,,,,,,,12,,,,,12,,,,,,,,,,,,,,,,,,,,,,,
12,,,,,,,,,,,,12,,,,,,,,,,,,,,,,,,,,,,,,12,,,,,12,,,,,,,,,,,,,,,,,,,,,,,
,,,,,,3,3,,,,,,,,,,,,,,,,,,,,,,,,3,,,,,,,,,3,,,,,,,,,,,,,,,,,,,,,,,,
,,,,,40,,,,,,,40,,,,,,,,,,,,,,,,,,,,,,,,,40,,,,,40,,,,,,,,,,,,,,,,,,,,,,
,,43,,,,,,,,43,,,,,,,,,,,,,,,,,,,,,,,,,,43,,43,,,,,,,,,,,,,,,,,,,,,,,,,,
,,,,,,4,,,,4,,,,,,,,,,,,,,,,,,,,,,,,,,4,,,4,,,,,,,,,,,,,,,,,,,,,,,,,
,,,,,,4,,,,4,,,,,,,,,,,,,,,,,,,,,,,,,,4,,,4,,,,,,,,,,,,,,,,,,,,,,,,,
,36,,,,,,,,,,,36,,,,,,,,,,,,,,,,,,,,,,,,,36,,,,36,,,,,,,,,,,,,,,,,,,,,,,
,,,,,10,,,,,,10,,,,,,,,,,,,,,,,,,,,,,,10,,,,,,,10,,,,,,,,,,,,,,,,,,,,,,,
,,,,2,,,,,,2,,,,,,,,,,,,,,,,,,,,,,,,2,,,,,2,,,,,,,,,,,,,,,,,,,,,,,,,
,,,,,,37,,37,,,,,,,,,,,,,,,,,,,,,,,,37,,,,,,,,,,37,,,,,,,,,,,,,,,,,,,,,,
,,,,,,48,,,,,,,48,,,,,,,,,,,,,,,,,,,,,,,,48,,,,,,,48,,,,,,,,,,,,,,,,,,,,
,,,,,,37,,37,,,,,,,,,,,,,,,,,,,,,,,,37,,,,,,,,,,37,,,,,,,,,,,,,,,,,,,,,,
,20,,,,,,,,,,,,20,,,,,,,,,,,,,,,,,,,,,,,20,,,,,,,20,,,,,,,,,,,,,,,,,,,,,
,,,,,40,,,,,,,40,,,,,,,,,,,,,,,,,,,,,,,,,40,,,,,40,,,,,,,,,,,,,,,,,,,,,,
,,,,,,48,,,,,,,48,,,,,,,,,,,,,,,,,,,,,,,,48,,,,,,,48,,,,,,,,,,,,,,,,,,,,
,,,,46,,,,,,,,,46,,,,,,,,,,,,,,,,,,,,,,46,,,,,,,,,46,,,,,,,,,,,,,,,,,,,,
,9,,,,,,,9,,,,,,,,,,,,,,,,,,,,,,,,,9,,,,,,,9,,,,,,,,,,,,,,,,,,,,,,,,
,,,,,,21,,,21,,,,,,,,,,,,,,,,,,,,,,,,21,,,,,,,,,,,21,,,,,,,,,,,,,,,,,,,,
,19,,,,,,,,,19,,,,,,,,,,,,,,,,,,,,,,,,,19,,,19,,,,,,,,,,,,,,,,,,,,,,,,,,
,,17,,,,,,,17,,,,,,,,,,,,,,,,,,,,,,,17,,,,,,,,,,,17,,,,,,,,,,,,,,,,,,,,,
12,,,,,,,,,,,,12,,,,,,,,,,,,,,,,,,,,,,,,12,,,,,12,,,,,,,,,,,,,,,,,,,,,,,
,,,,16,,,,,,,,16,,,,,,,,,,,,,,,,,,,,,,,,16,,,,,,16,,,,,,,,,,,,,,,,,,,,,,
,,30,,,,,,,,,30,,,,,,,,,,,,,,,,,,,,,,,,30,,,,,30,,,,,,,,,,,,,,,,,,,,,,,,
,,,45,,,,,,,45,,,,,,,,,,,,,,,,,,,,,,,,,,,45,45,,,,,,,,,,,,,,,,,,,,,,,,,,
,,,,,40,,,,,,,40,,,,,,,,,,,,,,,,,,,,,,,,,40,,,,,40,,,,,,,,,,,,,,,,,,,,,,
,,,,5,,,5,,,,,,,,,,,,,,,,,,,,,,,,,5,,,,,,,5,,,,,,,,,,,,,,,,,,,,,,,,,
,,44,,,,,,,,,,,44,,,,,,,,,,,,,,,,,,,,,,,,44,,,,,,44,,,,,,,,,,,,,,,,,,,,,
,,49,,,,,49,,,,,,,,,,,,,,,,,,,,,,,,,,49,,,,,49,,,,,,,,,,,,,,,,,,,,,,,,,,
,,,,,29,,29,,,,,,,,,,,,,,,,,,,,,,,,,,29,,,,,,29,,,,,,,,,,,,,,,,,,,,,,,,,
,,30,,,,,,,,,30,,,,,,,,,,,,,,,,,,,,,,,,30,,,,,30,,,,,,,,,,,,,,,,,,,,,,,,
,,,,,10,,,,,,10,,,,,,,,,,,,,,,,,,,,,,,10,,,,,,,10,,,,,,,,,,,,,,,,,,,,,,,
,,,22,,,,,,,,,,22,,,,,,,,,,,,,,,,,,,,,22,,,,,,,,,,22,,,,,,,,,,,,,,,,,,,,
28,,,,,,,,,,,28,,,,,,,,,,,,,,,,,,,,,,,,,,28,,28,,,,,,,,,,,,,,,,,,,,,,,,,
,,,,,,21,,,21,,,,,,,,,,,,,,,,,,,,,,,,21,,,,,,,,,,,21,,,,,,,,,,,,,,,,,,,,
,9,,,,,,,9,,,,,,,,,,,,,,,,,,,,,,,,,9,,,,,,,9,,,,,,,,,,,,,,,,,,,,,,,,
,20,,,,,,,,,,,,20,,,,,,,,,,,,,,,,,,,,,,,20,,,,,,,20,,,,,,,,,,,,,,,,,,,,,
,20,,,,,,,,,,,,20,,,,,,,,,,,,,,,,,,,,,,,20,,,,,,,20,,,,,,,,,,,,,,,,,,,,,
,,,,15,,,,,15,,,,,,,,,,,,,,,,,,,,,,15,,,,,,,,,,,,,15,,,,,,,,,,,,,,,,,,,,
,,,,,13,,,13,,,,,,,,,,,,,,,,,,,,,,,13,,,,,,,,,,,13,,,,,,,,,,,,,,,,,,,,,,
,,,,,29,,29,,,,,,,,,,,,,,,,,,,,,,,,,,29,,,,,,29,,,,,,,,,,,,,,,,,,,,,,,,,
,,43,,,,,,,,43,,,,,,,,,,,,,,,,,,,,,,,,,,43,,43,,,,,,,,,,,,,,,,,,,,,,,,,,
,,,,32,,,,,,,32,,,,,,,,,,,,,,,,,,,,,,,,,,32,,,32,,,,,,,,,,,,,,,,,,,,,,,,
11,,,,,,,,,11,,,,,,,,,,,,,,,,,,,,,,,,11,,,,,,,,,11,,,,,,,,,,,,,,,,,,,,,,
,9,,,,,,,9,,,,,,,,,,,,,,,,,,,,,,,,,9,,,,,,,9,,,,,,,,,,,,,,,,,,,,,,,,
,,,22,,,,,,,,,,22,,,,,,,,,,,,,,,,,,,,,22,,,,,,,,,,22,,,,,,,,,,,,,,,,,,,,
12,,,,,,,,,,,,12,,,,,,,,,,,,,,,,,,,,,,,,12,,,,,12,,,,,,,,,,,,,,,,,,,,,,,
,,,,,10,,,,,,10,,,,,,,,,,,,,,,,,,,,,,,10,,,,,,,10,,,,,,,,,,,,,,,,,,,,,,,
28,,,,,,,,,,,28,,,,,,,,,,,,,,,,,,,,,,,,,,28,,28,,,,,,,,,,,,,,,,,,,,,,,,,
,,,45,,,,,,,45,,,,,,,,,,,,,,,,,,,,,,,,,,,45,45,,,,,,,,,,,,,,,,,,,,,,,,,,
,20,,,,,,,,,,,,20,,,,,,,,,,,,,,,,,,,,,,,20,,,,,,,20,,,,,,,,,,,,,,,,,,,,,
,35,,,,,,,,35,,,,,,,,,,,,,,,,,,,,,,35,,,,,,,,,,,,35,,,,,,,,,,,,,,,,,,,,,
,,,38,,,,,,,,,38,,,,,,,,,,,,,,,,,,,,,,,38,,,,,,,38,,,,,,,,,,,,,,,,,,,,,,
47,,,,,,,,,,47,,,,,,,,,,,,,,,,,,,,,,,,47,,,,47,,,,,,,,,,,,,,,,,,,,,,,,,,
,,,,,,3,3,,,,,,,,,,,,,,,,,,,,,,,,3,,,,,,,,,3,,,,,,,,,,,,,,,,,,,,,,,,
,36,,,,,,,,,,,36,,,,,,,,,,,,,,,,,,,,,,,,,36,,,,36,,,,,,,,,,,,,,,,,,,,,,,
,,,,5,,,5,,,,,,,,,,,,,,,,,,,,,,,,,5,,,,,,,5,,,,,,,,,,,,,,,,,,,,,,,,,
,,,22,,,,,,,,,,22,,,,,,,,,,,,,,,,,,,,,22,,,,,,,,,,22,,,,,,,,,,,,,,,,,,,,
,6,,,,,,,,,,6,,,,,,,,,,,,,,,,,,,,,,,6,,,,,,6,,,,,,,,,,,,,,,,,,,,,,,,
,,30,,,,,,,,,30,,,,,,,,,,,,,,,,,,,,,,,,30,,,,,30,,,,,,,,,,,,,,,,,,,,,,,,
,,,,,,48,,,,,,,48,,,,,,,,,,,,,,,,,,,,,,,,48,,,,,,,48,,,,,,,,,,,,,,,,,,,,
,,,,31,,,,31,,,,,,,,,,,,,,,,,,,,,,,,,31,,,,,,,,31,,,,,,,,,,,,,,,,,,,,,,,
,,,8,,,,,,,,8,,,,,,,,,,,,,,,,,,,,,,,,,8,,,,8,,,,,,,,,,,,,,,,,,,,,,,,
,35,,,,,,,,35,,,,,,,,,,,,,,,,,,,,,,35,,,,,,,,,,,,35,,,,,,,,,,,,,,,,,,,,,
,,,,,,4,,,,4,,,,,,,,,,,,,,,,,,,,,,,,,,4,,,4,,,,,,,,,,,,,,,,,,,,,,,,,
,,,23,,,,23,,,,,,,,,,,,,,,,,,,,,,,,23,,,,,,,,23,,,,,,,,,,,,,,,,,,,,,,,,,
,,,,,10,,,,,,10,,,,,,,,,,,,,,,,,,,,,,,10,,,,,,,10,,,,,,,,,,,,,,,,,,,,,,,
,,,8,,,,,,,,8,,,,,,,,,,,,,,,,,,,,,,,,,8,,,,8,,,,,,,,,,,,,,,,,,,,,,,,
,,17,,,,,,,17,,,,,,,,,,,,,,,,,,,,,,,17,,,,,,,,,,,17,,,,,,,,,,,,,,,,,,,,,
,,,,,,18,,,,,,18,,,,,,,,,,,,,,,,,,,,,,18,,,,,,,,,18,,,,,,,,,,,,,,,,,,,,,
,,,38,,,,,,,,,38,,,,,,,,,,,,,,,,,,,,,,,38,,,,,,,38,,,,,,,,,,,,,,,,,,,,,,
,35,,,,,,,,35,,,,,,,,,,,,,,,,,,,,,,35,,,,,,,,,,,,35,,,,,,,,,,,,,,,,,,,,,
,,,22,,,,,,,,,,22,,,,,,,,,,,,,,,,,,,,,22,,,,,,,,,,22,,,,,,,,,,,,,,,,,,,,
,,,,46,,,,,,,,,46,,,,,,,,,,,,,,,,,,,,,,46,,,,,,,,,46,,,,,,,,,,,,,,,,,,,,
,,,,2,,,,,,2,,,,,,,,,,,,,,,,,,,,,,,,2,,,,,2,,,,,,,,,,,,,,,,,,,,,,,,,
,,,,,39,,,,39,,,,,,,,,,,,,,,,,,,,,,,39,,,,,,,,,,,,39,,,,,,,,,,,,,,,,,,,,
,,,38,,,,,,,,,38,,,,,,,,,,,,,,,,,,,,,,,38,,,,,,,38,,,,,,,,,,,,,,,,,,,,,,
42,,,,,,,,,,,,,42,,,,,,,,,,,,,,,,,,,,,,42,,,,,,,,42,,,,,,,,,,,,,,,,,,,,,
,19,,,,,,,,,19,,,,,,,,,,,,,,,,,,,,,,,,,19,,,19,,,,,,,,,,,,,,,,,,,,,,,,,,
,,,38,,,,,,,,,38,,,,,,,,,,,,,,,,,,,,,,,38,,,,,,,38,,,,,,,,,,,,,,,,,,,,,,
,,,,,13,,,13,,,,,,,,,,,,,,,,,,,,,,,13,,,,,,,,,,,13,,,,,,,,,,,,,,,,,,,,,,
27,,,,,,,,27,,,,,,,,,,,,,,,,,,,,,,,,27,,,,,,,,27,,,,,,,,,,,,,,,,,,,,,,,,
,,,,,,37,,37,,,,,,,,,,,,,,,,,,,,,,,,37,,,,,,,,,,37,,,,,,,,,,,,,,,,,,,,,,
,,30,,,,,,,,,30,,,,,,,,,,,,,,,,,,,,,,,,30,,,,,30,,,,,,,,,,,,,,,,,,,,,,,,
,,,,15,,,,,15,,,,,,,,,,,,,,,,,,,,,,15,,,,,,,,,,,,,15,,,,,,,,,,,,,,,,,,,,
,,,,,29,,29,,,,,,,,,,,,,,,,,,,,,,,,,,29,,,,,,29,,,,,,,,,,,,,,,,,,,,,,,,,
,36,,,,,,,,,,,36,,,,,,,,,,,,,,,,,,,,,,,,,36,,,,36,,,,,,,,,,,,,,,,,,,,,,,
,35,,,,,,,,35,,,,,,,,,,,,,,,,,,,,,,35,,,,,,,,,,,,35,,,,,,,,,,,,,,,,,,,,,
,20,,,,,,,,,,,,20,,,,,,,,,,,,,,,,,,,,,,,20,,,,,,,20,,,,,,,,,,,,,,,,,,,,,
,,,22,,,,,,,,,,22,,,,,,,,,,,,,,,,,,,,,22,,,,,,,,,,22,,,,,,,,,,,,,,,,,,,,
,,,,,,21,,,21,,,,,,,,,,,,,,,,,,,,,,,,21,,,,,,,,,,,21,,,,,,,,,,,,,,,,,,,,
,,,,,10,,,,,,10,,,,,,,,,,,,,,,,,,,,,,,10,,,,,,,10,,,,,,,,,,,,,,,,,,,,,,,
,,,,,,34,,,,,34,,,,,,,,,,,,,,,,,,,,,,,,34,,,,,,34,,,,,,,,,,,,,,,,,,,,,,,
,,30,,,,,,,,,30,,,,,,,,,,,,,,,,,,,,,,,,30,,,,,30,,,,,,,,,,,,,,,,,,,,,,,,
,36,,,,,,,,,,,36,,,,,,,,,,,,,,,,,,,,,,,,,36,,,,36,,,,,,,,,,,,,,,,,,,,,,,
,,,,31,,,,31,,,,,,,,,,,,,,,,,,,,,,,,,31,,,,,,,,31,,,,,,,,,,,,,,,,,,,,,,,
,,,,,24,,,,,,,,24,,,,,,,,,,,,,,,,,,,,,,,24,,,,,,,,24,,,,,,,,,,,,,,,,,,,,
,,,,,,34,,,,,34,,,,,,,,,,,,,,,,,,,,,,,,34,,,,,,34,,,,,,,,,,,,,,,,,,,,,,,
,,,,,,48,,,,,,,48,,,,,,,,,,,,,,,,,,,,,,,,48,,,,,,,48,,,,,,,,,,,,,,,,,,,,
,,,,,10,,,,,,10,,,,,,,,,,,,,,,,,,,,,,,10,,,,,,,10,,,,,,,,,,,,,,,,,,,,,,,
,,,7,,,,,7,,,,,,,,,,,,,,,,,,,,,,,,7,,,,,,,,,7,,,,,,,,,,,,,,,,,,,,,,,
12,,,,,,,,,,,,12,,,,,,,,,,,,,,,,,,,,,,,,12,,,,,12,,,,,,,,,,,,,,,,,,,,,,,
1,,,,,,,1,,,,,,,,,,,,,,,,,,,,,,,,1,,,,,,,1,,,,,,,,,,,,,,,,,,,,,,,,,,
,,,,,40,,,,,,,40,,,,,,,,,,,,,,,,,,,,,,,,,40,,,,,40,,,,,,,,,,,,,,,,,,,,,,
,,,,2,,,,,,2,,,,,,,,,,,,,,,,,,,,,,,,2,,,,,2,,,,,,,,,,,,,,,,,,,,,,,,,
,,30,,,,,,,,,30,,,,,,,,,,,,,,,,,,,,,,,,30,,,,,30,,,,,,,,,,,,,,,,,,,,,,,,
,6,,,,,,,,,,6,,,,,,,,,,,,,,,,,,,,,,,6,,,,,,6,,,,,,,,,,,,,,,,,,,,,,,,
42,,,,,,,,,,,,,42,,,,,,,,,,,,,,,,,,,,,,42,,,,,,,,42,,,,,,,,,,,,,,,,,,,,,
,,,,,29,,29,,,,,,,,,,,,,,,,,,,,,,,,,,29,,,,,,29,,,,,,,,,,,,,,,,,,,,,,,,,
,,17,,,,,,,17,,,,,,,,,,,,,,,,,,,,,,,17,,,,,,,,,,,17,,,,,,,,,,,,,,,,,,,,,
,,,,32,,,,,,,32,,,,,,,,,,,,,,,,,,,,,,,,,,32,,,32,,,,,,,,,,,,,,,,,,,,,,,,
,,,,16,,,,,,,,16,,,,,,,,,,,,,,,,,,,,,,,,16,,,,,,16,,,,,,,,,,,,,,,,,,,,,,
,,,22,,,,,,,,,,22,,,,,,,,,,,,,,,,,,,,,22,,,,,,,,,,22,,,,,,,,,,,,,,,,,,,,
,25,,,,,,25,,,,,,,,,,,,,,,,,,,,,,,,,25,,,,,,25,,,,,,,,,,,,,,,,,,,,,,,,,,
42,,,,,,,,,,,,,42,,,,,,,,,,,,,,,,,,,,,,42,,,,,,,,42,,,,,,,,,,,,,,,,,,,,,
,,,,,13,,,13,,,,,,,,,,,,,,,,,,,,,,,13,,,,,,,,,,,13,,,,,,,,,,,,,,,,,,,,,,
,6,,,,,,,,,,6,,,,,,,,,,,,,,,,,,,,,,,6,,,,,,6,,,,,,,,,,,,,,,,,,,,,,,,
,,,38,,,,,,,,,38,,,,,,,,,,,,,,,,,,,,,,,38,,,,,,,38,,,,,,,,,,,,,,,,,,,,,,
,,,,,13,,,13,,,,,,,,,,,,,,,,,,,,,,,13,,,,,,,,,,,13,,,,,,,,,,,,,,,,,,,,,,
,,,,5,,,5,,,,,,,,,,,,,,,,,,,,,,,,,5,,,,,,,5,,,,,,,,,,,,,,,,,,,,,,,,,
47,,,,,,,,,,47,,,,,,,,,,,,,,,,,,,,,,,,47,,,,47,,,,,,,,,,,,,,,,,,,,,,,,,,
,,33,,,,,,33,,,,,,,,,,,,,,,,,,,,,,,33,,,,,,,,,,33,,,,,,,,,,,,,,,,,,,,,,,
,,,,46,,,,,,,,,46,,,,,,,,,,,,,,,,,,,,,,46,,,,,,,,,46,,,,,,,,,,,,,,,,,,,,
,,,23,,,,23,,,,,,,,,,,,,,,,,,,,,,,,23,,,,,,,,23,,,,,,,,,,,,,,,,,,,,,,,,,
,,,,,13,,,13,,,,,,,,,,,,,,,,,,,,,,,13,,,,,,,,,,,13,,,,,,,,,,,,,,,,,,,,,,
,,14,,,,,,,,,,14,,,,,,,,,,,,,,,,,,,,,,14,,,,,,,,14,,,,,,,,,,,,,,,,,,,,,,
,,,,,40,,,,,,,40,,,,,,,,,,,,,,,,,,,,,,,,,40,,,,,40,,,,,,,,,,,,,,,,,,,,,,
47,,,,,,,,,,47,,,,,,,,,,,,,,,,,,,,,,,,47,,,,47,,,,,,,,,,,,,,,,,,,,,,,,,,
,,44,,,,,,,,,,,44,,,,,,,,,,,,,,,,,,,,,,,,44,,,,,,44,,,,,,,,,,,,,,,,,,,,,
,,49,,,,,49,,,,,,,,,,,,,,,,,,,,,,,,,,49,,,,,49,,,,,,,,,,,,,,,,,,,,,,,,,,
47,,,,,,,,,,47,,,,,,,,,,,,,,,,,,,,,,,,47,,,,47,,,,,,,,,,,,,,,,,,,,,,,,,,
,,,,,10,,,,,,10,,,,,,,,,,,,,,,,,,,,,,,10,,,,,,,10,,,,,,,,,,,,,,,,,,,,,,,
,,43,,,,,,,,43,,,,,,,,,,,,,,,,,,,,,,,,,,43,,43,,,,,,,,,,,,,,,,,,,,,,,,,,
,,49,,,,,49,,,,,,,,,,,,,,,,,,,,,,,,,,49,,,,,49,,,,,,,,,,,,,,,,,,,,,,,,,,
,,,,,,48,,,,,,,48,,,,,,,,,,,,,,,,,,,,,,,,48,,,,,,,48,,,,,,,,,,,,,,,,,,,,
,,33,,,,,,33,,,,,,,,,,,,,,,,,,,,,,,33,,,,,,,,,,33,,,,,,,,,,,,,,,,,,,,,,,
,35,,,,,,,,35,,,,,,,,,,,,,,,,,,,,,,35,,,,,,,,,,,,35,,,,,,,,,,,,,,,,,,,,,
,,,,,29,,29,,,,,,,,,,,,,,,,,,,,,,,,,,29,,,,,,29,,,,,,,,,,,,,,,,,,,,,,,,,
,35,,,,,,,,35,,,,,,,,,,,,,,,,,,,,,,35,,,,,,,,,,,,35,,,,,,,,,,,,,,,,,,,,,
,,,,,,21,,,21,,,,,,,,,,,,,,,,,,,,,,,,21,,,,,,,,,,,21,,,,,,,,,,,,,,,,,,,,
,,,,5,,,5,,,,,,,,,,,,,,,,,,,,,,,,,5,,,,,,,5,,,,,,,,,,,,,,,,,,,,,,,,,
,,,,32,,,,,,,32,,,,,,,,,,,,,,,,,,,,,,,,,,32,,,32,,,,,,,,,,,,,,,,,,,,,,,,
,,14,,,,,,,,,,14,,,,,,,,,,,,,,,,,,,,,,14,,,,,,,,14,,,,,,,,,,,,,,,,,,,,,,
,,,,,29,,29,,,,,,,,,,,,,,,,,,,,,,,,,,29,,,,,,29,,,,,,,,,,,,,,,,,,,,,,,,,
,,,,5,,,5,,,,,,,,,,,,,,,,,,,,,,,,,5,,,,,,,5,,,,,,,,,,,,,,,,,,,,,,,,,
,,,,31,,,,31,,,,,,,,,,,,,,,,,,,,,,,,,31,,,,,,,,31,,,,,,,,,,,,,,,,,,,,,,,
,25,,,,,,25,,,,,,,,,,,,,,,,,,,,,,,,,25,,,,,,25,,,,,,,,,,,,,,,,,,,,,,,,,,
1,,,,,,,1,,,,,,,,,,,,,,,,,,,,,,,,1,,,,,,,1,,,,,,,,,,,,,,,,,,,,,,,,,,
,,,,,,34,,,,,34,,,,,,,,,,,,,,,,,,,,,,,,34,,,,,,34,,,,,,,,,,,,,,,,,,,,,,,
,,,,31,,,,31,,,,,,,,,,,,,,,,,,,,,,,,,31,,,,,,,,31,,,,,,,,,,,,,,,,,,,,,,,
,,,,32,,,,,,,32,,,,,,,,,,,,,,,,,,,,,,,,,,32,,,32,,,,,,,,,,,,,,,,,,,,,,,,
,,,,5,,,5,,,,,,,,,,,,,,,,,,,,,,,,,5,,,,,,,5,,,,,,,,,,,,,,,,,,,,,,,,,
,,,,2,,,,,,2,,,,,,,,,,,,,,,,,,,,,,,,2,,,,,2,,,,,,,,,,,,,,,,,,,,,,,,,
,,,,,24,,,,,,,,24,,,,,,,,,,,,,,,,,,,,,,,24,,,,,,,,24,,,,,,,,,,,,,,,,,,,,
,,,41,,,,,,41,,,,,,,,,,,,,,,,,,,,,,,,41,,,,,,,,,,41,,,,,,,,,,,,,,,,,,,,,
,,,,5,,,5,,,,,,,,,,,,,,,,,,,,,,,,,5,,,,,,,5,,,,,,,,,,,,,,,,,,,,,,,,,
1,,,,,,,1,,,,,,,,,,,,,,,,,,,,,,,,1,,,,,,,1,,,,,,,,,,,,,,,,,,,,,,,,,,
,,,38,,,,,,,,,38,,,,,,,,,,,,,,,,,,,,,,,38,,,,,,,38,,,,,,,,,,,,,,,,,,,,,,
,,,,,10,,,,,,10,,,,,,,,,,,,,,,,,,,,,,,10,,,,,,,10,,,,,,,,,,,,,,,,,,,,,,,
,,,,2,,,,,,2,,,,,,,,,,,,,,,,,,,,,,,,2,,,,,2,,,,,,,,,,,,,,,,,,,,,,,,,
,,30,,,,,,,,,30,,,,,,,,,,,,,,,,,,,,,,,,30,,,,,30,,,,,,,,,,,,,,,,,,,,,,,,
12,,,,,,,,,,,,12,,,,,,,,,,,,,,,,,,,,,,,,12,,,,,12,,,,,,,,,,,,,,,,,,,,,,,
47,,,,,,,,,,47,,,,,,,,,,,,,,,,,,,,,,,,47,,,,47,,,,,,,,,,,,,,,,,,,,,,,,,,
,,14,,,,,,,,,,14,,,,,,,,,,,,,,,,,,,,,,14,,,,,,,,14,,,,,,,,,,,,,,,,,,,,,,
1,,,,,,,1,,,,,,,,,,,,,,,,,,,,,,,,1,,,,,,,1,,,,,,,,,,,,,,,,,,,,,,,,,,
,,,,31,,,,31,,,,,,,,,,,,,,,,,,,,,,,,,31,,,,,,,,31,,,,,,,,,,,,,,,,,,,,,,,
,,,41,,,,,,41,,,,,,,,,,,,,,,,,,,,,,,,41,,,,,,,,,,41,,,,,,,,,,,,,,,,,,,,,
,,,,15,,,,,15,,,,,,,,,,,,,,,,,,,,,,15,,,,,,,,,,,,,15,,,,,,,,,,,,,,,,,,,,
,,49,,,,,49,,,,,,,,,,,,,,,,,,,,,,,,,,49,,,,,49,,,,,,,,,,,,,,,,,,,,,,,,,,
47,,,,,,,,,,47,,,,,,,,,,,,,,,,,,,,,,,,47,,,,47,,,,,,,,,,,,,,,,,,,,,,,,,,
,,,7,,,,,7,,,,,,,,,,,,,,,,,,,,,,,,7,,,,,,,,,7,,,,,,,,,,,,,,,,,,,,,,,
47,,,,,,,,,,47,,,,,,,,,,,,,,,,,,,,,,,,47,,,,47,,,,,,,,,,,,,,,,,,,,,,,,,,
,,43,,,,,,,,43,,,,,,,,,,,,,,,,,,,,,,,,,,43,,43,,,,,,,,,,,,,,,,,,,,,,,,,,
,,,,,,48,,,,,,,48,,,,,,,,,,,,,,,,,,,,,,,,48,,,,,,,48,,,,,,,,,,,,,,,,,,,,
,25,,,,,,25,,,,,,,,,,,,,,,,,,,,,,,,,25,,,,,,25,,,,,,,,,,,,,,,,,,,,,,,,,,
,,,8,,,,,,,,8,,,,,,,,,,,,,,,,,,,,,,,,,8,,,,8,,,,,,,,,,,,,,,,,,,,,,,,
,,,,15,,,,,15,,,,,,,,,,,,,,,,,,,,,,15,,,,,,,,,,,,,15,,,,,,,,,,,,,,,,,,,,
,,17,,,,,,,17,,,,,,,,,,,,,,,,,,,,,,,17,,,,,,,,,,,17,,,,,,,,,,,,,,,,,,,,,
,,,,,,37,,37,,,,,,,,,,,,,,,,,,,,,,,,37,,,,,,,,,,37,,,,,,,,,,,,,,,,,,,,,,
,,,22,,,,,,,,,,22,,,,,,,,,,,,,,,,,,,,,22,,,,,,,,,,22,,,,,,,,,,,,,,,,,,,,
47,,,,,,,,,,47,,,,,,,,,,,,,,,,,,,,,,,,47,,,,47,,,,,,,,,,,,,,,,,,,,,,,,,,
,,,,,13,,,13,,,,,,,,,,,,,,,,,,,,,,,13,,,,,,,,,,,13,,,,,,,,,,,,,,,,,,,,,,
,,,,5,,,5,,,,,,,,,,,,,,,,,,,,,,,,,5,,,,,,,5,,,,,,,,,,,,,,,,,,,,,,,,,
,,,,32,,,,,,,32,,,,,,,,,,,,,,,,,,,,,,,,,,32,,,32,,,,,,,,,,,,,,,,,,,,,,,,
,,43,,,,,,,,43,,,,,,,,,,,,,,,,,,,,,,,,,,43,,43,,,,,,,,,,,,,,,,,,,,,,,,,,
,,,,,,34,,,,,34,,,,,,,,,,,,,,,,,,,,,,,,34,,,,,,34,,,,,,,,,,,,,,,,,,,,,,,
12,,,,,,,,,,,,12,,,,,,,,,,,,,,,,,,,,,,,,12,,,,,12,,,,,,,,,,,,,,,,,,,,,,,
,6,,,,,,,,,,6,,,,,,,,,,,,,,,,,,,,,,,6,,,,,,6,,,,,,,,,,,,,,,,,,,,,,,,
,,,,15,,,,,15,,,,,,,,,,,,,,,,,,,,,,15,,,,,,,,,,,,,15,,,,,,,,,,,,,,,,,,,,
,,,,,,37,,37,,,,,,,,,,,,,,,,,,,,,,,,37,,,,,,,,,,37,,,,,,,,,,,,,,,,,,,,,,
,,,41,,,,,,41,,,,,,,,,,,,,,,,,,,,,,,,41,,,,,,,,,,41,,,,,,,,,,,,,,,,,,,,,
,,,,,,34,,,,,34,,,,,,,,,,,,,,,,,,,,,,,,34,,,,,,34,,,,,,,,,,,,,,,,,,,,,,,
,,,38,,,,,,,,,38,,,,,,,,,,,,,,,,,,,,,,,38,,,,,,,38,,,,,,,,,,,,,,,,,,,,,,
,,,8,,,,,,,,8,,,,,,,,,,,,,,,,,,,,,,,,,8,,,,8,,,,,,,,,,,,,,,,,,,,,,,,
,,,,,,18,,,,,,18,,,,,,,,,,,,,,,,,,,,,,18,,,,,,,,,18,,,,,,,,,,,,,,,,,,,,,
42,,,,,,,,,,,,,42,,,,,,,,,,,,,,,,,,,,,,42,,,,,,,,42,,,,,,,,,,,,,,,,,,,,,
,,14,,,,,,,,,,14,,,,,,,,,,,,,,,,,,,,,,14,,,,,,,,14,,,,,,,,,,,,,,,,,,,,,,
,,44,,,,,,,,,,,44,,,,,,,,,,,,,,,,,,,,,,,,44,,,,,,44,,,,,,,,,,,,,,,,,,,,,
,6,,,,,,,,,,6,,,,,,,,,,,,,,,,,,,,,,,6,,,,,,6,,,,,,,,,,,,,,,,,,,,,,,,
,,,41,,,,,,41,,,,,,,,,,,,,,,,,,,,,,,,41,,,,,,,,,,41,,,,,,,,,,,,,,,,,,,,,
,25,,,,,,25,,,,,,,,,,,,,,,,,,,,,,,,,25,,,,,,25,,,,,,,,,,,,,,,,,,,,,,,,,,
,,,,,,4,,,,4,,,,,,,,,,,,,,,,,,,,,,,,,,4,,,4,,,,,,,,,,,,,,,,,,,,,,,,,
,,,23,,,,23,,,,,,,,,,,,,,,,,,,,,,,,23,,,,,,,,23,,,,,,,,,,,,,,,,,,,,,,,,,
,,,,2,,,,,,2,,,,,,,,,,,,,,,,,,,,,,,,2,,,,,2,,,,,,,,,,,,,,,,,,,,,,,,,
,,,45,,,,,,,45,,,,,,,,,,,,,,,,,,,,,,,,,,,45,45,,,,,,,,,,,,,,,,,,,,,,,,,,
,,14,,,,,,,,,,14,,,,,,,,,,,,,,,,,,,,,,14,,,,,,,,14,,,,,,,,,,,,,,,,,,,,,,
,,,38,,,,,,,,,38,,,,,,,,,,,,,,,,,,,,,,,38,,,,,,,38,,,,,,,,,,,,,,,,,,,,,,
,,,22,,,,,,,,,,22,,,,,,,,,,,,,,,,,,,,,22,,,,,,,,,,22,,,,,,,,,,,,,,,,,,,,
,,,,,,3,3,,,,,,,,,,,,,,,,,,,,,,,,3,,,,,,,,,3,,,,,,,,,,,,,,,,,,,,,,,,
,,,8,,,,,,,,8,,,,,,,,,,,,,,,,,,,,,,,,,8,,,,8,,,,,,,,,,,,,,,,,,,,,,,,
,35,,,,,,,,35,,,,,,,,,,,,,,,,,,,,,,35,,,,,,,,,,,,35,,,,,,,,,,,,,,,,,,,,,
,,,41,,,,,,41,,,,,,,,,,,,,,,,,,,,,,,,41,,,,,,,,,,41,,,,,,,,,,,,,,,,,,,,,
,,,,,,4,,,,4,,,,,,,,,,,,,,,,,,,,,,,,,,4,,,4,,,,,,,,,,,,,,,,,,,,,,,,,
,,,,32,,,,,,,32,,,,,,,,,,,,,,,,,,,,,,,,,,32,,,32,,,,,,,,,,,,,,,,,,,,,,,,
,,,,,40,,,,,,,40,,,,,,,,,,,,,,,,,,,,,,,,,40,,,,,40,,,,,,,,,,,,,,,,,,,,,,
,,33,,,,,,33,,,,,,,,,,,,,,,,,,,,,,,33,,,,,,,,,,33,,,,,,,,,,,,,,,,,,,,,,,
,,,41,,,,,,41,,,,,,,,,,,,,,,,,,,,,,,,41,,,,,,,,,,41,,,,,,,,,,,,,,,,,,,,,
,,,,,,34,,,,,34,,,,,,,,,,,,,,,,,,,,,,,,34,,,,,,34,,,,,,,,,,,,,,,,,,,,,,,
,,,7,,,,,7,,,,,,,,,,,,,,,,,,,,,,,,7,,,,,,,,,7,,,,,,,,,,,,,,,,,,,,,,,
,,,,46,,,,,,,,,46,,,,,,,,,,,,,,,,,,,,,,46,,,,,,,,,46,,,,,,,,,,,,,,,,,,,,
,,,38,,,,,,,,,38,,,,,,,,,,,,,,,,,,,,,,,38,,,,,,,38,,,,,,,,,,,,,,,,,,,,,,
,,,,,,37,,37,,,,,,,,,,,,,,,,,,,,,,,,37,,,,,,,,,,37,,,,,,,,,,,,,,,,,,,,,,
,,,,,,37,,37,,,,,,,,,,,,,,,,,,,,,,,,37,,,,,,,,,,37,,,,,,,,,,,,,,,,,,,,,,
,9,,,,,,,9,,,,,,,,,,,,,,,,,,,,,,,,,9,,,,,,,9,,,,,,,,,,,,,,,,,,,,,,,,
,6,,,,,,,,,,6,,,,,,,,,,,,,,,,,,,,,,,6,,,,,,6,,,,,,,,,,,,,,,,,,,,,,,,
,,,,32,,,,,,,32,,,,,,,,,,,,,,,,,,,,,,,,,,32,,,32,,,,,,,,,,,,,,,,,,,,,,,,
,9,,,,,,,9,,,,,,,,,,,,,,,,,,,,,,,,,9,,,,,,,9,,,,,,,,,,,,,,,,,,,,,,,,
,,,,,24,,,,,,,,24,,,,,,,,,,,,,,,,,,,,,,,24,,,,,,,,24,,,,,,,,,,,,,,,,,,,,
28,,,,,,,,,,,28,,,,,,,,,,,,,,,,,,,,,,,,,,28,,28,,,,,,,,,,,,,,,,,,,,,,,,,
,,,,,39,,,,39,,,,,,,,,,,,,,,,,,,,,,,39,,,,,,,,,,,,39,,,,,,,,,,,,,,,,,,,,
47,,,,,,,,,,47,,,,,,,,,,,,,,,,,,,,,,,,47,,,,47,,,,,,,,,,,,,,,,,,,,,,,,,,
,,,,,24,,,,,,,,24,,,,,,,,,,,,,,,,,,,,,,,24,,,,,,,,24,,,,,,,,,,,,,,,,,,,,
1,,,,,,,1,,,,,,,,,,,,,,,,,,,,,,,,1,,,,,,,1,,,,,,,,,,,,,,,,,,,,,,,,,,
,20,,,,,,,,,,,,20,,,,,,,,,,,,,,,,,,,,,,,20,,,,,,,20,,,,,,,,,,,,,,,,,,,,,
,,44,,,,,,,,,,,44,,,,,,,,,,,,,,,,,,,,,,,,44,,,,,,44,,,,,,,,,,,,,,,,,,,,,
,,,,,,37,,37,,,,,,,,,,,,,,,,,,,,,,,,37,,,,,,,,,,37,,,,,,,,,,,,,,,,,,,,,,
,,,,,,3,3,,,,,,,,,,,,,,,,,,,,,,,,3,,,,,,,,,3,,,,,,,,,,,,,,,,,,,,,,,,
,,43,,,,,,,,43,,,,,,,,,,,,,,,,,,,,,,,,,,43,,43,,,,,,,,,,,,,,,,,,,,,,,,,,
27,,,,,,,,27,,,,,,,,,,,,,,,,,,,,,,,,27,,,,,,,,27,,,,,,,,,,,,,,,,,,,,,,,,
,,,,,,3,3,,,,,,,,,,,,,,,,,,,,,,,,3,,,,,,,,,3,,,,,,,,,,,,,,,,,,,,,,,,
,,,,,29,,29,,,,,,,,,,,,,,,,,,,,,,,,,,29,,,,,,29,,,,,,,,,,,,,,,,,,,,,,,,,
,,,,,13,,,13,,,,,,,,,,,,,,,,,,,,,,,13,,,,,,,,,,,13,,,,,,,,,,,,,,,,,,,,,,
,,,,31,,,,31,,,,,,,,,,,,,,,,,,,,,,,,,31,,,,,,,,31,,,,,,,,,,,,,,,,,,,,,,,
,,,,32,,,,,,,32,,,,,,,,,,,,,,,,,,,,,,,,,,32,,,32,,,,,,,,,,,,,,,,,,,,,,,,
,,,,5,,,5,,,,,,,,,,,,,,,,,,,,,,,,,5,,,,,,,5,,,,,,,,,,,,,,,,,,,,,,,,,
1,,,,,,,1,,,,,,,,,,,,,,,,,,,,,,,,1,,,,,,,1,,,,,,,,,,,,,,,,,,,,,,,,,,
,,,,2,,,,,,2,,,,,,,,,,,,,,,,,,,,,,,,2,,,,,2,,,,,,,,,,,,,,,,,,,,,,,,,
12,,,,,,,,,,,,12,,,,,,,,,,,,,,,,,,,,,,,,12,,,,,12,,,,,,,,,,,,,,,,,,,,,,,
,,,,,10,,,,,,10,,,,,,,,,,,,,,,,,,,,,,,10,,,,,,,10,,,,,,,,,,,,,,,,,,,,,,,
,,,,,,48,,,,,,,48,,,,,,,,,,,,,,,,,,,,,,,,48,,,,,,,48,,,,,,,,,,,,,,,,,,,,
,,,,16,,,,,,,,16,,,,,,,,,,,,,,,,,,,,,,,,16,,,,,,16,,,,,,,,,,,,,,,,,,,,,,
28,,,,,,,,,,,28,,,,,,,,,,,,,,,,,,,,,,,,,,28,,28,,,,,,,,,,,,,,,,,,,,,,,,,
,,,8,,,,,,,,8,,,,,,,,,,,,,,,,,,,,,,,,,8,,,,8,,,,,,,,,,,,,,,,,,,,,,,,
,,,45,,,,,,,45,,,,,,,,,,,,,,,,,,,,,,,,,,,45,45,,,,,,,,,,,,,,,,,,,,,,,,,,
,,,,,,48,,,,,,,48,,,,,,,,,,,,,,,,,,,,,,,,48,,,,,,,48,,,,,,,,,,,,,,,,,,,,
,,,,5,,,5,,,,,,,,,,,,,,,,,,,,,,,,,5,,,,,,,5,,,,,,,,,,,,,,,,,,,,,,,,,
27,,,,,,,,27,,,,,,,,,,,,,,,,,,,,,,,,27,,,,,,,,27,,,,,,,,,,,,,,,,,,,,,,,,
,,,45,,,,,,,45,,,,,,,,,,,,,,,,,,,,,,,,,,,45,45,,,,,,,,,,,,,,,,,,,,,,,,,,
,,,38,,,,,,,,,38,,,,,,,,,,,,,,,,,,,,,,,38,,,,,,,38,,,,,,,,,,,,,,,,,,,,,,
,,,,,,3,3,,,,,,,,,,,,,,,,,,,,,,,,3,,,,,,,,,3,,,,,,,,,,,,,,,,,,,,,,,,
,,,,,29,,29,,,,,,,,,,,,,,,,,,,,,,,,,,29,,,,,,29,,,,,,,,,,,,,,,,,,,,,,,,,
,,,,,,37,,37,,,,,,,,,,,,,,,,,,,,,,,,37,,,,,,,,,,37,,,,,,,,,,,,,,,,,,,,,,
,,43,,,,,,,,43,,,,,,,,,,,,,,,,,,,,,,,,,,43,,43,,,,,,,,,,,,,,,,,,,,,,,,,,
,,43,,,,,,,,43,,,,,,,,,,,,,,,,,,,,,,,,,,43,,43,,,,,,,,,,,,,,,,,,,,,,,,,,
42,,,,,,,,,,,,,42,,,,,,,,,,,,,,,,,,,,,,42,,,,,,,,42,,,,,,,,,,,,,,,,,,,,,
,,,,,39,,,,39,,,,,,,,,,,,,,,,,,,,,,,39,,,,,,,,,,,,39,,,,,,,,,,,,,,,,,,,,
,,,,,40,,,,,,,40,,,,,,,,,,,,,,,,,,,,,,,,,40,,,,,40,,,,,,,,,,,,,,,,,,,,,,
47,,,,,,,,,,47,,,,,,,,,,,,,,,,,,,,,,,,47,,,,47,,,,,,,,,,,,,,,,,,,,,,,,,,
28,,,,,,,,,,,28,,,,,,,,,,,,,,,,,,,,,,,,,,28,,28,,,,,,,,,,,,,,,,,,,,,,,,,
,,,,32,,,,,,,32,,,,,,,,,,,,,,,,,,,,,,,,,,32,,,32,,,,,,,,,,,,,,,,,,,,,,,,
,,,,,13,,,13,,,,,,,,,,,,,,,,,,,,,,,13,,,,,,,,,,,13,,,,,,,,,,,,,,,,,,,,,,
,9,,,,,,,9,,,,,,,,,,,,,,,,,,,,,,,,,9,,,,,,,9,,,,,,,,,,,,,,,,,,,,,,,,
,,,,16,,,,,,,,16,,,,,,,,,,,,,,,,,,,,,,,,16,,,,,,16,,,,,,,,,,,,,,,,,,,,,,
,35,,,,,,,,35,,,,,,,,,,,,,,,,,,,,,,35,,,,,,,,,,,,35,,,,,,,,,,,,,,,,,,,,,
,,,,,,4,,,,4,,,,,,,,,,,,,,,,,,,,,,,,,,4,,,4,,,,,,,,,,,,,,,,,,,,,,,,,
,,,,,40,,,,,,,40,,,,,,,,,,,,,,,,,,,,,,,,,40,,,,,40,,,,,,,,,,,,,,,,,,,,,,
,,,,,26,,,,,26,,,,,,,,,,,,,,,,,,,,,,,,,26,,,,26,,,,,,,,,,,,,,,,,,,,,,,,,
,6,,,,,,,,,,6,,,,,,,,,,,,,,,,,,,,,,,6,,,,,,6,,,,,,,,,,,,,,,,,,,,,,,,
,,,,,,21,,,21,,,,,,,,,,,,,,,,,,,,,,,,21,,,,,,,,,,,21,,,,,,,,,,,,,,,,,,,,
28,,,,,,,,,,,28,,,,,,,,,,,,,,,,,,,,,,,,,,28,,28,,,,,,,,,,,,,,,,,,,,,,,,,
1,,,,,,,1,,,,,,,,,,,,,,,,,,,,,,,,1,,,,,,,1,,,,,,,,,,,,,,,,,,,,,,,,,,
,19,,,,,,,,,19,,,,,,,,,,,,,,,,,,,,,,,,,19,,,19,,,,,,,,,,,,,,,,,,,,,,,,,,
,,,,2,,,,,,2,,,,,,,,,,,,,,,,,,,,,,,,2,,,,,2,,,,,,,,,,,,,,,,,,,,,,,,,
,,,41,,,,,,41,,,,,,,,,,,,,,,,,,,,,,,,41,,,,,,,,,,41,,,,,,,,,,,,,,,,,,,,,
42,,,,,,,,,,,,,42,,,,,,,,,,,,,,,,,,,,,,42,,,,,,,,42,,,,,,,,,,,,,,,,,,,,,
,,43,,,,,,,,43,,,,,,,,,,,,,,,,,,,,,,,,,,43,,43,,,,,,,,,,,,,,,,,,,,,,,,,,
,25,,,,,,25,,,,,,,,,,,,,,,,,,,,,,,,,25,,,,,,25,,,,,,,,,,,,,,,,,,,,,,,,,,
,,,,31,,,,31,,,,,,,,,,,,,,,,,,,,,,,,,31,,,,,,,,31,,,,,,,,,,,,,,,,,,,,,,,
,,,,,,21,,,21,,,,,,,,,,,,,,,,,,,,,,,,21,,,,,,,,,,,21,,,,,,,,,,,,,,,,,,,,
,,30,,,,,,,,,30,,,,,,,,,,,,,,,,,,,,,,,,30,,,,,30,,,,,,,,,,,,,,,,,,,,,,,,
,,,,,13,,,13,,,,,,,,,,,,,,,,,,,,,,,13,,,,,,,,,,,13,,,,,,,,,,,,,,,,,,,,,,
,,,,31,,,,31,,,,,,,,,,,,,,,,,,,,,,,,,31,,,,,,,,31,,,,,,,,,,,,,,,,,,,,,,,
,,,,,,,,,,,,,,,,,,,,,,,,,,,,,,,,,,,,,,,,,,,,,,,,,,,,,,,,,,,,,,,,
,,,,,10,,,,,,10,,,,,,,,,,,,,,,,,,,,,,,10,,,,,,,10,,,,,,,,,,,,,,,,,,,,,,,
,6,,,,,,,,,,6,,,,,,,,,,,,,,,,,,,,,,,6,,,,,,6,,,,,,,,,,,,,,,,,,,,,,,,
47,,,,,,,,,,47,,,,,,,,,,,,,,,,,,,,,,,,47,,,,47,,,,,,,,,,,,,,,,,,,,,,,,,,
,,,,,,4,,,,4,,,,,,,,,,,,,,,,,,,,,,,,,,4,,,4,,,,,,,,,,,,,,,,,,,,,,,,,
,,,,,,48,,,,,,,48,,,,,,,,,,,,,,,,,,,,,,,,48,,,,,,,48,,,,,,,,,,,,,,,,,,,,
,,,38,,,,,,,,,38,,,,,,,,,,,,,,,,,,,,,,,38,,,,,,,38,,,,,,,,,,,,,,,,,,,,,,
,,,,,24,,,,,,,,24,,,,,,,,,,,,,,,,,,,,,,,24,,,,,,,,24,,,,,,,,,,,,,,,,,,,,
,,14,,,,,,,,,,14,,,,,,,,,,,,,,,,,,,,,,14,,,,,,,,14,,,,,,,,,,,,,,,,,,,,,,
,,,,,,48,,,,,,,48,,,,,,,,,,,,,,,,,,,,,,,,48,,,,,,,48,,,,,,,,,,,,,,,,,,,,
,,,,,,34,,,,,34,,,,,,,,,,,,,,,,,,,,,,,,34,,,,,,34,,,,,,,,,,,,,,,,,,,,,,,
,,49,,,,,49,,,,,,,,,,,,,,,,,,,,,,,,,,49,,,,,49,,,,,,,,,,,,,,,,,,,,,,,,,,
,,,,2,,,,,,2,,,,,,,,,,,,,,,,,,,,,,,,2,,,,,2,,,,,,,,,,,,,,,,,,,,,,,,,
,,14,,,,,,,,,,14,,,,,,,,,,,,,,,,,,,,,,14,,,,,,,,14,,,,,,,,,,,,,,,,,,,,,,
,,,23,,,,23,,,,,,,,,,,,,,,,,,,,,,,,23,,,,,,,,23,,,,,,,,,,,,,,,,,,,,,,,,,
,,,,,40,,,,,,,40,,,,,,,,,,,,,,,,,,,,,,,,,40,,,,,40,,,,,,,,,,,,,,,,,,,,,,
,,,45,,,,,,,45,,,,,,,,,,,,,,,,,,,,,,,,,,,45,45,,,,,,,,,,,,,,,,,,,,,,,,,,
,,,,,39,,,,39,,,,,,,,,,,,,,,,,,,,,,,39,,,,,,,,,,,,39,,,,,,,,,,,,,,,,,,,,
,,,7,,,,,7,,,,,,,,,,,,,,,,,,,,,,,,7,,,,,,,,,7,,,,,,,,,,,,,,,,,,,,,,,
,,,,,,48,,,,,,,48,,,,,,,,,,,,,,,,,,,,,,,,48,,,,,,,48,,,,,,,,,,,,,,,,,,,,
,,,7,,,,,7,,,,,,,,,,,,,,,,,,,,,,,,7,,,,,,,,,7,,,,,,,,,,,,,,,,,,,,,,,
,,,,,13,,,13,,,,,,,,,,,,,,,,,,,,,,,13,,,,,,,,,,,13,,,,,,,,,,,,,,,,,,,,,,
11,,,,,,,,,11,,,,,,,,,,,,,,,,,,,,,,,,11,,,,,,,,,11,,,,,,,,,,,,,,,,,,,,,,
,,,,,26,,,,,26,,,,,,,,,,,,,,,,,,,,,,,,,26,,,,26,,,,,,,,,,,,,,,,,,,,,,,,,
1,,,,,,,1,,,,,,,,,,,,,,,,,,,,,,,,1,,,,,,,1,,,,,,,,,,,,,,,,,,,,,,,,,,
,,,,,24,,,,,,,,24,,,,,,,,,,,,,,,,,,,,,,,24,,,,,,,,24,,,,,,,,,,,,,,,,,,,,
,,,,5,,,5,,,,,,,,,,,,,,,,,,,,,,,,,5,,,,,,,5,,,,,,,,,,,,,,,,,,,,,,,,,
28,,,,,,,,,,,28,,,,,,,,,,,,,,,,,,,,,,,,,,28,,28,,,,,,,,,,,,,,,,,,,,,,,,,
,,,,32,,,,,,,32,,,,,,,,,,,,,,,,,,,,,,,,,,32,,,32,,,,,,,,,,,,,,,,,,,,,,,,
,,,22,,,,,,,,,,22,,,,,,,,,,,,,,,,,,,,,22,,,,,,,,,,22,,,,,,,,,,,,,,,,,,,,
,,,,,13,,,13,,,,,,,,,,,,,,,,,,,,,,,13,,,,,,,,,,,13,,,,,,,,,,,,,,,,,,,,,,
,,,,,,37,,37,,,,,,,,,,,,,,,,,,,,,,,,37,,,,,,,,,,37,,,,,,,,,,,,,,,,,,,,,,
,,,,32,,,,,,,32,,,,,,,,,,,,,,,,,,,,,,,,,,32,,,32,,,,,,,,,,,,,,,,,,,,,,,,
47,,,,,,,,,,47,,,,,,,,,,,,,,,,,,,,,,,,47,,,,47,,,,,,,,,,,,,,,,,,,,,,,,,,
,,,,,,18,,,,,,18,,,,,,,,,,,,,,,,,,,,,,18,,,,,,,,,18,,,,,,,,,,,,,,,,,,,,,
,,,,,,34,,,,,34,,,,,,,,,,,,,,,,,,,,,,,,34,,,,,,34,,,,,,,,,,,,,,,,,,,,,,,
,,,7,,,,,7,,,,,,,,,,,,,,,,,,,,,,,,7,,,,,,,,,7,,,,,,,,,,,,,,,,,,,,,,,
,,,,15,,,,,15,,,,,,,,,,,,,,,,,,,,,,15,,,,,,,,,,,,,15,,,,,,,,,,,,,,,,,,,,
,,,,,,21,,,21,,,,,,,,,,,,,,,,,,,,,,,,21,,,,,,,,,,,21,,,,,,,,,,,,,,,,,,,,
,,17,,,,,,,17,,,,,,,,,,,,,,,,,,,,,,,17,,,,,,,,,,,17,,,,,,,,,,,,,,,,,,,,,
,,,,,,37,,37,,,,,,,,,,,,,,,,,,,,,,,,37,,,,,,,,,,37,,,,,,,,,,,,,,,,,,,,,,
,,,,5,,,5,,,,,,,,,,,,,,,,,,,,,,,,,5,,,,,,,5,,,,,,,,,,,,,,,,,,,,,,,,,
,,,,2,,,,,,2,,,,,,,,,,,,,,,,,,,,,,,,2,,,,,2,,,,,,,,,,,,,,,,,,,,,,,,,
28,,,,,,,,,,,28,,,,,,,,,,,,,,,,,,,,,,,,,,28,,28,,,,,,,,,,,,,,,,,,,,,,,,,
,,,,,,4,,,,4,,,,,,,,,,,,,,,,,,,,,,,,,,4,,,4,,,,,,,,,,,,,,,,,,,,,,,,,
12,,,,,,,,,,,,12,,,,,,,,,,,,,,,,,,,,,,,,12,,,,,12,,,,,,,,,,,,,,,,,,,,,,,
,,,,,,18,,,,,,18,,,,,,,,,,,,,,,,,,,,,,18,,,,,,,,,18,,,,,,,,,,,,,,,,,,,,,
,,,8,,,,,,,,8,,,,,,,,,,,,,,,,,,,,,,,,,8,,,,8,,,,,,,,,,,,,,,,,,,,,,,,
,,,,,,34,,,,,34,,,,,,,,,,,,,,,,,,,,,,,,34,,,,,,34,,,,,,,,,,,,,,,,,,,,,,,
27,,,,,,,,27,,,,,,,,,,,,,,,,,,,,,,,,27,,,,,,,,27,,,,,,,,,,,,,,,,,,,,,,,,
11,,,,,,,,,11,,,,,,,,,,,,,,,,,,,,,,,,11,,,,,,,,,11,,,,,,,,,,,,,,,,,,,,,,
,,43,,,,,,,,43,,,,,,,,,,,,,,,,,,,,,,,,,,43,,43,,,,,,,,,,,,,,,,,,,,,,,,,,
,,17,,,,,,,17,,,,,,,,,,,,,,,,,,,,,,,17,,,,,,,,,,,17,,,,,,,,,,,,,,,,,,,,,
,,,,5,,,5,,,,,,,,,,,,,,,,,,,,,,,,,5,,,,,,,5,,,,,,,,,,,,,,,,,,,,,,,,,
,,,,,,4,,,,4,,,,,,,,,,,,,,,,,,,,,,,,,,4,,,4,,,,,,,,,,,,,,,,,,,,,,,,,
,25,,,,,,25,,,,,,,,,,,,,,,,,,,,,,,,,25,,,,,,25,,,,,,,,,,,,,,,,,,,,,,,,,,
,,,,,39,,,,39,,,,,,,,,,,,,,,,,,,,,,,39,,,,,,,,,,,,39,,,,,,,,,,,,,,,,,,,,
,,,,2,,,,,,2,,,,,,,,,,,,,,,,,,,,,,,,2,,,,,2,,,,,,,,,,,,,,,,,,,,,,,,,
,,,,,,18,,,,,,18,,,,,,,,,,,,,,,,,,,,,,18,,,,,,,,,18,,,,,,,,,,,,,,,,,,,,,
,,,,,,48,,,,,,,48,,,,,,,,,,,,,,,,,,,,,,,,48,,,,,,,48,,,,,,,,,,,,,,,,,,,,
,9,,,,,,,9,,,,,,,,,,,,,,,,,,,,,,,,,9,,,,,,,9,,,,,,,,,,,,,,,,,,,,,,,,
,,,,,,48,,,,,,,48,,,,,,,,,,,,,,,,,,,,,,,,48,,,,,,,48,,,,,,,,,,,,,,,,,,,,
,6,,,,,,,,,,6,,,,,,,,,,,,,,,,,,,,,,,6,,,,,,6,,,,,,,,,,,,,,,,,,,,,,,,
,19,,,,,,,,,19,,,,,,,,,,,,,,,,,,,,,,,,,19,,,19,,,,,,,,,,,,,,,,,,,,,,,,,,
,9,,,,,,,9,,,,,,,,,,,,,,,,,,,,,,,,,9,,,,,,,9,,,,,,,,,,,,,,,,,,,,,,,,
,36,,,,,,,,,,,36,,,,,,,,,,,,,,,,,,,,,,,,,36,,,,36,,,,,,,,,,,,,,,,,,,,,,,
,,14,,,,,,,,,,14,,,,,,,,,,,,,,,,,,,,,,14,,,,,,,,14,,,,,,,,,,,,,,,,,,,,,,
,,33,,,,,,33,,,,,,,,,,,,,,,,,,,,,,,33,,,,,,,,,,33,,,,,,,,,,,,,,,,,,,,,,,
,36,,,,,,,,,,,36,,,,,,,,,,,,,,,,,,,,,,,,,36,,,,36,,,,,,,,,,,,,,,,,,,,,,,
,,,,,13,,,13,,,,,,,,,,,,,,,,,,,,,,,13,,,,,,,,,,,13,,,,,,,,,,,,,,,,,,,,,,
,,,22,,,,,,,,,,22,,,,,,,,,,,,,,,,,,,,,22,,,,,,,,,,22,,,,,,,,,,,,,,,,,,,,
27,,,,,,,,27,,,,,,,,,,,,,,,,,,,,,,,,27,,,,,,,,27,,,,,,,,,,,,,,,,,,,,,,,,
,,17,,,,,,,17,,,,,,,,,,,,,,,,,,,,,,,17,,,,,,,,,,,17,,,,,,,,,,,,,,,,,,,,,
,,,,,,34,,,,,34,,,,,,,,,,,,,,,,,,,,,,,,34,,,,,,34,,,,,,,,,,,,,,,,,,,,,,,
,36,,,,,,,,,,,36,,,,,,,,,,,,,,,,,,,,,,,,,36,,,,36,,,,,,,,,,,,,,,,,,,,,,,
,6,,,,,,,,,,6,,,,,,,,,,,,,,,,,,,,,,,6,,,,,,6,,,,,,,,,,,,,,,,,,,,,,,,
,,,38,,,,,,,,,38,,,,,,,,,,,,,,,,,,,,,,,38,,,,,,,38,,,,,,,,,,,,,,,,,,,,,,
27,,,,,,,,27,,,,,,,,,,,,,,,,,,,,,,,,27,,,,,,,,27,,,,,,,,,,,,,,,,,,,,,,,,
,,,23,,,,23,,,,,,,,,,,,,,,,,,,,,,,,23,,,,,,,,23,,,,,,,,,,,,,,,,,,,,,,,,,
,,,7,,,,,7,,,,,,,,,,,,,,,,,,,,,,,,7,,,,,,,,,7,,,,,,,,,,,,,,,,,,,,,,,
,,,,2,,,,,,2,,,,,,,,,,,,,,,,,,,,,,,,2,,,,,2,,,,,,,,,,,,,,,,,,,,,,,,,
,,30,,,,,,,,,30,,,,,,,,,,,,,,,,,,,,,,,,30,,,,,30,,,,,,,,,,,,,,,,,,,,,,,,
28,,,,,,,,,,,28,,,,,,,,,,,,,,,,,,,,,,,,,,28,,28,,,,,,,,,,,,,,,,,,,,,,,,,
,,,,5,,,5,,,,,,,,,,,,,,,,,,,,,,,,,5,,,,,,,5,,,,,,,,,,,,,,,,,,,,,,,,,
1,,,,,,,1,,,,,,,,,,,,,,,,,,,,,,,,1,,,,,,,1,,,,,,,,,,,,,,,,,,,,,,,,,,
,,44,,,,,,,,,,,44,,,,,,,,,,,,,,,,,,,,,,,,44,,,,,,44,,,,,,,,,,,,,,,,,,,,,
,,,,,39,,,,39,,,,,,,,,,,,,,,,,,,,,,,39,,,,,,,,,,,,39,,,,,,,,,,,,,,,,,,,,
,,30,,,,,,,,,30,,,,,,,,,,,,,,,,,,,,,,,,30,,,,,30,,,,,,,,,,,,,,,,,,,,,,,,
,,,,,39,,,,39,,,,,,,,,,,,,,,,,,,,,,,39,,,,,,,,,,,,39,,,,,,,,,,,,,,,,,,,,
,,,22,,,,,,,,,,22,,,,,,,,,,,,,,,,,,,,,22,,,,,,,,,,22,,,,,,,,,,,,,,,,,,,,
,,17,,,,,,,17,,,,,,,,,,,,,,,,,,,,,,,17,,,,,,,,,,,17,,,,,,,,,,,,,,,,,,,,,
,,14,,,,,,,,,,14,,,,,,,,,,,,,,,,,,,,,,14,,,,,,,,14,,,,,,,,,,,,,,,,,,,,,,
,,,,,13,,,13,,,,,,,,,,,,,,,,,,,,,,,13,,,,,,,,,,,13,,,,,,,,,,,,,,,,,,,,,,
,,17,,,,,,,17,,,,,,,,,,,,,,,,,,,,,,,17,,,,,,,,,,,17,,,,,,,,,,,,,,,,,,,,,
,,49,,,,,49,,,,,,,,,,,,,,,,,,,,,,,,,,49,,,,,49,,,,,,,,,,,,,,,,,,,,,,,,,,
,,,8,,,,,,,,8,,,,,,,,,,,,,,,,,,,,,,,,,8,,,,8,,,,,,,,,,,,,,,,,,,,,,,,
42,,,,,,,,,,,,,42,,,,,,,,,,,,,,,,,,,,,,42,,,,,,,,42,,,,,,,,,,,,,,,,,,,,,
,25,,,,,,25,,,,,,,,,,,,,,,,,,,,,,,,,25,,,,,,25,,,,,,,,,,,,,,,,,,,,,,,,,,
,,44,,,,,,,,,,,44,,,,,,,,,,,,,,,,,,,,,,,,44,,,,,,44,,,,,,,,,,,,,,,,,,,,,
,,,,,,34,,,,,34,,,,,,,,,,,,,,,,,,,,,,,,34,,,,,,34,,,,,,,,,,,,,,,,,,,,,,,
,20,,,,,,,,,,,,20,,,,,,,,,,,,,,,,,,,,,,,20,,,,,,,20,,,,,,,,,,,,,,,,,,,,,
,,30,,,,,,,,,30,,,,,,,,,,,,,,,,,,,,,,,,30,,,,,30,,,,,,,,,,,,,,,,,,,,,,,,
,,,,,,21,,,21,,,,,,,,,,,,,,,,,,,,,,,,21,,,,,,,,,,,21,,,,,,,,,,,,,,,,,,,,
,,49,,,,,49,,,,,,,,,,,,,,,,,,,,,,,,,,49,,,,,49,,,,,,,,,,,,,,,,,,,,,,,,,,
42,,,,,,,,,,,,,42,,,,,,,,,,,,,,,,,,,,,,42,,,,,,,,42,,,,,,,,,,,,,,,,,,,,,
,,,,,,48,,,,,,,48,,,,,,,,,,,,,,,,,,,,,,,,48,,,,,,,48,,,,,,,,,,,,,,,,,,,,
42,,,,,,,,,,,,,42,,,,,,,,,,,,,,,,,,,,,,42,,,,,,,,42,,,,,,,,,,,,,,,,,,,,,
,9,,,,,,,9,,,,,,,,,,,,,,,,,,,,,,,,,9,,,,,,,9,,,,,,,,,,,,,,,,,,,,,,,,
,,,,31,,,,31,,,,,,,,,,,,,,,,,,,,,,,,,31,,,,,,,,31,,,,,,,,,,,,,,,,,,,,,,,
,,44,,,,,,,,,,,44,,,,,,,,,,,,,,,,,,,,,,,,44,,,,,,44,,,,,,,,,,,,,,,,,,,,,
,,,23,,,,23,,,,,,,,,,,,,,,,,,,,,,,,23,,,,,,,,23,,,,,,,,,,,,,,,,,,,,,,,,,
1,,,,,,,1,,,,,,,,,,,,,,,,,,,,,,,,1,,,,,,,1,,,,,,,,,,,,,,,,,,,,,,,,,,
,36,,,,,,,,,,,36,,,,,,,,,,,,,,,,,,,,,,,,,36,,,,36,,,,,,,,,,,,,,,,,,,,,,,
,,,,46,,,,,,,,,46,,,,,,,,,,,,,,,,,,,,,,46,,,,,,,,,46,,,,,,,,,,,,,,,,,,,,
,,33,,,,,,33,,,,,,,,,,,,,,,,,,,,,,,33,,,,,,,,,,33,,,,,,,,,,,,,,,,,,,,,,,
,20,,,,,,,,,,,,20,,,,,,,,,,,,,,,,,,,,,,,20,,,,,,,20,,,,,,,,,,,,,,,,,,,,,
,,,,16,,,,,,,,16,,,,,,,,,,,,,,,,,,,,,,,,16,,,,,,16,,,,,,,,,,,,,,,,,,,,,,
,36,,,,,,,,,,,36,,,,,,,,,,,,,,,,,,,,,,,,,36,,,,36,,,,,,,,,,,,,,,,,,,,,,,
,,17,,,,,,,17,,,,,,,,,,,,,,,,,,,,,,,17,,,,,,,,,,,17,,,,,,,,,,,,,,,,,,,,,
,,,,,,37,,37,,,,,,,,,,,,,,,,,,,,,,,,37,,,,,,,,,,37,,,,,,,,,,,,,,,,,,,,,,
,6,,,,,,,,,,6,,,,,,,,,,,,,,,,,,,,,,,6,,,,,,6,,,,,,,,,,,,,,,,,,,,,,,,
,,17,,,,,,,17,,,,,,,,,,,,,,,,,,,,,,,17,,,,,,,,,,,17,,,,,,,,,,,,,,,,,,,,,
,36,,,,,,,,,,,36,,,,,,,,,,,,,,,,,,,,,,,,,36,,,,36,,,,,,,,,,,,,,,,,,,,,,,
,,33,,,,,,33,,,,,,,,,,,,,,,,,,,,,,,33,,,,,,,,,,33,,,,,,,,,,,,,,,,,,,,,,,
,,49,,,,,49,,,,,,,,,,,,,,,,,,,,,,,,,,49,,,,,49,,,,,,,,,,,,,,,,,,,,,,,,,,
,,,41,,,,,,41,,,,,,,,,,,,,,,,,,,,,,,,41,,,,,,,,,,41,,,,,,,,,,,,,,,,,,,,,
,,,,31,,,,31,,,,,,,,,,,,,,,,,,,,,,,,,31,,,,,,,,31,,,,,,,,,,,,,,,,,,,,,,,
,19,,,,,,,,,19,,,,,,,,,,,,,,,,,,,,,,,,,19,,,19,,,,,,,,,,,,,,,,,,,,,,,,,,
,,,,,,34,,,,,34,,,,,,,,,,,,,,,,,,,,,,,,34,,,,,,34,,,,,,,,,,,,,,,,,,,,,,,
,,,,,,34,,,,,34,,,,,,,,,,,,,,,,,,,,,,,,34,,,,,,34,,,,,,,,,,,,,,,,,,,,,,,
,,,,,,4,,,,4,,,,,,,,,,,,,,,,,,,,,,,,,,4,,,4,,,,,,,,,,,,,,,,,,,,,,,,,
,,,,15,,,,,15,,,,,,,,,,,,,,,,,,,,,,15,,,,,,,,,,,,,15,,,,,,,,,,,,,,,,,,,,
,20,,,,,,,,,,,,20,,,,,,,,,,,,,,,,,,,,,,,20,,,,,,,20,,,,,,,,,,,,,,,,,,,,,
,,30,,,,,,,,,30,,,,,,,,,,,,,,,,,,,,,,,,30,,,,,30,,,,,,,,,,,,,,,,,,,,,,,,
,20,,,,,,,,,,,,20,,,,,,,,,,,,,,,,,,,,,,,20,,,,,,,20,,,,,,,,,,,,,,,,,,,,,
,,,38,,,,,,,,,38,,,,,,,,,,,,,,,,,,,,,,,38,,,,,,,38,,,,,,,,,,,,,,,,,,,,,,
12,,,,,,,,,,,,12,,,,,,,,,,,,,,,,,,,,,,,,12,,,,,12,,,,,,,,,,,,,,,,,,,,,,,
,,49,,,,,49,,,,,,,,,,,,,,,,,,,,,,,,,,49,,,,,49,,,,,,,,,,,,,,,,,,,,,,,,,,
,,,,,,18,,,,,,18,,,,,,,,,,,,,,,,,,,,,,18,,,,,,,,,18,,,,,,,,,,,,,,,,,,,,,
,,,,,26,,,,,26,,,,,,,,,,,,,,,,,,,,,,,,,26,,,,26,,,,,,,,,,,,,,,,,,,,,,,,,
,,30,,,,,,,,,30,,,,,,,,,,,,,,,,,,,,,,,,30,,,,,30,,,,,,,,,,,,,,,,,,,,,,,,
,,,,,40,,,,,,,40,,,,,,,,,,,,,,,,,,,,,,,,,40,,,,,40,,,,,,,,,,,,,,,,,,,,,,
,,17,,,,,,,17,,,,,,,,,,,,,,,,,,,,,,,17,,,,,,,,,,,17,,,,,,,,,,,,,,,,,,,,,
,,,,,,21,,,21,,,,,,,,,,,,,,,,,,,,,,,,21,,,,,,,,,,,21,,,,,,,,,,,,,,,,,,,,
,36,,,,,,,,,,,36,,,,,,,,,,,,,,,,,,,,,,,,,36,,,,36,,,,,,,,,,,,,,,,,,,,,,,
,20,,,,,,,,,,,,20,,,,,,,,,,,,,,,,,,,,,,,20,,,,,,,20,,,,,,,,,,,,,,,,,,,,,
,,,,,,21,,,21,,,,,,,,,,,,,,,,,,,,,,,,21,,,,,,,,,,,21,,,,,,,,,,,,,,,,,,,,
,,,,16,,,,,,,,16,,,,,,,,,,,,,,,,,,,,,,,,16,,,,,,16,,,,,,,,,,,,,,,,,,,,,,
,,,,46,,,,,,,,,46,,,,,,,,,,,,,,,,,,,,,,46,,,,,,,,,46,,,,,,,,,,,,,,,,,,,,
,,,,32,,,,,,,32,,,,,,,,,,,,,,,,,,,,,,,,,,32,,,32,,,,,,,,,,,,,,,,,,,,,,,,
,,,,,,48,,,,,,,48,,,,,,,,,,,,,,,,,,,,,,,,48,,,,,,,48,,,,,,,,,,,,,,,,,,,,
,36,,,,,,,,,,,36,,,,,,,,,,,,,,,,,,,,,,,,,36,,,,36,,,,,,,,,,,,,,,,,,,,,,,
,,,,,,4,,,,4,,,,,,,,,,,,,,,,,,,,,,,,,,4,,,4,,,,,,,,,,,,,,,,,,,,,,,,,
,,,,,13,,,13,,,,,,,,,,,,,,,,,,,,,,,13,,,,,,,,,,,13,,,,,,,,,,,,,,,,,,,,,,
,,,,,,18,,,,,,18,,,,,,,,,,,,,,,,,,,,,,18,,,,,,,,,18,,,,,,,,,,,,,,,,,,,,,
,9,,,,,,,9,,,,,,,,,,,,,,,,,,,,,,,,,9,,,,,,,9,,,,,,,,,,,,,,,,,,,,,,,,
,,14,,,,,,,,,,14,,,,,,,,,,,,,,,,,,,,,,14,,,,,,,,14,,,,,,,,,,,,,,,,,,,,,,
,,,,,,21,,,21,,,,,,,,,,,,,,,,,,,,,,,,21,,,,,,,,,,,21,,,,,,,,,,,,,,,,,,,,
,,,,,29,,29,,,,,,,,,,,,,,,,,,,,,,,,,,29,,,,,,29,,,,,,,,,,,,,,,,,,,,,,,,,
,20,,,,,,,,,,,,20,,,,,,,,,,,,,,,,,,,,,,,20,,,,,,,20,,,,,,,,,,,,,,,,,,,,,
,,,,16,,,,,,,,16,,,,,,,,,,,,,,,,,,,,,,,,16,,,,,,16,,,,,,,,,,,,,,,,,,,,,,
27,,,,,,,,27,,,,,,,,,,,,,,,,,,,,,,,,27,,,,,,,,27,,,,,,,,,,,,,,,,,,,,,,,,
,,,,,29,,29,,,,,,,,,,,,,,,,,,,,,,,,,,29,,,,,,29,,,,,,,,,,,,,,,,,,,,,,,,,
47,,,,,,,,,,47,,,,,,,,,,,,,,,,,,,,,,,,47,,,,47,,,,,,,,,,,,,,,,,,,,,,,,,,
27,,,,,,,,27,,,,,,,,,,,,,,,,,,,,,,,,27,,,,,,,,27,,,,,,,,,,,,,,,,,,,,,,,,
,,,,,39,,,,39,,,,,,,,,,,,,,,,,,,,,,,39,,,,,,,,,,,,39,,,,,,,,,,,,,,,,,,,,
,6,,,,,,,,,,6,,,,,,,,,,,,,,,,,,,,,,,6,,,,,,6,,,,,,,,,,,,,,,,,,,,,,,,
,,,,5,,,5,,,,,,,,,,,,,,,,,,,,,,,,,5,,,,,,,5,,,,,,,,,,,,,,,,,,,,,,,,,
,,14,,,,,,,,,,14,,,,,,,,,,,,,,,,,,,,,,14,,,,,,,,14,,,,,,,,,,,,,,,,,,,,,,
,,,,,,21,,,21,,,,,,,,,,,,,,,,,,,,,,,,21,,,,,,,,,,,21,,,,,,,,,,,,,,,,,,,,
,,43,,,,,,,,43,,,,,,,,,,,,,,,,,,,,,,,,,,43,,43,,,,,,,,,,,,,,,,,,,,,,,,,,
,,,,46,,,,,,,,,46,,,,,,,,,,,,,,,,,,,,,,46,,,,,,,,,46,,,,,,,,,,,,,,,,,,,,
,25,,,,,,25,,,,,,,,,,,,,,,,,,,,,,,,,25,,,,,,25,,,,,,,,,,,,,,,,,,,,,,,,,,
,,17,,,,,,,17,,,,,,,,,,,,,,,,,,,,,,,17,,,,,,,,,,,17,,,,,,,,,,,,,,,,,,,,,
,,,,,,21,,,21,,,,,,,,,,,,,,,,,,,,,,,,21,,,,,,,,,,,21,,,,,,,,,,,,,,,,,,,,
,,33,,,,,,33,,,,,,,,,,,,,,,,,,,,,,,33,,,,,,,,,,33,,,,,,,,,,,,,,,,,,,,,,,
,,30,,,,,,,,,30,,,,,,,,,,,,,,,,,,,,,,,,30,,,,,30,,,,,,,,,,,,,,,,,,,,,,,,
,,44,,,,,,,,,,,44,,,,,,,,,,,,,,,,,,,,,,,,44,,,,,,44,,,,,,,,,,,,,,,,,,,,,
,,,7,,,,,7,,,,,,,,,,,,,,,,,,,,,,,,7,,,,,,,,,7,,,,,,,,,,,,,,,,,,,,,,,
,6,,,,,,,,,,6,,,,,,,,,,,,,,,,,,,,,,,6,,,,,,6,,,,,,,,,,,,,,,,,,,,,,,,
,,,,,,18,,,,,,18,,,,,,,,,,,,,,,,,,,,,,18,,,,,,,,,18,,,,,,,,,,,,,,,,,,,,,
,,,45,,,,,,,45,,,,,,,,,,,,,,,,,,,,,,,,,,,45,45,,,,,,,,,,,,,,,,,,,,,,,,,,
,,,,,,37,,37,,,,,,,,,,,,,,,,,,,,,,,,37,,,,,,,,,,37,,,,,,,,,,,,,,,,,,,,,,
,,,,,39,,,,39,,,,,,,,,,,,,,,,,,,,,,,39,,,,,,,,,,,,39,,,,,,,,,,,,,,,,,,,,
,,14,,,,,,,,,,14,,,,,,,,,,,,,,,,,,,,,,14,,,,,,,,14,,,,,,,,,,,,,,,,,,,,,,
,19,,,,,,,,,19,,,,,,,,,,,,,,,,,,,,,,,,,19,,,19,,,,,,,,,,,,,,,,,,,,,,,,,,
,,30,,,,,,,,,30,,,,,,,,,,,,,,,,,,,,,,,,30,,,,,30,,,,,,,,,,,,,,,,,,,,,,,,
11,,,,,,,,,11,,,,,,,,,,,,,,,,,,,,,,,,11,,,,,,,,,11,,,,,,,,,,,,,,,,,,,,,,
,35,,,,,,,,35,,,,,,,,,,,,,,,,,,,,,,35,,,,,,,,,,,,35,,,,,,,,,,,,,,,,,,,,,
,,,45,,,,,,,45,,,,,,,,,,,,,,,,,,,,,,,,,,,45,45,,,,,,,,,,,,,,,,,,,,,,,,,,
,,14,,,,,,,,,,14,,,,,,,,,,,,,,,,,,,,,,14,,,,,,,,14,,,,,,,,,,,,,,,,,,,,,,
,,,,5,,,5,,,,,,,,,,,,,,,,,,,,,,,,,5,,,,,,,5,,,,,,,,,,,,,,,,,,,,,,,,,
,,44,,,,,,,,,,,44,,,,,,,,,,,,,,,,,,,,,,,,44,,,,,,44,,,,,,,,,,,,,,,,,,,,,
,,,,,,34,,,,,34,,,,,,,,,,,,,,,,,,,,,,,,34,,,,,,34,,,,,,,,,,,,,,,,,,,,,,,
,,,22,,,,,,,,,,22,,,,,,,,,,,,,,,,,,,,,22,,,,,,,,,,22,,,,,,,,,,,,,,,,,,,,
,,,38,,,,,,,,,38,,,,,,,,,,,,,,,,,,,,,,,38,,,,,,,38,,,,,,,,,,,,,,,,,,,,,,
,,,,,40,,,,,,,40,,,,,,,,,,,,,,,,,,,,,,,,,40,,,,,40,,,,,,,,,,,,,,,,,,,,,,
27,,,,,,,,27,,,,,,,,,,,,,,,,,,,,,,,,27,,,,,,,,27,,,,,,,,,,,,,,,,,,,,,,,,
,,30,,,,,,,,,30,,,,,,,,,,,,,,,,,,,,,,,,30,,,,,30,,,,,,,,,,,,,,,,,,,,,,,,
,,30,,,,,,,,,30,,,,,,,,,,,,,,,,,,,,,,,,30,,,,,30,,,,,,,,,,,,,,,,,,,,,,,,
27,,,,,,,,27,,,,,,,,,,,,,,,,,,,,,,,,27,,,,,,,,27,,,,,,,,,,,,,,,,,,,,,,,,
27,,,,,,,,27,,,,,,,,,,,,,,,,,,,,,,,,27,,,,,,,,27,,,,,,,,,,,,,,,,,,,,,,,,
,,14,,,,,,,,,,14,,,,,,,,,,,,,,,,,,,,,,14,,,,,,,,14,,,,,,,,,,,,,,,,,,,,,,
,,,,,,4,,,,4,,,,,,,,,,,,,,,,,,,,,,,,,,4,,,4,,,,,,,,,,,,,,,,,,,,,,,,,
,6,,,,,,,,,,6,,,,,,,,,,,,,,,,,,,,,,,6,,,,,,6,,,,,,,,,,,,,,,,,,,,,,,,
,36,,,,,,,,,,,36,,,,,,,,,,,,,,,,,,,,,,,,,36,,,,36,,,,,,,,,,,,,,,,,,,,,,,
11,,,,,,,,,11,,,,,,,,,,,,,,,,,,,,,,,,11,,,,,,,,,11,,,,,,,,,,,,,,,,,,,,,,
,25,,,,,,25,,,,,,,,,,,,,,,,,,,,,,,,,25,,,,,,25,,,,,,,,,,,,,,,,,,,,,,,,,,
,,,,,,3,3,,,,,,,,,,,,,,,,,,,,,,,,3,,,,,,,,,3,,,,,,,,,,,,,,,,,,,,,,,,
,,,,31,,,,31,,,,,,,,,,,,,,,,,,,,,,,,,31,,,,,,,,31,,,,,,,,,,,,,,,,,,,,,,,
,6,,,,,,,,,,6,,,,,,,,,,,,,,,,,,,,,,,6,,,,,,6,,,,,,,,,,,,,,,,,,,,,,,,
,25,,,,,,25,,,,,,,,,,,,,,,,,,,,,,,,,25,,,,,,25,,,,,,,,,,,,,,,,,,,,,,,,,,
,,,,,13,,,13,,,,,,,,,,,,,,,,,,,,,,,13,,,,,,,,,,,13,,,,,,,,,,,,,,,,,,,,,,
27,,,,,,,,27,,,,,,,,,,,,,,,,,,,,,,,,27,,,,,,,,27,,,,,,,,,,,,,,,,,,,,,,,,
42,,,,,,,,,,,,,42,,,,,,,,,,,,,,,,,,,,,,42,,,,,,,,42,,,,,,,,,,,,,,,,,,,,,
,,,,,,3,3,,,,,,,,,,,,,,,,,,,,,,,,3,,,,,,,,,3,,,,,,,,,,,,,,,,,,,,,,,,
,,14,,,,,,,,,,14,,,,,,,,,,,,,,,,,,,,,,14,,,,,,,,14,,,,,,,,,,,,,,,,,,,,,,
,,,,16,,,,,,,,16,,,,,,,,,,,,,,,,,,,,,,,,16,,,,,,16,,,,,,,,,,,,,,,,,,,,,,
,,,,46,,,,,,,,,46,,,,,,,,,,,,,,,,,,,,,,46,,,,,,,,,46,,,,,,,,,,,,,,,,,,,,
,,14,,,,,,,,,,14,,,,,,,,,,,,,,,,,,,,,,14,,,,,,,,14,,,,,,,,,,,,,,,,,,,,,,
,,30,,,,,,,,,30,,,,,,,,,,,,,,,,,,,,,,,,30,,,,,30,,,,,,,,,,,,,,,,,,,,,,,,
,25,,,,,,25,,,,,,,,,,,,,,,,,,,,,,,,,25,,,,,,25,,,,,,,,,,,,,,,,,,,,,,,,,,
,,30,,,,,,,,,30,,,,,,,,,,,,,,,,,,,,,,,,30,,,,,30,,,,,,,,,,,,,,,,,,,,,,,,
,,,,,,48,,,,,,,48,,,,,,,,,,,,,,,,,,,,,,,,48,,,,,,,48,,,,,,,,,,,,,,,,,,,,
,,,,5,,,5,,,,,,,,,,,,,,,,,,,,,,,,,5,,,,,,,5,,,,,,,,,,,,,,,,,,,,,,,,,
,,,8,,,,,,,,8,,,,,,,,,,,,,,,,,,,,,,,,,8,,,,8,,,,,,,,,,,,,,,,,,,,,,,,
,,,7,,,,,7,,,,,,,,,,,,,,,,,,,,,,,,7,,,,,,,,,7,,,,,,,,,,,,,,,,,,,,,,,
,,,7,,,,,7,,,,,,,,,,,,,,,,,,,,,,,,7,,,,,,,,,7,,,,,,,,,,,,,,,,,,,,,,,
,6,,,,,,,,,,6,,,,,,,,,,,,,,,,,,,,,,,6,,,,,,6,,,,,,,,,,,,,,,,,,,,,,,,
,19,,,,,,,,,19,,,,,,,,,,,,,,,,,,,,,,,,,19,,,19,,,,,,,,,,,,,,,,,,,,,,,,,,
42,,,,,,,,,,,,,42,,,,,,,,,,,,,,,,,,,,,,42,,,,,,,,42,,,,,,,,,,,,,,,,,,,,,
1,,,,,,,1,,,,,,,,,,,,,,,,,,,,,,,,1,,,,,,,1,,,,,,,,,,,,,,,,,,,,,,,,,,
,35,,,,,,,,35,,,,,,,,,,,,,,,,,,,,,,35,,,,,,,,,,,,35,,,,,,,,,,,,,,,,,,,,,
,,,,31,,,,31,,,,,,,,,,,,,,,,,,,,,,,,,31,,,,,,,,31,,,,,,,,,,,,,,,,,,,,,,,
,,,,15,,,,,15,,,,,,,,,,,,,,,,,,,,,,15,,,,,,,,,,,,,15,,,,,,,,,,,,,,,,,,,,
,6,,,,,,,,,,6,,,,,,,,,,,,,,,,,,,,,,,6,,,,,,6,,,,,,,,,,,,,,,,,,,,,,,,
27,,,,,,,,27,,,,,,,,,,,,,,,,,,,,,,,,27,,,,,,,,27,,,,,,,,,,,,,,,,,,,,,,,,
,,,,,40,,,,,,,40,,,,,,,,,,,,,,,,,,,,,,,,,40,,,,,40,,,,,,,,,,,,,,,,,,,,,,
,,,,15,,,,,15,,,,,,,,,,,,,,,,,,,,,,15,,,,,,,,,,,,,15,,,,,,,,,,,,,,,,,,,,
,,,,,,21,,,21,,,,,,,,,,,,,,,,,,,,,,,,21,,,,,,,,,,,21,,,,,,,,,,,,,,,,,,,,
,,,7,,,,,7,,,,,,,,,,,,,,,,,,,,,,,,7,,,,,,,,,7,,,,,,,,,,,,,,,,,,,,,,,
,,,,,,48,,,,,,,48,,,,,,,,,,,,,,,,,,,,,,,,48,,,,,,,48,,,,,,,,,,,,,,,,,,,,
,36,,,,,,,,,,,36,,,,,,,,,,,,,,,,,,,,,,,,,36,,,,36,,,,,,,,,,,,,,,,,,,,,,,
,20,,,,,,,,,,,,20,,,,,,,,,,,,,,,,,,,,,,,20,,,,,,,20,,,,,,,,,,,,,,,,,,,,,
,,,,,,21,,,21,,,,,,,,,,,,,,,,,,,,,,,,21,,,,,,,,,,,21,,,,,,,,,,,,,,,,,,,,
,20,,,,,,,,,,,,20,,,,,,,,,,,,,,,,,,,,,,,20,,,,,,,20,,,,,,,,,,,,,,,,,,,,,
,20,,,,,,,,,,,,20,,,,,,,,,,,,,,,,,,,,,,,20,,,,,,,20,,,,,,,,,,,,,,,,,,,,,
47,,,,,,,,,,47,,,,,,,,,,,,,,,,,,,,,,,,47,,,,47,,,,,,,,,,,,,,,,,,,,,,,,,,
,36,,,,,,,,,,,36,,,,,,,,,,,,,,,,,,,,,,,,,36,,,,36,,,,,,,,,,,,,,,,,,,,,,,
,,,8,,,,,,,,8,,,,,,,,,,,,,,,,,,,,,,,,,8,,,,8,,,,,,,,,,,,,,,,,,,,,,,,
,,43,,,,,,,,43,,,,,,,,,,,,,,,,,,,,,,,,,,43,,43,,,,,,,,,,,,,,,,,,,,,,,,,,
,,44,,,,,,,,,,,44,,,,,,,,,,,,,,,,,,,,,,,,44,,,,,,44,,,,,,,,,,,,,,,,,,,,,
,,,,,10,,,,,,10,,,,,,,,,,,,,,,,,,,,,,,10,,,,,,,10,,,,,,,,,,,,,,,,,,,,,,,
,,49,,,,,49,,,,,,,,,,,,,,,,,,,,,,,,,,49,,,,,49,,,,,,,,,,,,,,,,,,,,,,,,,,
,,,,,13,,,13,,,,,,,,,,,,,,,,,,,,,,,13,,,,,,,,,,,13,,,,,,,,,,,,,,,,,,,,,,
,,14,,,,,,,,,,14,,,,,,,,,,,,,,,,,,,,,,14,,,,,,,,14,,,,,,,,,,,,,,,,,,,,,,
,,,,,40,,,,,,,40,,,,,,,,,,,,,,,,,,,,,,,,,40,,,,,40,,,,,,,,,,,,,,,,,,,,,,
,19,,,,,,,,,19,,,,,,,,,,,,,,,,,,,,,,,,,19,,,19,,,,,,,,,,,,,,,,,,,,,,,,,,
,,,38,,,,,,,,,38,,,,,,,,,,,,,,,,,,,,,,,38,,,,,,,38,,,,,,,,,,,,,,,,,,,,,,
28,,,,,,,,,,,28,,,,,,,,,,,,,,,,,,,,,,,,,,28,,28,,,,,,,,,,,,,,,,,,,,,,,,,
,,14,,,,,,,,,,14,,,,,,,,,,,,,,,,,,,,,,14,,,,,,,,14,,,,,,,,,,,,,,,,,,,,,,
11,,,,,,,,,11,,,,,,,,,,,,,,,,,,,,,,,,11,,,,,,,,,11,,,,,,,,,,,,,,,,,,,,,,
,,,,,,37,,37,,,,,,,,,,,,,,,,,,,,,,,,37,,,,,,,,,,37,,,,,,,,,,,,,,,,,,,,,,
,,,,32,,,,,,,32,,,,,,,,,,,,,,,,,,,,,,,,,,32,,,32,,,,,,,,,,,,,,,,,,,,,,,,
11,,,,,,,,,11,,,,,,,,,,,,,,,,,,,,,,,,11,,,,,,,,,11,,,,,,,,,,,,,,,,,,,,,,
,,,,15,,,,,15,,,,,,,,,,,,,,,,,,,,,,15,,,,,,,,,,,,,15,,,,,,,,,,,,,,,,,,,,
,,,,16,,,,,,,,16,,,,,,,,,,,,,,,,,,,,,,,,16,,,,,,16,,,,,,,,,,,,,,,,,,,,,,
,,,,,,18,,,,,,18,,,,,,,,,,,,,,,,,,,,,,18,,,,,,,,,18,,,,,,,,,,,,,,,,,,,,,
,,,,,13,,,13,,,,,,,,,,,,,,,,,,,,,,,13,,,,,,,,,,,13,,,,,,,,,,,,,,,,,,,,,,
47,,,,,,,,,,47,,,,,,,,,,,,,,,,,,,,,,,,47,,,,47,,,,,,,,,,,,,,,,,,,,,,,,,,
,,49,,,,,49,,,,,,,,,,,,,,,,,,,,,,,,,,49,,,,,49,,,,,,,,,,,,,,,,,,,,,,,,,,
,6,,,,,,,,,,6,,,,,,,,,,,,,,,,,,,,,,,6,,,,,,6,,,,,,,,,,,,,,,,,,,,,,,,
,25,,,,,,25,,,,,,,,,,,,,,,,,,,,,,,,,25,,,,,,25,,,,,,,,,,,,,,,,,,,,,,,,,,
1,,,,,,,1,,,,,,,,,,,,,,,,,,,,,,,,1,,,,,,,1,,,,,,,,,,,,,,,,,,,,,,,,,,
,,,,31,,,,31,,,,,,,,,,,,,,,,,,,,,,,,,31,,,,,,,,31,,,,,,,,,,,,,,,,,,,,,,,
,,,,32,,,,,,,32,,,,,,,,,,,,,,,,,,,,,,,,,,32,,,32,,,,,,,,,,,,,,,,,,,,,,,,
,35,,,,,,,,35,,,,,,,,,,,,,,,,,,,,,,35,,,,,,,,,,,,35,,,,,,,,,,,,,,,,,,,,,
,,,,,29,,29,,,,,,,,,,,,,,,,,,,,,,,,,,29,,,,,,29,,,,,,,,,,,,,,,,,,,,,,,,,
27,,,,,,,,27,,,,,,,,,,,,,,,,,,,,,,,,27,,,,,,,,27,,,,,,,,,,,,,,,,,,,,,,,,
,,,23,,,,23,,,,,,,,,,,,,,,,,,,,,,,,23,,,,,,,,23,,,,,,,,,,,,,,,,,,,,,,,,,
,,,38,,,,,,,,,38,,,,,,,,,,,,,,,,,,,,,,,38,,,,,,,38,,,,,,,,,,,,,,,,,,,,,,
,,,,,24,,,,,,,,24,,,,,,,,,,,,,,,,,,,,,,,24,,,,,,,,24,,,,,,,,,,,,,,,,,,,,
47,,,,,,,,,,47,,,,,,,,,,,,,,,,,,,,,,,,47,,,,47,,,,,,,,,,,,,,,,,,,,,,,,,,
,,,7,,,,,7,,,,,,,,,,,,,,,,,,,,,,,,7,,,,,,,,,7,,,,,,,,,,,,,,,,,,,,,,,
,,,,,,,,,,,,,,,,,,,,,,,,,,,,,,,,,,,,,,,,,,,,,,,,,,,,,,,,,,,,,,,,
,,,,,,48,,,,,,,48,,,,,,,,,,,,,,,,,,,,,,,,48,,,,,,,48,,,,,,,,,,,,,,,,,,,,
,,,,,39,,,,39,,,,,,,,,,,,,,,,,,,,,,,39,,,,,,,,,,,,39,,,,,,,,,,,,,,,,,,,,
,,,,,,,,,,,,,,,,,,,,,,,,,,,,,,,,,,,,,,,,,,,,,,,,,,,,,,,,,,,,,,,,
,,33,,,,,,33,,,,,,,,,,,,,,,,,,,,,,,33,,,,,,,,,,33,,,,,,,,,,,,,,,,,,,,,,,
,,,,,,18,,,,,,18,,,,,,,,,,,,,,,,,,,,,,18,,,,,,,,,18,,,,,,,,,,,,,,,,,,,,,
,25,,,,,,25,,,,,,,,,,,,,,,,,,,,,,,,,25,,,,,,25,,,,,,,,,,,,,,,,,,,,,,,,,,
42,,,,,,,,,,,,,42,,,,,,,,,,,,,,,,,,,,,,42,,,,,,,,42,,,,,,,,,,,,,,,,,,,,,
,,,,,10,,,,,,10,,,,,,,,,,,,,,,,,,,,,,,10,,,,,,,10,,,,,,,,,,,,,,,,,,,,,,,
,,,,,,18,,,,,,18,,,,,,,,,,,,,,,,,,,,,,18,,,,,,,,,18,,,,,,,,,,,,,,,,,,,,,
,,,,31,,,,31,,,,,,,,,,,,,,,,,,,,,,,,,31,,,,,,,,31,,,,,,,,,,,,,,,,,,,,,,,
,,33,,,,,,33,,,,,,,,,,,,,,,,,,,,,,,33,,,,,,,,,,33,,,,,,,,,,,,,,,,,,,,,,,
,,,,31,,,,31,,,,,,,,,,,,,,,,,,,,,,,,,31,,,,,,,,31,,,,,,,,,,,,,,,,,,,,,,,
,,33,,,,,,33,,,,,,,,,,,,,,,,,,,,,,,33,,,,,,,,,,33,,,,,,,,,,,,,,,,,,,,,,,
,,,,,,3,3,,,,,,,,,,,,,,,,,,,,,,,,3,,,,,,,,,3,,,,,,,,,,,,,,,,,,,,,,,,
,,43,,,,,,,,43,,,,,,,,,,,,,,,,,,,,,,,,,,43,,43,,,,,,,,,,,,,,,,,,,,,,,,,,
,20,,,,,,,,,,,,20,,,,,,,,,,,,,,,,,,,,,,,20,,,,,,,20,,,,,,,,,,,,,,,,,,,,,
,6,,,,,,,,,,6,,,,,,,,,,,,,,,,,,,,,,,6,,,,,,6,,,,,,,,,,,,,,,,,,,,,,,,
,,,,,10,,,,,,10,,,,,,,,,,,,,,,,,,,,,,,10,,,,,,,10,,,,,,,,,,,,,,,,,,,,,,,
,,,,,40,,,,,,,40,,,,,,,,,,,,,,,,,,,,,,,,,40,,,,,40,,,,,,,,,,,,,,,,,,,,,,
12,,,,,,,,,,,,12,,,,,,,,,,,,,,,,,,,,,,,,12,,,,,12,,,,,,,,,,,,,,,,,,,,,,,
,,44,,,,,,,,,,,44,,,,,,,,,,,,,,,,,,,,,,,,44,,,,,,44,,,,,,,,,,,,,,,,,,,,,
,19,,,,,,,,,19,,,,,,,,,,,,,,,,,,,,,,,,,19,,,19,,,,,,,,,,,,,,,,,,,,,,,,,,
,,44,,,,,,,,,,,44,,,,,,,,,,,,,,,,,,,,,,,,44,,,,,,44,,,,,,,,,,,,,,,,,,,,,
,,,,31,,,,31,,,,,,,,,,,,,,,,,,,,,,,,,31,,,,,,,,31,,,,,,,,,,,,,,,,,,,,,,,
,,33,,,,,,33,,,,,,,,,,,,,,,,,,,,,,,33,,,,,,,,,,33,,,,,,,,,,,,,,,,,,,,,,,
,35,,,,,,,,35,,,,,,,,,,,,,,,,,,,,,,35,,,,,,,,,,,,35,,,,,,,,,,,,,,,,,,,,,
,,,,,10,,,,,,10,,,,,,,,,,,,,,,,,,,,,,,10,,,,,,,10,,,,,,,,,,,,,,,,,,,,,,,
,,,,46,,,,,,,,,46,,,,,,,,,,,,,,,,,,,,,,46,,,,,,,,,46,,,,,,,,,,,,,,,,,,,,
,,,,31,,,,31,,,,,,,,,,,,,,,,,,,,,,,,,31,,,,,,,,31,,,,,,,,,,,,,,,,,,,,,,,
,19,,,,,,,,,19,,,,,,,,,,,,,,,,,,,,,,,,,19,,,19,,,,,,,,,,,,,,,,,,,,,,,,,,
,,,,16,,,,,,,,16,,,,,,,,,,,,,,,,,,,,,,,,16,,,,,,16,,,,,,,,,,,,,,,,,,,,,,
,,33,,,,,,33,,,,,,,,,,,,,,,,,,,,,,,33,,,,,,,,,,33,,,,,,,,,,,,,,,,,,,,,,,
,,,22,,,,,,,,,,22,,,,,,,,,,,,,,,,,,,,,22,,,,,,,,,,22,,,,,,,,,,,,,,,,,,,,
,,33,,,,,,33,,,,,,,,,,,,,,,,,,,,,,,33,,,,,,,,,,33,,,,,,,,,,,,,,,,,,,,,,,
1,,,,,,,1,,,,,,,,,,,,,,,,,,,,,,,,1,,,,,,,1,,,,,,,,,,,
,,,,2,,,,,,2,,,,,,,,,,,,,,,,,,,,,,,,2,,,,,2,,,,,,,,,,
,,,7,,,,,7,,,,,,,,,,,,,,,,,,,,,,,,7,,,,,,,,,7,,,,,,,,
1,,,,,,,1,,,,,,,,,,,,,,,,,,,,,,,,1,,,,,,,1,,,,,,,,,,,
,,,,2,,,,,,2,,,,,,,,,,,,,,,,,,,,,,,,2,,,,,2,,,,,,,,,,
,,,,,,3,3,,,,,,,,,,,,,,,,,,,,,,,,3,,,,,,,,,3,,,,,,,,,
,,,,,,4,,,,4,,,,,,,,,,,,,,,,,,,,,,,,,,4,,,4,,,,,,,,,,
