,,3,,,3,,,,,,,,3,,,3,,,,,,,,3,,,3,,,,,,,,3,,,3,,,,,,,,,,,,,,,,,,,,,,,,,,
,,,4,,4,,,,,,,,4,,,4,,,,,,,,,4,,4,,,,,,,,,4,,4,,,,,,,,,,,,,,,,,,,,,,,,,,
,,39,,,39,,,,,,,,,39,,39,,,,,,,,,39,,39,,,,,,,,39,,,39,,,,,,,,,,,,,,,,,,,,,,,,,,
,,29,,29,,,,,,,,,,29,29,,,,,,,,,,29,29,,,,,,,,,,29,29,,,,,,,,,,,,,,,,,,,,,,,,,,,
,,13,,13,,,,,,,,,13,,13,,,,,,,,,13,,13,,,,,,,,,,13,13,,,,,,,,,,,,,,,,,,,,,,,,,,,
,,47,,,47,,,,,,,,,47,,47,,,,,,,,,47,,47,,,,,,,,47,,,47,,,,,,,,,,,,,,,,,,,,,,,,,,
,,37,,37,,,,,,,,,,37,37,,,,,,,,,,37,37,,,,,,,,,37,,37,,,,,,,,,,,,,,,,,,,,,,,,,,,
,,,14,14,,,,,,,,,14,,14,,,,,,,,,,14,14,,,,,,,,,14,,14,,,,,,,,,,,,,,,,,,,,,,,,,,,
,,11,,,11,,,,,,,,11,,,11,,,,,,,,11,,,11,,,,,,,,,11,,11,,,,,,,,,,,,,,,,,,,,,,,,,,
,,47,,,47,,,,,,,,,47,,47,,,,,,,,,47,,47,,,,,,,,47,,,47,,,,,,,,,,,,,,,,,,,,,,,,,,
,,,32,,32,,,,,,,,,32,32,,,,,,,,,32,,,32,,,,,,,,,32,,32,,,,,,,,,,,,,,,,,,,,,,,,,,
,,,18,18,,,,,,,,,18,,18,,,,,,,,,,18,18,,,,,,,,,18,,18,,,,,,,,,,,,,,,,,,,,,,,,,,,
,,5,,5,,,,,,,,,5,,5,,,,,,,,,5,,5,,,,,,,,,5,,5,,,,,,,,,,,,,,,,,,,,,,,,,,,
,,29,,29,,,,,,,,,,29,29,,,,,,,,,,29,29,,,,,,,,,,29,29,,,,,,,,,,,,,,,,,,,,,,,,,,,
,,27,,,27,,,,,,,,,27,,27,,,,,,,,,27,,27,,,,,,,,,27,,27,,,,,,,,,,,,,,,,,,,,,,,,,,
,,21,,21,,,,,,,,,21,,21,,,,,,,,,21,,21,,,,,,,,,,21,21,,,,,,,,,,,,,,,,,,,,,,,,,,,
,,,10,10,,,,,,,,,10,,10,,,,,,,,,,10,10,,,,,,,,,10,,10,,,,,,,,,,,,,,,,,,,,,,,,,,,
,,17,,17,,,,,,,,,17,,17,,,,,,,,,17,,17,,,,,,,,,,17,17,,,,,,,,,,,,,,,,,,,,,,,,,,,
,,,30,30,,,,,,,,,,30,,30,,,,,,,,30,,30,,,,,,,,,30,,30,,,,,,,,,,,,,,,,,,,,,,,,,,,
,,31,,,31,,,,,,,,,31,,31,,,,,,,,,31,,31,,,,,,,,31,,,31,,,,,,,,,,,,,,,,,,,,,,,,,,
,,,26,26,,,,,,,,,,26,,26,,,,,,,,26,,26,,,,,,,,,26,,26,,,,,,,,,,,,,,,,,,,,,,,,,,,
,,25,,25,,,,,,,,,,25,25,,,,,,,,,,25,25,,,,,,,,,,25,25,,,,,,,,,,,,,,,,,,,,,,,,,,,
,,35,,,35,,,,,,,,,35,,35,,,,,,,,,35,,35,,,,,,,,35,,,35,,,,,,,,,,,,,,,,,,,,,,,,,,
,,,48,,48,,,,,,,,,48,48,,,,,,,,,48,,,48,,,,,,,,,48,,48,,,,,,,,,,,,,,,,,,,,,,,,,,
,,,22,22,,,,,,,,,22,,22,,,,,,,,,,22,22,,,,,,,,,22,,22,,,,,,,,,,,,,,,,,,,,,,,,,,,
,,23,,,23,,,,,,,,23,,,23,,,,,,,,23,,,23,,,,,,,,,23,,23,,,,,,,,,,,,,,,,,,,,,,,,,,
,,19,,,19,,,,,,,,19,,,19,,,,,,,,19,,,19,,,,,,,,,19,,19,,,,,,,,,,,,,,,,,,,,,,,,,,
,,,46,46,,,,,,,,,,46,,46,,,,,,,,46,,46,,,,,,,,,,46,46,,,,,,,,,,,,,,,,,,,,,,,,,,,
,,37,,37,,,,,,,,,,37,37,,,,,,,,,,37,37,,,,,,,,,37,,37,,,,,,,,,,,,,,,,,,,,,,,,,,,
,,,22,22,,,,,,,,,22,,22,,,,,,,,,,22,22,,,,,,,,,22,,22,,,,,,,,,,,,,,,,,,,,,,,,,,,
,,23,,,23,,,,,,,,23,,,23,,,,,,,,23,,,23,,,,,,,,,23,,23,,,,,,,,,,,,,,,,,,,,,,,,,,
,,29,,29,,,,,,,,,,29,29,,,,,,,,,,29,29,,,,,,,,,,29,29,,,,,,,,,,,,,,,,,,,,,,,,,,,
,,,14,14,,,,,,,,,14,,14,,,,,,,,,,14,14,,,,,,,,,14,,14,,,,,,,,,,,,,,,,,,,,,,,,,,,
,,,46,46,,,,,,,,,,46,,46,,,,,,,,46,,46,,,,,,,,,,46,46,,,,,,,,,,,,,,,,,,,,,,,,,,,
,,5,,5,,,,,,,,,5,,5,,,,,,,,,5,,5,,,,,,,,,5,,5,,,,,,,,,,,,,,,,,,,,,,,,,,,
,,,42,42,,,,,,,,,,42,,42,,,,,,,,42,,42,,,,,,,,,,42,42,,,,,,,,,,,,,,,,,,,,,,,,,,,
,,39,,,39,,,,,,,,,39,,39,,,,,,,,,39,,39,,,,,,,,39,,,39,,,,,,,,,,,,,,,,,,,,,,,,,,
,,37,,37,,,,,,,,,,37,37,,,,,,,,,,37,37,,,,,,,,,37,,37,,,,,,,,,,,,,,,,,,,,,,,,,,,
,,7,,,7,,,,,,,,7,,,7,,,,,,,,7,,,7,,,,,,,,,7,,7,,,,,,,,,,,,,,,,,,,,,,,,,,
,,35,,,35,,,,,,,,,35,,35,,,,,,,,,35,,35,,,,,,,,35,,,35,,,,,,,,,,,,,,,,,,,,,,,,,,
,,19,,,19,,,,,,,,19,,,19,,,,,,,,19,,,19,,,,,,,,,19,,19,,,,,,,,,,,,,,,,,,,,,,,,,,
,,43,,,43,,,,,,,,,43,,43,,,,,,,,,43,,43,,,,,,,,43,,,43,,,,,,,,,,,,,,,,,,,,,,,,,,
,,11,,,11,,,,,,,,11,,,11,,,,,,,,11,,,11,,,,,,,,,11,,11,,,,,,,,,,,,,,,,,,,,,,,,,,
,,19,,,19,,,,,,,,19,,,19,,,,,,,,19,,,19,,,,,,,,,19,,19,,,,,,,,,,,,,,,,,,,,,,,,,,
,,,6,6,,,,,,,,,6,,6,,,,,,,,,,6,6,,,,,,,,,,6,6,,,,,,,,,,,,,,,,,,,,,,,,,,,
,,,28,,28,,,,,,,,,28,28,,,,,,,,,28,,,28,,,,,,,,28,,,28,,,,,,,,,,,,,,,,,,,,,,,,,,
,,,38,38,,,,,,,,,,38,,38,,,,,,,,38,,38,,,,,,,,,,38,38,,,,,,,,,,,,,,,,,,,,,,,,,,,
,,,24,,24,,,,,,,,24,,,24,,,,,,,,,24,,24,,,,,,,,24,,,24,,,,,,,,,,,,,,,,,,,,,,,,,,
,,,8,,8,,,,,,,,8,,,8,,,,,,,,,8,,8,,,,,,,,8,,,8,,,,,,,,,,,,,,,,,,,,,,,,,,
,,19,,,19,,,,,,,,19,,,19,,,,,,,,19,,,19,,,,,,,,,19,,19,,,,,,,,,,,,,,,,,,,,,,,,,,
,,9,,9,,,,,,,,,9,,9,,,,,,,,,9,,9,,,,,,,,,,9,9,,,,,,,,,,,,,,,,,,,,,,,,,,,
,,,12,,12,,,,,,,,12,,,12,,,,,,,,,12,,12,,,,,,,,12,,,12,,,,,,,,,,,,,,,,,,,,,,,,,,
,,,40,,40,,,,,,,,,40,40,,,,,,,,,40,,,40,,,,,,,,,40,,40,,,,,,,,,,,,,,,,,,,,,,,,,,
,,11,,,11,,,,,,,,11,,,11,,,,,,,,11,,,11,,,,,,,,,11,,11,,,,,,,,,,,,,,,,,,,,,,,,,,
,,,14,14,,,,,,,,,14,,14,,,,,,,,,,14,14,,,,,,,,,14,,14,,,,,,,,,,,,,,,,,,,,,,,,,,,
,,,2,2,,,,,,,,,2,,2,,,,,,,,,,2,2,,,,,,,,,,2,2,,,,,,,,,,,,,,,,,,,,,,,,,,,
,,,10,10,,,,,,,,,10,,10,,,,,,,,,,10,10,,,,,,,,,10,,10,,,,,,,,,,,,,,,,,,,,,,,,,,,
,,,2,2,,,,,,,,,2,,2,,,,,,,,,,2,2,,,,,,,,,,2,2,,,,,,,,,,,,,,,,,,,,,,,,,,,
,,47,,,47,,,,,,,,,47,,47,,,,,,,,,47,,47,,,,,,,,47,,,47,,,,,,,,,,,,,,,,,,,,,,,,,,
,,,48,,48,,,,,,,,,48,48,,,,,,,,,48,,,48,,,,,,,,,48,,48,,,,,,,,,,,,,,,,,,,,,,,,,,
,,,16,,16,,,,,,,,16,,,16,,,,,,,,,16,,16,,,,,,,,16,,,16,,,,,,,,,,,,,,,,,,,,,,,,,,
,,43,,,43,,,,,,,,,43,,43,,,,,,,,,43,,43,,,,,,,,43,,,43,,,,,,,,,,,,,,,,,,,,,,,,,,
,,41,,41,,,,,,,,,,41,41,,,,,,,,,,41,41,,,,,,,,,41,,41,,,,,,,,,,,,,,,,,,,,,,,,,,,
,,,30,30,,,,,,,,,,30,,30,,,,,,,,30,,30,,,,,,,,,30,,30,,,,,,,,,,,,,,,,,,,,,,,,,,,
,,,2,2,,,,,,,,,2,,2,,,,,,,,,,2,2,,,,,,,,,,2,2,,,,,,,,,,,,,,,,,,,,,,,,,,,
,,11,,,11,,,,,,,,11,,,11,,,,,,,,11,,,11,,,,,,,,,11,,11,,,,,,,,,,,,,,,,,,,,,,,,,,
,,,24,,24,,,,,,,,24,,,24,,,,,,,,,24,,24,,,,,,,,24,,,24,,,,,,,,,,,,,,,,,,,,,,,,,,
,,,22,22,,,,,,,,,22,,22,,,,,,,,,,22,22,,,,,,,,,22,,22,,,,,,,,,,,,,,,,,,,,,,,,,,,
,,31,,,31,,,,,,,,,31,,31,,,,,,,,,31,,31,,,,,,,,31,,,31,,,,,,,,,,,,,,,,,,,,,,,,,,
,,27,,,27,,,,,,,,,27,,27,,,,,,,,,27,,27,,,,,,,,,27,,27,,,,,,,,,,,,,,,,,,,,,,,,,,
,,23,,,23,,,,,,,,23,,,23,,,,,,,,23,,,23,,,,,,,,,23,,23,,,,,,,,,,,,,,,,,,,,,,,,,,
,,13,,13,,,,,,,,,13,,13,,,,,,,,,13,,13,,,,,,,,,,13,13,,,,,,,,,,,,,,,,,,,,,,,,,,,
,,,12,,12,,,,,,,,12,,,12,,,,,,,,,12,,12,,,,,,,,12,,,12,,,,,,,,,,,,,,,,,,,,,,,,,,
,,,34,34,,,,,,,,,,34,,34,,,,,,,,34,,34,,,,,,,,,,34,34,,,,,,,,,,,,,,,,,,,,,,,,,,,
,,,44,,44,,,,,,,,,44,44,,,,,,,,,44,,,44,,,,,,,,,44,,44,,,,,,,,,,,,,,,,,,,,,,,,,,
,,15,,,15,,,,,,,,15,,,15,,,,,,,,15,,,15,,,,,,,,,15,,15,,,,,,,,,,,,,,,,,,,,,,,,,,
,,15,,,15,,,,,,,,15,,,15,,,,,,,,15,,,15,,,,,,,,,15,,15,,,,,,,,,,,,,,,,,,,,,,,,,,
,,21,,21,,,,,,,,,21,,21,,,,,,,,,21,,21,,,,,,,,,,21,21,,,,,,,,,,,,,,,,,,,,,,,,,,,
,,11,,,11,,,,,,,,11,,,11,,,,,,,,11,,,11,,,,,,,,,11,,11,,,,,,,,,,,,,,,,,,,,,,,,,,
,,47,,,47,,,,,,,,,47,,47,,,,,,,,,47,,47,,,,,,,,47,,,47,,,,,,,,,,,,,,,,,,,,,,,,,,
,,33,,33,,,,,,,,,,33,33,,,,,,,,,,33,33,,,,,,,,,33,,33,,,,,,,,,,,,,,,,,,,,,,,,,,,
,,37,,37,,,,,,,,,,37,37,,,,,,,,,,37,37,,,,,,,,,37,,37,,,,,,,,,,,,,,,,,,,,,,,,,,,
,,5,,5,,,,,,,,,5,,5,,,,,,,,,5,,5,,,,,,,,,5,,5,,,,,,,,,,,,,,,,,,,,,,,,,,,
,,,38,38,,,,,,,,,,38,,38,,,,,,,,38,,38,,,,,,,,,,38,38,,,,,,,,,,,,,,,,,,,,,,,,,,,
,,,20,,20,,,,,,,,20,,,20,,,,,,,,,20,,20,,,,,,,,20,,,20,,,,,,,,,,,,,,,,,,,,,,,,,,
,,,42,42,,,,,,,,,,42,,42,,,,,,,,42,,42,,,,,,,,,,42,42,,,,,,,,,,,,,,,,,,,,,,,,,,,
,,,38,38,,,,,,,,,,38,,38,,,,,,,,38,,38,,,,,,,,,,38,38,,,,,,,,,,,,,,,,,,,,,,,,,,,
,,13,,13,,,,,,,,,13,,13,,,,,,,,,13,,13,,,,,,,,,,13,13,,,,,,,,,,,,,,,,,,,,,,,,,,,
,,45,,45,,,,,,,,,,45,45,,,,,,,,,,45,45,,,,,,,,,45,,45,,,,,,,,,,,,,,,,,,,,,,,,,,,
,,11,,,11,,,,,,,,11,,,11,,,,,,,,11,,,11,,,,,,,,,11,,11,,,,,,,,,,,,,,,,,,,,,,,,,,
,,,32,,32,,,,,,,,,32,32,,,,,,,,,32,,,32,,,,,,,,,32,,32,,,,,,,,,,,,,,,,,,,,,,,,,,
,,15,,,15,,,,,,,,15,,,15,,,,,,,,15,,,15,,,,,,,,,15,,15,,,,,,,,,,,,,,,,,,,,,,,,,,
,,,16,,16,,,,,,,,16,,,16,,,,,,,,,16,,16,,,,,,,,16,,,16,,,,,,,,,,,,,,,,,,,,,,,,,,
,,37,,37,,,,,,,,,,37,37,,,,,,,,,,37,37,,,,,,,,,37,,37,,,,,,,,,,,,,,,,,,,,,,,,,,,
,,,12,,12,,,,,,,,12,,,12,,,,,,,,,12,,12,,,,,,,,12,,,12,,,,,,,,,,,,,,,,,,,,,,,,,,
,,21,,21,,,,,,,,,21,,21,,,,,,,,,21,,21,,,,,,,,,,21,21,,,,,,,,,,,,,,,,,,,,,,,,,,,
,,,2,2,,,,,,,,,2,,2,,,,,,,,,,2,2,,,,,,,,,,2,2,,,,,,,,,,,,,,,,,,,,,,,,,,,
,,43,,,43,,,,,,,,,43,,43,,,,,,,,,43,,43,,,,,,,,43,,,43,,,,,,,,,,,,,,,,,,,,,,,,,,
,,,6,6,,,,,,,,,6,,6,,,,,,,,,,6,6,,,,,,,,,,6,6,,,,,,,,,,,,,,,,,,,,,,,,,,,
,,,12,,12,,,,,,,,12,,,12,,,,,,,,,12,,12,,,,,,,,12,,,12,,,,,,,,,,,,,,,,,,,,,,,,,,
,,,36,,36,,,,,,,,,36,36,,,,,,,,,36,,,36,,,,,,,,,36,,36,,,,,,,,,,,,,,,,,,,,,,,,,,
,,29,,29,,,,,,,,,,29,29,,,,,,,,,,29,29,,,,,,,,,,29,29,,,,,,,,,,,,,,,,,,,,,,,,,,,
,,9,,9,,,,,,,,,9,,9,,,,,,,,,9,,9,,,,,,,,,,9,9,,,,,,,,,,,,,,,,,,,,,,,,,,,
,,31,,,31,,,,,,,,,31,,31,,,,,,,,,31,,31,,,,,,,,31,,,31,,,,,,,,,,,,,,,,,,,,,,,,,,
,,41,,41,,,,,,,,,,41,41,,,,,,,,,,41,41,,,,,,,,,41,,41,,,,,,,,,,,,,,,,,,,,,,,,,,,
,,,46,46,,,,,,,,,,46,,46,,,,,,,,46,,46,,,,,,,,,,46,46,,,,,,,,,,,,,,,,,,,,,,,,,,,
,,,26,26,,,,,,,,,,26,,26,,,,,,,,26,,26,,,,,,,,,26,,26,,,,,,,,,,,,,,,,,,,,,,,,,,,
,,11,,,11,,,,,,,,11,,,11,,,,,,,,11,,,11,,,,,,,,,11,,11,,,,,,,,,,,,,,,,,,,,,,,,,,
,,5,,5,,,,,,,,,5,,5,,,,,,,,,5,,5,,,,,,,,,5,,5,,,,,,,,,,,,,,,,,,,,,,,,,,,
,,5,,5,,,,,,,,,5,,5,,,,,,,,,5,,5,,,,,,,,,5,,5,,,,,,,,,,,,,,,,,,,,,,,,,,,
,,37,,37,,,,,,,,,,37,37,,,,,,,,,,37,37,,,,,,,,,37,,37,,,,,,,,,,,,,,,,,,,,,,,,,,,
,,,10,10,,,,,,,,,10,,10,,,,,,,,,,10,10,,,,,,,,,10,,10,,,,,,,,,,,,,,,,,,,,,,,,,,,
,,49,,49,,,,,,,,,,49,49,,,,,,,,,,49,49,,,,,,,,,49,,49,,,,,,,,,,,,,,,,,,,,,,,,,,,
,,37,,37,,,,,,,,,,37,37,,,,,,,,,,37,37,,,,,,,,,37,,37,,,,,,,,,,,,,,,,,,,,,,,,,,,
,,,46,46,,,,,,,,,,46,,46,,,,,,,,46,,46,,,,,,,,,,46,46,,,,,,,,,,,,,,,,,,,,,,,,,,,
,,39,,,39,,,,,,,,,39,,39,,,,,,,,,39,,39,,,,,,,,39,,,39,,,,,,,,,,,,,,,,,,,,,,,,,,
,,,26,26,,,,,,,,,,26,,26,,,,,,,,26,,26,,,,,,,,,26,,26,,,,,,,,,,,,,,,,,,,,,,,,,,,
,,,14,14,,,,,,,,,14,,14,,,,,,,,,,14,14,,,,,,,,,14,,14,,,,,,,,,,,,,,,,,,,,,,,,,,,
,,,40,,40,,,,,,,,,40,40,,,,,,,,,40,,,40,,,,,,,,,40,,40,,,,,,,,,,,,,,,,,,,,,,,,,,
,,,34,34,,,,,,,,,,34,,34,,,,,,,,34,,34,,,,,,,,,,34,34,,,,,,,,,,,,,,,,,,,,,,,,,,,
,,17,,17,,,,,,,,,17,,17,,,,,,,,,17,,17,,,,,,,,,,17,17,,,,,,,,,,,,,,,,,,,,,,,,,,,
,,33,,33,,,,,,,,,,33,33,,,,,,,,,,33,33,,,,,,,,,33,,33,,,,,,,,,,,,,,,,,,,,,,,,,,,
,,25,,25,,,,,,,,,,25,25,,,,,,,,,,25,25,,,,,,,,,,25,25,,,,,,,,,,,,,,,,,,,,,,,,,,,
,,17,,17,,,,,,,,,17,,17,,,,,,,,,17,,17,,,,,,,,,,17,17,,,,,,,,,,,,,,,,,,,,,,,,,,,
,,,2,2,,,,,,,,,2,,2,,,,,,,,,,2,2,,,,,,,,,,2,2,,,,,,,,,,,,,,,,,,,,,,,,,,,
,,33,,33,,,,,,,,,,33,33,,,,,,,,,,33,33,,,,,,,,,33,,33,,,,,,,,,,,,,,,,,,,,,,,,,,,
,,31,,,31,,,,,,,,,31,,31,,,,,,,,,31,,31,,,,,,,,31,,,31,,,,,,,,,,,,,,,,,,,,,,,,,,
,,,28,,28,,,,,,,,,28,28,,,,,,,,,28,,,28,,,,,,,,28,,,28,,,,,,,,,,,,,,,,,,,,,,,,,,
,,15,,,15,,,,,,,,15,,,15,,,,,,,,15,,,15,,,,,,,,,15,,15,,,,,,,,,,,,,,,,,,,,,,,,,,
,,7,,,7,,,,,,,,7,,,7,,,,,,,,7,,,7,,,,,,,,,7,,7,,,,,,,,,,,,,,,,,,,,,,,,,,
