,,,,,,,,,,,,,,,,,,,,,,,,,,,,,,,,,,,,,,,,
,,,,,,,,,,,,,,,,,,,,,,,,,,,,,,,,,,,,,,,,
,,,1,17,1,2,17,1,,,,,,,,,,,,,,,,,,,,,,,,,,,,,,,,
,,,2,18,17,18,18,2,,,,,,,,,,,,,,,,,,,,,,,,,,,,,,,,
,,,3,19,3,4,19,3,,,,,,,,,,,,,,,,,,,,,,,,,,,,,,,,
,,,4,20,19,20,20,4,,,,,,,,,,,,,,,,,,,,,,,,,,,,,,,,
,,,5,21,5,6,21,5,,,,,,,,,,,,,,,,,,,,,,,,,,,,,,,,
,,,6,22,21,22,22,6,,,,,,,,,,,,,,,,,,,,,,,,,,,,,,,,
,,,7,23,7,8,23,7,,,,,,,,,,,,,,,,,,,,,,,,,,,,,,,,
,,,8,24,23,24,8,24,,,,,,,,,,,,,,,,,,,,,,,,,,,,,,,,
,,,9,25,9,10,9,25,,,,,,,,,,,,,,,,,,,,,,,,,,,,,,,,
,,,10,26,10,11,10,26,,,,,,,,,,,,,,,,,,,,,,,,,,,,,,,,
,,,11,27,26,27,11,27,,,,,,,,,,,,,,,,,,,,,,,,,,,,,,,,
,,,12,28,12,13,12,28,,,,,,,,,,,,,,,,,,,,,,,,,,,,,,,,
,,,13,29,28,29,13,29,,,,,,,,,,,,,,,,,,,,,,,,,,,,,,,,
,,,14,30,14,15,14,30,,,,,,,,,,,,,,,,,,,,,,,,,,,,,,,,
,,,15,31,30,31,15,31,,,,,,,,,,,,,,,,,,,,,,,,,,,,,,,,
,,,16,32,16,32,16,32,,,,,,,,,,,,,,,,,,,,,,,,,,,,,,,,
,,,,33,33,,,33,,,,,,,,,,,,,,,,,,,,,,,,,,,,,,,,
,,,,,,,,,,,,,,,,,,,,,,,,,,,,,,,,,,,,,,,,
,,,,,,,,,,,,,,,,,,,,,,,,,,,,,,,,,,,,,,,,
,,,,,,,,,,,,,,,,,,,,,,,,,,,,,,,,,,,,,,,,
,,,,,,,,,,,,,,,,,,,,,,,,,,,,,,,,,,,,,,,,
,,,,,,,,,,,,,,,,,,,,,,,,,,,,,,,,,,,,,,,,
,,,,,,,,,,,,,,,,,,,,,,,,,,,,,,,,,,,,,,,,
,,,,,,,,,,,,,,,,,,,,,,,,,,,,,,,,,,,,,,,,
,,,,,,,,,,,,,,,,,,,,,,,,,,,,,,,,,,,,,,,,
,,,,,,,,,,,,,,,,,,,,,,,,,,,,,,,,,,,,,,,,
,,,,,,,,,,,,,,,,,,,,,,,,,,,,,,,,,,,,,,,,
,,,,,,,,,,,,,,,,,,,,,,,,,,,,,,,,,,,,,,,,
,,,,,,,,,,,,,,,,,,,,,,,,,,,,,,,,,,,,,,,,
,,,,,,,,,,,,,,,,,,,,,,,,,,,,,,,,,,,,,,,,
,,,,,,,,,,,,,,,,,,,,,,,,,,,,,,,,,,,,,,,,
,,,,,,,,,,,,,,,,,,,,,,,,,,,,,,,,,,,,,,,,
,,,,,,,,,,,,,,,,,,,,,,,,,,,,,,,,,,,,,,,,
,,,,,,,,,,,,,,,,,,,,,,,,,,,,,,,,,,,,,,,,
,,,,,,,,,,,,,,,,,,,,,,,,,,,,,,,,,,,,,,,,
,,,,,,,,,,,,,,,,,,,,,,,,,,,,,,,,,,,,,,,,
,,,,,,,,,,,,,,,,,,,,,,,,,,,,,,,,,,,,,,,,
,,,,,,,,,,,,,,,,,,,,,,,,,,,,,,,,,,,,,,,,
,,,,,,,,,,,,,,,,,,,,,,,,,,,,,,,,,,,,,,,,
,,,,,,,,,,,,,,,,,,,,,,,,,,,,,,,,,,,,,,,,
,,,,,,,,,,,,,,,,,,,,,,,,,,,,,,,,,,,,,,,,
,,,,,,,,,,,,,,,,,,,,,,,,,,,,,,,,,,,,,,,,
,,,,,,,,,,,,,,,,,,,,,,,,,,,,,,,,,,,,,,,,
,,,,,,,,,,,,,,,,,,,,,,,,,,,,,,,,,,,,,,,,
,,,,,,,,,,,,,,,,,,,,,,,,,,,,,,,,,,,,,,,,
,,,,,,,,,,,,,,,,,,,,,,,,,,,,,,,,,,,,,,,,
,,,,,,,,,,,,,,,,,,,,,,,,,,,,,,,,,,,,,,,,
,,,,,,,,,,,,,,,,,,,,,,,,,,,,,,,,,,,,,,,,
,,,,,,,,,,,,,,,,,,,,,,,,,,,,,,,,,,,,,,,,
,,,,,,,,,,,,,,,,,,,,,,,,,,,,,,,,,,,,,,,,
,,,,,,,,,,,,,,,,,,,,,,,,,,,,,,,,,,,,,,,,
,,,,,,,,,,,,,,,,,,,,,,,,,,,,,,,,,,,,,,,,
,,,,,,,,,,,,,,,,,,,,,,,,,,,,,,,,,,,,,,,,
,,,,,,,,,,,,,,,,,,,,,,,,,,,,,,,,,,,,,,,,
,,,,,,,,,,,,,,,,,,,,,,,,,,,,,,,,,,,,,,,,
,,,,,,,,,,,,,,,,,,,,,,,,,,,,,,,,,,,,,,,,
,,,,,,,,,,,,,,,,,,,,,,,,,,,,,,,,,,,,,,,,
