,,3,,,3,,,,,,,,,3,,3,,,,,,,,,3,,3,,,,,,,,3,,,3,,,,,,,,,,,,,,,,,,,,,,,,,,
,,,4,4,,,,,,,,,4,,4,,,,,,,,,,4,4,,,,,,,,,4,,4,,,,,,,,,,,,,,,,,,,,,,,,,,,
,,,21,,21,,,,,,,,,,,,,,,,,,,,21,,21,,,,,,,,,,,,,,,,,,,,,,,,,,,,,,,,,,,,,
,,,44,,44,,,,,,,,,,,,,,,,,,,44,,,44,,,,,,,,,,,,,,,,,,,,,,,,,,,,,,,,,,,,,
,,46,,,46,,,,,,,,,,,,,,,,,,,,46,,46,,,,,,,,,,,,,,,,,,,,,,,,,,,,,,,,,,,,,
,,16,,,16,,,,,,,,,,,,,,,,,,,16,,,16,,,,,,,,,,,,,,,,,,,,,,,,,,,,,,,,,,,,,
,,,17,17,,,,,,,,,,,,,,,,,,,,17,,17,,,,,,,,,,,,,,,,,,,,,,,,,,,,,,,,,,,,,,
,,27,,27,,,,,,,,,,,,,,,,,,,,27,,27,,,,,,,,,,,,,,,,,,,,,,,,,,,,,,,,,,,,,,
,,33,,,33,,,,,,,,,,,,,,,,,,,,33,,33,,,,,,,,,,,,,,,,,,,,,,,,,,,,,,,,,,,,,
,,,26,,26,,,,,,,,,,,,,,,,,,,26,,,26,,,,,,,,,,,,,,,,,,,,,,,,,,,,,,,,,,,,,
,,,44,,44,,,,,,,,,,,,,,,,,,,44,,,44,,,,,,,,,,,,,,,,,,,,,,,,,,,,,,,,,,,,,
,,5,,,5,,,,,,,,,,,,,,,,,,,5,,,5,,,,,,,,,,,,,,,,,,,,,,,,,,,,,,,,,,,,,
,,,6,,6,,,,,,,,,,,,,,,,,,,6,,,6,,,,,,,,,,,,,,,,,,,,,,,,,,,,,,,,,,,,,
,,,31,,31,,,,,,,,,,,,,,,,,,,31,,,31,,,,,,,,,,,,,,,,,,,,,,,,,,,,,,,,,,,,,
,,45,,45,,,,,,,,,,,,,,,,,,,,45,,45,,,,,,,,,,,,,,,,,,,,,,,,,,,,,,,,,,,,,,
,,,39,,39,,,,,,,,,,,,,,,,,,,39,,,39,,,,,,,,,,,,,,,,,,,,,,,,,,,,,,,,,,,,,
,,,39,,39,,,,,,,,,,,,,,,,,,,39,,,39,,,,,,,,,,,,,,,,,,,,,,,,,,,,,,,,,,,,,
,,,40,40,,,,,,,,,,,,,,,,,,,,40,,40,,,,,,,,,,,,,,,,,,,,,,,,,,,,,,,,,,,,,,
,,19,,19,,,,,,,,,,,,,,,,,,,,,19,19,,,,,,,,,,,,,,,,,,,,,,,,,,,,,,,,,,,,,,
,,23,,,23,,,,,,,,,,,,,,,,,,,23,,,23,,,,,,,,,,,,,,,,,,,,,,,,,,,,,,,,,,,,,
,,11,,11,,,,,,,,,,,,,,,,,,,,,11,11,,,,,,,,,,,,,,,,,,,,,,,,,,,,,,,,,,,,,,
,,45,,45,,,,,,,,,,,,,,,,,,,,45,,45,,,,,,,,,,,,,,,,,,,,,,,,,,,,,,,,,,,,,,
,,45,,45,,,,,,,,,,,,,,,,,,,,45,,45,,,,,,,,,,,,,,,,,,,,,,,,,,,,,,,,,,,,,,
,,2,,2,,,,,,,,,,,,,,,,,,,,,2,2,,,,,,,,,,,,,,,,,,,,,,,,,,,,,,,,,,,,,,
,,5,,,5,,,,,,,,,,,,,,,,,,,5,,,5,,,,,,,,,,,,,,,,,,,,,,,,,,,,,,,,,,,,,
,,5,,,5,,,,,,,,,,,,,,,,,,,5,,,5,,,,,,,,,,,,,,,,,,,,,,,,,,,,,,,,,,,,,
,,34,,,34,,,,,,,,,,,,,,,,,,,34,,,34,,,,,,,,,,,,,,,,,,,,,,,,,,,,,,,,,,,,,
,,16,,,16,,,,,,,,,,,,,,,,,,,16,,,16,,,,,,,,,,,,,,,,,,,,,,,,,,,,,,,,,,,,,
,,38,,38,,,,,,,,,,,,,,,,,,,,38,,38,,,,,,,,,,,,,,,,,,,,,,,,,,,,,,,,,,,,,,
,,3,,,3,,,,,,,,,,,,,,,,,,,,3,,3,,,,,,,,,,,,,,,,,,,,,,,,,,,,,,,,,,,,,
,,27,,27,,,,,,,,,,,,,,,,,,,,27,,27,,,,,,,,,,,,,,,,,,,,,,,,,,,,,,,,,,,,,,
,,,17,17,,,,,,,,,,,,,,,,,,,,17,,17,,,,,,,,,,,,,,,,,,,,,,,,,,,,,,,,,,,,,,
,,27,,27,,,,,,,,,,,,,,,,,,,,27,,27,,,,,,,,,,,,,,,,,,,,,,,,,,,,,,,,,,,,,,
,,,35,35,,,,,,,,,,,,,,,,,,,,35,,35,,,,,,,,,,,,,,,,,,,,,,,,,,,,,,,,,,,,,,
,,,14,,14,,,,,,,,,,,,,,,,,,,,14,,14,,,,,,,,,,,,,,,,,,,,,,,,,,,,,,,,,,,,,
,,49,,,49,,,,,,,,,,,,,,,,,,,49,,,49,,,,,,,,,,,,,,,,,,,,,,,,,,,,,,,,,,,,,
,,,6,,6,,,,,,,,,,,,,,,,,,,6,,,6,,,,,,,,,,,,,,,,,,,,,,,,,,,,,,,,,,,,,
,,23,,,23,,,,,,,,,,,,,,,,,,,23,,,23,,,,,,,,,,,,,,,,,,,,,,,,,,,,,,,,,,,,,
,,11,,11,,,,,,,,,,,,,,,,,,,,,11,11,,,,,,,,,,,,,,,,,,,,,,,,,,,,,,,,,,,,,,
,,,22,22,,,,,,,,,,,,,,,,,,,,22,,22,,,,,,,,,,,,,,,,,,,,,,,,,,,,,,,,,,,,,,
,,3,,,3,,,,,,,,,,,,,,,,,,,,3,,3,,,,,,,,,,,,,,,,,,,,,,,,,,,,,,,,,,,,,
,,38,,38,,,,,,,,,,,,,,,,,,,,38,,38,,,,,,,,,,,,,,,,,,,,,,,,,,,,,,,,,,,,,,
,,,6,,6,,,,,,,,,,,,,,,,,,,6,,,6,,,,,,,,,,,,,,,,,,,,,,,,,,,,,,,,,,,,,
,,,4,4,,,,,,,,,,,,,,,,,,,,,4,4,,,,,,,,,,,,,,,,,,,,,,,,,,,,,,,,,,,,,,
,,,,,,,,,,,,,,,,,,,,,,,,,,,,,,,,,,,,,,,,,,,,,,,,,,,,,,,,,,,,,,,,
,,16,,,16,,,,,,,,,,,,,,,,,,,16,,,16,,,,,,,,,,,,,,,,,,,,,,,,,,,,,,,,,,,,,
,,42,,42,,,,,,,,,,,,,,,,,,,,,42,42,,,,,,,,,,,,,,,,,,,,,,,,,,,,,,,,,,,,,,
,,,35,35,,,,,,,,,,,,,,,,,,,,35,,35,,,,,,,,,,,,,,,,,,,,,,,,,,,,,,,,,,,,,,
,,,14,,14,,,,,,,,,,,,,,,,,,,,14,,14,,,,,,,,,,,,,,,,,,,,,,,,,,,,,,,,,,,,,
,,,32,,32,,,,,,,,,,,,,,,,,,,,32,,32,,,,,,,,,,,,,,,,,,,,,,,,,,,,,,,,,,,,,
,,46,,,46,,,,,,,,,,,,,,,,,,,,46,,46,,,,,,,,,,,,,,,,,,,,,,,,,,,,,,,,,,,,,
,,37,,37,,,,,,,,,,,,,,,,,,,,,37,37,,,,,,,,,,,,,,,,,,,,,,,,,,,,,,,,,,,,,,
,,30,,30,,,,,,,,,,,,,,,,,,,,30,,30,,,,,,,,,,,,,,,,,,,,,,,,,,,,,,,,,,,,,,
,,,36,36,,,,,,,,,,,,,,,,,,,,,36,36,,,,,,,,,,,,,,,,,,,,,,,,,,,,,,,,,,,,,,
,,30,,30,,,,,,,,,,,,,,,,,,,,30,,30,,,,,,,,,,,,,,,,,,,,,,,,,,,,,,,,,,,,,,
,,,10,10,,,,,,,,,,,,,,,,,,,,,10,10,,,,,,,,,,,,,,,,,,,,,,,,,,,,,,,,,,,,,,
,,5,,,5,,,,,,,,,,,,,,,,,,,5,,,5,,,,,,,,,,,,,,,,,,,,,,,,,,,,,,,,,,,,,
,,41,,,41,,,,,,,,,,,,,,,,,,,41,,,41,,,,,,,,,,,,,,,,,,,,,,,,,,,,,,,,,,,,,
,,,7,7,,,,,,,,,,,,,,,,,,,,7,,7,,,,,,,,,,,,,,,,,,,,,,,,,,,,,,,,,,,,,,
,,12,,12,,,,,,,,,,,,,,,,,,,,12,,12,,,,,,,,,,,,,,,,,,,,,,,,,,,,,,,,,,,,,,
,,,6,,6,,,,,,,,,,,,,,,,,,,6,,,6,,,,,,,,,,,,,,,,,,,,,,,,,,,,,,,,,,,,,
,,,35,35,,,,,,,,,,,,,,,,,,,,35,,35,,,,,,,,,,,,,,,,,,,,,,,,,,,,,,,,,,,,,,
,,49,,,49,,,,,,,,,,,,,,,,,,,49,,,49,,,,,,,,,,,,,,,,,,,,,,,,,,,,,,,,,,,,,
,,3,,,3,,,,,,,,,,,,,,,,,,,,3,,3,,,,,,,,,,,,,,,,,,,,,,,,,,,,,,,,,,,,,
,,,35,35,,,,,,,,,,,,,,,,,,,,35,,35,,,,,,,,,,,,,,,,,,,,,,,,,,,,,,,,,,,,,,
,,,10,10,,,,,,,,,,,,,,,,,,,,,10,10,,,,,,,,,,,,,,,,,,,,,,,,,,,,,,,,,,,,,,
,,15,,,15,,,,,,,,,,,,,,,,,,,,15,,15,,,,,,,,,,,,,,,,,,,,,,,,,,,,,,,,,,,,,
,,11,,11,,,,,,,,,,,,,,,,,,,,,11,11,,,,,,,,,,,,,,,,,,,,,,,,,,,,,,,,,,,,,,
,,27,,27,,,,,,,,,,,,,,,,,,,,27,,27,,,,,,,,,,,,,,,,,,,,,,,,,,,,,,,,,,,,,,
,,37,,37,,,,,,,,,,,,,,,,,,,,,37,37,,,,,,,,,,,,,,,,,,,,,,,,,,,,,,,,,,,,,,
,,15,,,15,,,,,,,,,,,,,,,,,,,,15,,15,,,,,,,,,,,,,,,,,,,,,,,,,,,,,,,,,,,,,
,,3,,,3,,,,,,,,,,,,,,,,,,,,3,,3,,,,,,,,,,,,,,,,,,,,,,,,,,,,,,,,,,,,,
,,,7,7,,,,,,,,,,,,,,,,,,,,7,,7,,,,,,,,,,,,,,,,,,,,,,,,,,,,,,,,,,,,,,
,,,40,40,,,,,,,,,,,,,,,,,,,,40,,40,,,,,,,,,,,,,,,,,,,,,,,,,,,,,,,,,,,,,,
,,,36,36,,,,,,,,,,,,,,,,,,,,,36,36,,,,,,,,,,,,,,,,,,,,,,,,,,,,,,,,,,,,,,
,,,40,40,,,,,,,,,,,,,,,,,,,,40,,40,,,,,,,,,,,,,,,,,,,,,,,,,,,,,,,,,,,,,,
,,,21,,21,,,,,,,,,,,,,,,,,,,,21,,21,,,,,,,,,,,,,,,,,,,,,,,,,,,,,,,,,,,,,
,,34,,,34,,,,,,,,,,,,,,,,,,,34,,,34,,,,,,,,,,,,,,,,,,,,,,,,,,,,,,,,,,,,,
,,,47,,47,,,,,,,,,,,,,,,,,,,,47,,47,,,,,,,,,,,,,,,,,,,,,,,,,,,,,,,,,,,,,
,,27,,27,,,,,,,,,,,,,,,,,,,,27,,27,,,,,,,,,,,,,,,,,,,,,,,,,,,,,,,,,,,,,,
,,8,,8,,,,,,,,,,,,,,,,,,,,8,,8,,,,,,,,,,,,,,,,,,,,,,,,,,,,,,,,,,,,,,
,,23,,,23,,,,,,,,,,,,,,,,,,,23,,,23,,,,,,,,,,,,,,,,,,,,,,,,,,,,,,,,,,,,,
,,,44,,44,,,,,,,,,,,,,,,,,,,44,,,44,,,,,,,,,,,,,,,,,,,,,,,,,,,,,,,,,,,,,
,,30,,30,,,,,,,,,,,,,,,,,,,,30,,30,,,,,,,,,,,,,,,,,,,,,,,,,,,,,,,,,,,,,,
,,49,,,49,,,,,,,,,,,,,,,,,,,49,,,49,,,,,,,,,,,,,,,,,,,,,,,,,,,,,,,,,,,,,
,,24,,24,,,,,,,,,,,,,,,,,,,,,24,24,,,,,,,,,,,,,,,,,,,,,,,,,,,,,,,,,,,,,,
,,,14,,14,,,,,,,,,,,,,,,,,,,,14,,14,,,,,,,,,,,,,,,,,,,,,,,,,,,,,,,,,,,,,
,,42,,42,,,,,,,,,,,,,,,,,,,,,42,42,,,,,,,,,,,,,,,,,,,,,,,,,,,,,,,,,,,,,,
,,19,,19,,,,,,,,,,,,,,,,,,,,,19,19,,,,,,,,,,,,,,,,,,,,,,,,,,,,,,,,,,,,,,
,,27,,27,,,,,,,,,,,,,,,,,,,,27,,27,,,,,,,,,,,,,,,,,,,,,,,,,,,,,,,,,,,,,,
,,28,,,28,,,,,,,,,,,,,,,,,,,,28,,28,,,,,,,,,,,,,,,,,,,,,,,,,,,,,,,,,,,,,
,,5,,,5,,,,,,,,,,,,,,,,,,,5,,,5,,,,,,,,,,,,,,,,,,,,,,,,,,,,,,,,,,,,,
,,11,,11,,,,,,,,,,,,,,,,,,,,,11,11,,,,,,,,,,,,,,,,,,,,,,,,,,,,,,,,,,,,,,
,,,9,9,,,,,,,,,,,,,,,,,,,,9,,9,,,,,,,,,,,,,,,,,,,,,,,,,,,,,,,,,,,,,,
,,,32,,32,,,,,,,,,,,,,,,,,,,,32,,32,,,,,,,,,,,,,,,,,,,,,,,,,,,,,,,,,,,,,
,,23,,,23,,,,,,,,,,,,,,,,,,,23,,,23,,,,,,,,,,,,,,,,,,,,,,,,,,,,,,,,,,,,,
,,15,,,15,,,,,,,,,,,,,,,,,,,,15,,15,,,,,,,,,,,,,,,,,,,,,,,,,,,,,,,,,,,,,
,,5,,,5,,,,,,,,,,,,,,,,,,,5,,,5,,,,,,,,,,,,,,,,,,,,,,,,,,,,,,,,,,,,,
,,,18,18,,,,,,,,,,,,,,,,,,,,,18,18,,,,,,,,,,,,,,,,,,,,,,,,,,,,,,,,,,,,,,
,,,4,4,,,,,,,,,,,,,,,,,,,,,4,4,,,,,,,,,,,,,,,,,,,,,,,,,,,,,,,,,,,,,,
,,,47,,47,,,,,,,,,,,,,,,,,,,,47,,47,,,,,,,,,,,,,,,,,,,,,,,,,,,,,,,,,,,,,
,,,31,,31,,,,,,,,,,,,,,,,,,,31,,,31,,,,,,,,,,,,,,,,,,,,,,,,,,,,,,,,,,,,,
,,,6,,6,,,,,,,,,,,,,,,,,,,6,,,6,,,,,,,,,,,,,,,,,,,,,,,,,,,,,,,,,,,,,
,,28,,,28,,,,,,,,,,,,,,,,,,,,28,,28,,,,,,,,,,,,,,,,,,,,,,,,,,,,,,,,,,,,,
,,,1,,1,,,,,,,,,,,,,,,,,,,,1,,1,,,,,,,,,,,,,,,,,,,,,,,,,,,,,,,,,,,,,
,,42,,42,,,,,,,,,,,,,,,,,,,,,42,42,,,,,,,,,,,,,,,,,,,,,,,,,,,,,,,,,,,,,,
,,,32,,32,,,,,,,,,,,,,,,,,,,,32,,32,,,,,,,,,,,,,,,,,,,,,,,,,,,,,,,,,,,,,
,,15,,,15,,,,,,,,,,,,,,,,,,,,15,,15,,,,,,,,,,,,,,,,,,,,,,,,,,,,,,,,,,,,,
,,,29,,29,,,,,,,,,,,,,,,,,,,,29,,29,,,,,,,,,,,,,,,,,,,,,,,,,,,,,,,,,,,,,
,,,40,40,,,,,,,,,,,,,,,,,,,,40,,40,,,,,,,,,,,,,,,,,,,,,,,,,,,,,,,,,,,,,,
,,23,,,23,,,,,,,,,,,,,,,,,,,23,,,23,,,,,,,,,,,,,,,,,,,,,,,,,,,,,,,,,,,,,
,,3,,,3,,,,,,,,,,,,,,,,,,,,3,,3,,,,,,,,,,,,,,,,,,,,,,,,,,,,,,,,,,,,,
,,24,,24,,,,,,,,,,,,,,,,,,,,,24,24,,,,,,,,,,,,,,,,,,,,,,,,,,,,,,,,,,,,,,
,,45,,45,,,,,,,,,,,,,,,,,,,,45,,45,,,,,,,,,,,,,,,,,,,,,,,,,,,,,,,,,,,,,,
,,,7,7,,,,,,,,,,,,,,,,,,,,7,,7,,,,,,,,,,,,,,,,,,,,,,,,,,,,,,,,,,,,,,
,,,22,22,,,,,,,,,,,,,,,,,,,,22,,22,,,,,,,,,,,,,,,,,,,,,,,,,,,,,,,,,,,,,,
,,,48,48,,,,,,,,,,,,,,,,,,,,48,,48,,,,,,,,,,,,,,,,,,,,,,,,,,,,,,,,,,,,,,
,,,14,,14,,,,,,,,,,,,,,,,,,,,14,,14,,,,,,,,,,,,,,,,,,,,,,,,,,,,,,,,,,,,,
,,8,,8,,,,,,,,,,,,,,,,,,,,8,,8,,,,,,,,,,,,,,,,,,,,,,,,,,,,,,,,,,,,,,
,,20,,,20,,,,,,,,,,,,,,,,,,,,20,,20,,,,,,,,,,,,,,,,,,,,,,,,,,,,,,,,,,,,,
,,,18,18,,,,,,,,,,,,,,,,,,,,,18,18,,,,,,,,,,,,,,,,,,,,,,,,,,,,,,,,,,,,,,
,,,36,36,,,,,,,,,,,,,,,,,,,,,36,36,,,,,,,,,,,,,,,,,,,,,,,,,,,,,,,,,,,,,,
,,42,,42,,,,,,,,,,,,,,,,,,,,,42,42,,,,,,,,,,,,,,,,,,,,,,,,,,,,,,,,,,,,,,
,,37,,37,,,,,,,,,,,,,,,,,,,,,37,37,,,,,,,,,,,,,,,,,,,,,,,,,,,,,,,,,,,,,,
,,,18,18,,,,,,,,,,,,,,,,,,,,,18,18,,,,,,,,,,,,,,,,,,,,,,,,,,,,,,,,,,,,,,
,,,43,43,,,,,,,,,,,,,,,,,,,,,43,43,,,,,,,,,,,,,,,,,,,,,,,,,,,,,,,,,,,,,,
,,33,,,33,,,,,,,,,,,,,,,,,,,,33,,33,,,,,,,,,,,,,,,,,,,,,,,,,,,,,,,,,,,,,
,,11,,11,,,,,,,,,,,,,,,,,,,,,11,11,,,,,,,,,,,,,,,,,,,,,,,,,,,,,,,,,,,,,,
,,33,,,33,,,,,,,,,,,,,,,,,,,,33,,33,,,,,,,,,,,,,,,,,,,,,,,,,,,,,,,,,,,,,
,,,10,10,,,,,,,,,,,,,,,,,,,,,10,10,,,,,,,,,,,,,,,,,,,,,,,,,,,,,,,,,,,,,,
,,,43,43,,,,,,,,,,,,,,,,,,,,,43,43,,,,,,,,,,,,,,,,,,,,,,,,,,,,,,,,,,,,,,
,,19,,19,,,,,,,,,,,,,,,,,,,,,19,19,,,,,,,,,,,,,,,,,,,,,,,,,,,,,,,,,,,,,,
,,,6,,6,,,,,,,,,,,,,,,,,,,6,,,6,,,,,,,,,,,,,,,,,,,,,,,,,,,,,,,,,,,,,
,,,7,7,,,,,,,,,,,,,,,,,,,,7,,7,,,,,,,,,,,,,,,,,,,,,,,,,,,,,,,,,,,,,,
,,46,,,46,,,,,,,,,,,,,,,,,,,,46,,46,,,,,,,,,,,,,,,,,,,,,,,,,,,,,,,,,,,,,
,,,35,35,,,,,,,,,,,,,,,,,,,,35,,35,,,,,,,,,,,,,,,,,,,,,,,,,,,,,,,,,,,,,,
,,,44,,44,,,,,,,,,,,,,,,,,,,44,,,44,,,,,,,,,,,,,,,,,,,,,,,,,,,,,,,,,,,,,
,,,44,,44,,,,,,,,,,,,,,,,,,,44,,,44,,,,,,,,,,,,,,,,,,,,,,,,,,,,,,,,,,,,,
,,,44,,44,,,,,,,,,,,,,,,,,,,44,,,44,,,,,,,,,,,,,,,,,,,,,,,,,,,,,,,,,,,,,
,,,32,,32,,,,,,,,,,,,,,,,,,,,32,,32,,,,,,,,,,,,,,,,,,,,,,,,,,,,,,,,,,,,,
,,33,,,33,,,,,,,,,,,,,,,,,,,,33,,33,,,,,,,,,,,,,,,,,,,,,,,,,,,,,,,,,,,,,
,,8,,8,,,,,,,,,,,,,,,,,,,,8,,8,,,,,,,,,,,,,,,,,,,,,,,,,,,,,,,,,,,,,,
,,16,,,16,,,,,,,,,,,,,,,,,,,16,,,16,,,,,,,,,,,,,,,,,,,,,,,,,,,,,,,,,,,,,
,,,31,,31,,,,,,,,,,,,,,,,,,,31,,,31,,,,,,,,,,,,,,,,,,,,,,,,,,,,,,,,,,,,,
,,,31,,31,,,,,,,,,,,,,,,,,,,31,,,31,,,,,,,,,,,,,,,,,,,,,,,,,,,,,,,,,,,,,
,,,40,40,,,,,,,,,,,,,,,,,,,,40,,40,,,,,,,,,,,,,,,,,,,,,,,,,,,,,,,,,,,,,,
,,16,,,16,,,,,,,,,,,,,,,,,,,16,,,16,,,,,,,,,,,,,,,,,,,,,,,,,,,,,,,,,,,,,
,,,21,,21,,,,,,,,,,,,,,,,,,,,21,,21,,,,,,,,,,,,,,,,,,,,,,,,,,,,,,,,,,,,,
,,,22,22,,,,,,,,,,,,,,,,,,,,22,,22,,,,,,,,,,,,,,,,,,,,,,,,,,,,,,,,,,,,,,
,,,14,,14,,,,,,,,,,,,,,,,,,,,14,,14,,,,,,,,,,,,,,,,,,,,,,,,,,,,,,,,,,,,,
,,,39,,39,,,,,,,,,,,,,,,,,,,39,,,39,,,,,,,,,,,,,,,,,,,,,,,,,,,,,,,,,,,,,
,,38,,38,,,,,,,,,,,,,,,,,,,,38,,38,,,,,,,,,,,,,,,,,,,,,,,,,,,,,,,,,,,,,,
,,,13,,13,,,,,,,,,,,,,,,,,,,13,,,13,,,,,,,,,,,,,,,,,,,,,,,,,,,,,,,,,,,,,
,,33,,,33,,,,,,,,,,,,,,,,,,,,33,,33,,,,,,,,,,,,,,,,,,,,,,,,,,,,,,,,,,,,,
,,,14,,14,,,,,,,,,,,,,,,,,,,,14,,14,,,,,,,,,,,,,,,,,,,,,,,,,,,,,,,,,,,,,
,,37,,37,,,,,,,,,,,,,,,,,,,,,37,37,,,,,,,,,,,,,,,,,,,,,,,,,,,,,,,,,,,,,,
,,11,,11,,,,,,,,,,,,,,,,,,,,,11,11,,,,,,,,,,,,,,,,,,,,,,,,,,,,,,,,,,,,,,
,,,7,7,,,,,,,,,,,,,,,,,,,,7,,7,,,,,,,,,,,,,,,,,,,,,,,,,,,,,,,,,,,,,,
,,,32,,32,,,,,,,,,,,,,,,,,,,,32,,32,,,,,,,,,,,,,,,,,,,,,,,,,,,,,,,,,,,,,
,,,31,,31,,,,,,,,,,,,,,,,,,,31,,,31,,,,,,,,,,,,,,,,,,,,,,,,,,,,,,,,,,,,,
,,12,,12,,,,,,,,,,,,,,,,,,,,12,,12,,,,,,,,,,,,,,,,,,,,,,,,,,,,,,,,,,,,,,
,,46,,,46,,,,,,,,,,,,,,,,,,,,46,,46,,,,,,,,,,,,,,,,,,,,,,,,,,,,,,,,,,,,,
,,27,,27,,,,,,,,,,,,,,,,,,,,27,,27,,,,,,,,,,,,,,,,,,,,,,,,,,,,,,,,,,,,,,
,,34,,,34,,,,,,,,,,,,,,,,,,,34,,,34,,,,,,,,,,,,,,,,,,,,,,,,,,,,,,,,,,,,,
,,,10,10,,,,,,,,,,,,,,,,,,,,,10,10,,,,,,,,,,,,,,,,,,,,,,,,,,,,,,,,,,,,,,
,,,48,48,,,,,,,,,,,,,,,,,,,,48,,48,,,,,,,,,,,,,,,,,,,,,,,,,,,,,,,,,,,,,,
,,,14,,14,,,,,,,,,,,,,,,,,,,,14,,14,,,,,,,,,,,,,,,,,,,,,,,,,,,,,,,,,,,,,
,,,22,22,,,,,,,,,,,,,,,,,,,,22,,22,,,,,,,,,,,,,,,,,,,,,,,,,,,,,,,,,,,,,,
,,,26,,26,,,,,,,,,,,,,,,,,,,26,,,26,,,,,,,,,,,,,,,,,,,,,,,,,,,,,,,,,,,,,
,,46,,,46,,,,,,,,,,,,,,,,,,,,46,,46,,,,,,,,,,,,,,,,,,,,,,,,,,,,,,,,,,,,,
,,,35,35,,,,,,,,,,,,,,,,,,,,35,,35,,,,,,,,,,,,,,,,,,,,,,,,,,,,,,,,,,,,,,
,,,18,18,,,,,,,,,,,,,,,,,,,,,18,18,,,,,,,,,,,,,,,,,,,,,,,,,,,,,,,,,,,,,,
,,27,,27,,,,,,,,,,,,,,,,,,,,27,,27,,,,,,,,,,,,,,,,,,,,,,,,,,,,,,,,,,,,,,
,,41,,,41,,,,,,,,,,,,,,,,,,,41,,,41,,,,,,,,,,,,,,,,,,,,,,,,,,,,,,,,,,,,,
,,19,,19,,,,,,,,,,,,,,,,,,,,,19,19,,,,,,,,,,,,,,,,,,,,,,,,,,,,,,,,,,,,,,
,,,40,40,,,,,,,,,,,,,,,,,,,,40,,40,,,,,,,,,,,,,,,,,,,,,,,,,,,,,,,,,,,,,,
,,37,,37,,,,,,,,,,,,,,,,,,,,,37,37,,,,,,,,,,,,,,,,,,,,,,,,,,,,,,,,,,,,,,
,,,18,18,,,,,,,,,,,,,,,,,,,,,18,18,,,,,,,,,,,,,,,,,,,,,,,,,,,,,,,,,,,,,,
,,34,,,34,,,,,,,,,,,,,,,,,,,34,,,34,,,,,,,,,,,,,,,,,,,,,,,,,,,,,,,,,,,,,
,,,32,,32,,,,,,,,,,,,,,,,,,,,32,,32,,,,,,,,,,,,,,,,,,,,,,,,,,,,,,,,,,,,,
,,,14,,14,,,,,,,,,,,,,,,,,,,,14,,14,,,,,,,,,,,,,,,,,,,,,,,,,,,,,,,,,,,,,
,,12,,12,,,,,,,,,,,,,,,,,,,,12,,12,,,,,,,,,,,,,,,,,,,,,,,,,,,,,,,,,,,,,,
,,5,,,5,,,,,,,,,,,,,,,,,,,5,,,5,,,,,,,,,,,,,,,,,,,,,,,,,,,,,,,,,,,,,
,,,13,,13,,,,,,,,,,,,,,,,,,,13,,,13,,,,,,,,,,,,,,,,,,,,,,,,,,,,,,,,,,,,,
,,,29,,29,,,,,,,,,,,,,,,,,,,,29,,29,,,,,,,,,,,,,,,,,,,,,,,,,,,,,,,,,,,,,
,,30,,30,,,,,,,,,,,,,,,,,,,,30,,30,,,,,,,,,,,,,,,,,,,,,,,,,,,,,,,,,,,,,,
,,,7,7,,,,,,,,,,,,,,,,,,,,7,,7,,,,,,,,,,,,,,,,,,,,,,,,,,,,,,,,,,,,,,
,,,47,,47,,,,,,,,,,,,,,,,,,,,47,,47,,,,,,,,,,,,,,,,,,,,,,,,,,,,,,,,,,,,,
,,19,,19,,,,,,,,,,,,,,,,,,,,,19,19,,,,,,,,,,,,,,,,,,,,,,,,,,,,,,,,,,,,,,
,,24,,24,,,,,,,,,,,,,,,,,,,,,24,24,,,,,,,,,,,,,,,,,,,,,,,,,,,,,,,,,,,,,,
,,,14,,14,,,,,,,,,,,,,,,,,,,,14,,14,,,,,,,,,,,,,,,,,,,,,,,,,,,,,,,,,,,,,
,,42,,42,,,,,,,,,,,,,,,,,,,,,42,42,,,,,,,,,,,,,,,,,,,,,,,,,,,,,,,,,,,,,,
,,,6,,6,,,,,,,,,,,,,,,,,,,6,,,6,,,,,,,,,,,,,,,,,,,,,,,,,,,,,,,,,,,,,
,,3,,,3,,,,,,,,,,,,,,,,,,,,3,,3,,,,,,,,,,,,,,,,,,,,,,,,,,,,,,,,,,,,,
,,38,,38,,,,,,,,,,,,,,,,,,,,38,,38,,,,,,,,,,,,,,,,,,,,,,,,,,,,,,,,,,,,,,
,,,43,43,,,,,,,,,,,,,,,,,,,,,43,43,,,,,,,,,,,,,,,,,,,,,,,,,,,,,,,,,,,,,,
,,,31,,31,,,,,,,,,,,,,,,,,,,31,,,31,,,,,,,,,,,,,,,,,,,,,,,,,,,,,,,,,,,,,
,,,21,,21,,,,,,,,,,,,,,,,,,,,21,,21,,,,,,,,,,,,,,,,,,,,,,,,,,,,,,,,,,,,,
,,,9,9,,,,,,,,,,,,,,,,,,,,9,,9,,,,,,,,,,,,,,,,,,,,,,,,,,,,,,,,,,,,,,
,,34,,,34,,,,,,,,,,,,,,,,,,,34,,,34,,,,,,,,,,,,,,,,,,,,,,,,,,,,,,,,,,,,,
,,,40,40,,,,,,,,,,,,,,,,,,,,40,,40,,,,,,,,,,,,,,,,,,,,,,,,,,,,,,,,,,,,,,
,,41,,,41,,,,,,,,,,,,,,,,,,,41,,,41,,,,,,,,,,,,,,,,,,,,,,,,,,,,,,,,,,,,,
,,,6,,6,,,,,,,,,,,,,,,,,,,6,,,6,,,,,,,,,,,,,,,,,,,,,,,,,,,,,,,,,,,,,
,,,13,,13,,,,,,,,,,,,,,,,,,,13,,,13,,,,,,,,,,,,,,,,,,,,,,,,,,,,,,,,,,,,,
,,,10,10,,,,,,,,,,,,,,,,,,,,,10,10,,,,,,,,,,,,,,,,,,,,,,,,,,,,,,,,,,,,,,
,,38,,38,,,,,,,,,,,,,,,,,,,,38,,38,,,,,,,,,,,,,,,,,,,,,,,,,,,,,,,,,,,,,,
,,,47,,47,,,,,,,,,,,,,,,,,,,,47,,47,,,,,,,,,,,,,,,,,,,,,,,,,,,,,,,,,,,,,
,,33,,,33,,,,,,,,,,,,,,,,,,,,33,,33,,,,,,,,,,,,,,,,,,,,,,,,,,,,,,,,,,,,,
,,46,,,46,,,,,,,,,,,,,,,,,,,,46,,46,,,,,,,,,,,,,,,,,,,,,,,,,,,,,,,,,,,,,
,,,10,10,,,,,,,,,,,,,,,,,,,,,10,10,,,,,,,,,,,,,,,,,,,,,,,,,,,,,,,,,,,,,,
,,41,,,41,,,,,,,,,,,,,,,,,,,41,,,41,,,,,,,,,,,,,,,,,,,,,,,,,,,,,,,,,,,,,
,,20,,,20,,,,,,,,,,,,,,,,,,,,20,,20,,,,,,,,,,,,,,,,,,,,,,,,,,,,,,,,,,,,,
,,2,,2,,,,,,,,,,,,,,,,,,,,,2,2,,,,,,,,,,,,,,,,,,,,,,,,,,,,,,,,,,,,,,
,,15,,,15,,,,,,,,,,,,,,,,,,,,15,,15,,,,,,,,,,,,,,,,,,,,,,,,,,,,,,,,,,,,,
,,,44,,44,,,,,,,,,,,,,,,,,,,44,,,44,,,,,,,,,,,,,,,,,,,,,,,,,,,,,,,,,,,,,
,,,14,,14,,,,,,,,,,,,,,,,,,,,14,,14,,,,,,,,,,,,,,,,,,,,,,,,,,,,,,,,,,,,,
,,,31,,31,,,,,,,,,,,,,,,,,,,31,,,31,,,,,,,,,,,,,,,,,,,,,,,,,,,,,,,,,,,,,
,,42,,42,,,,,,,,,,,,,,,,,,,,,42,42,,,,,,,,,,,,,,,,,,,,,,,,,,,,,,,,,,,,,,
,,23,,,23,,,,,,,,,,,,,,,,,,,23,,,23,,,,,,,,,,,,,,,,,,,,,,,,,,,,,,,,,,,,,
,,16,,,16,,,,,,,,,,,,,,,,,,,16,,,16,,,,,,,,,,,,,,,,,,,,,,,,,,,,,,,,,,,,,
,,3,,,3,,,,,,,,,,,,,,,,,,,,3,,3,,,,,,,,,,,,,,,,,,,,,,,,,,,,,,,,,,,,,
,,42,,42,,,,,,,,,,,,,,,,,,,,,42,42,,,,,,,,,,,,,,,,,,,,,,,,,,,,,,,,,,,,,,
,,,44,,44,,,,,,,,,,,,,,,,,,,44,,,44,,,,,,,,,,,,,,,,,,,,,,,,,,,,,,,,,,,,,
,,5,,,5,,,,,,,,,,,,,,,,,,,5,,,5,,,,,,,,,,,,,,,,,,,,,,,,,,,,,,,,,,,,,
,,15,,,15,,,,,,,,,,,,,,,,,,,,15,,15,,,,,,,,,,,,,,,,,,,,,,,,,,,,,,,,,,,,,
,,,43,43,,,,,,,,,,,,,,,,,,,,,43,43,,,,,,,,,,,,,,,,,,,,,,,,,,,,,,,,,,,,,,
,,49,,,49,,,,,,,,,,,,,,,,,,,49,,,49,,,,,,,,,,,,,,,,,,,,,,,,,,,,,,,,,,,,,
,,,43,43,,,,,,,,,,,,,,,,,,,,,43,43,,,,,,,,,,,,,,,,,,,,,,,,,,,,,,,,,,,,,,
,,33,,,33,,,,,,,,,,,,,,,,,,,,33,,33,,,,,,,,,,,,,,,,,,,,,,,,,,,,,,,,,,,,,
,,27,,27,,,,,,,,,,,,,,,,,,,,27,,27,,,,,,,,,,,,,,,,,,,,,,,,,,,,,,,,,,,,,,
,,5,,,5,,,,,,,,,,,,,,,,,,,5,,,5,,,,,,,,,,,,,,,,,,,,,,,,,,,,,,,,,,,,,
,,16,,,16,,,,,,,,,,,,,,,,,,,16,,,16,,,,,,,,,,,,,,,,,,,,,,,,,,,,,,,,,,,,,
,,,39,,39,,,,,,,,,,,,,,,,,,,39,,,39,,,,,,,,,,,,,,,,,,,,,,,,,,,,,,,,,,,,,
,,,4,4,,,,,,,,,,,,,,,,,,,,,4,4,,,,,,,,,,,,,,,,,,,,,,,,,,,,,,,,,,,,,,
,,38,,38,,,,,,,,,,,,,,,,,,,,38,,38,,,,,,,,,,,,,,,,,,,,,,,,,,,,,,,,,,,,,,
,,,26,,26,,,,,,,,,,,,,,,,,,,26,,,26,,,,,,,,,,,,,,,,,,,,,,,,,,,,,,,,,,,,,
,,45,,45,,,,,,,,,,,,,,,,,,,,45,,45,,,,,,,,,,,,,,,,,,,,,,,,,,,,,,,,,,,,,,
,,,4,4,,,,,,,,,,,,,,,,,,,,,4,4,,,,,,,,,,,,,,,,,,,,,,,,,,,,,,,,,,,,,,
,,,18,18,,,,,,,,,,,,,,,,,,,,,18,18,,,,,,,,,,,,,,,,,,,,,,,,,,,,,,,,,,,,,,
,,23,,,23,,,,,,,,,,,,,,,,,,,23,,,23,,,,,,,,,,,,,,,,,,,,,,,,,,,,,,,,,,,,,
,,16,,,16,,,,,,,,,,,,,,,,,,,16,,,16,,,,,,,,,,,,,,,,,,,,,,,,,,,,,,,,,,,,,
,,19,,19,,,,,,,,,,,,,,,,,,,,,19,19,,,,,,,,,,,,,,,,,,,,,,,,,,,,,,,,,,,,,,
,,12,,12,,,,,,,,,,,,,,,,,,,,12,,12,,,,,,,,,,,,,,,,,,,,,,,,,,,,,,,,,,,,,,
,,,1,,1,,,,,,,,,,,,,,,,,,,,1,,1,,,,,,,,,,,,,,,,,,,,,,,,,,,,,,,,,,,,,
,,20,,,20,,,,,,,,,,,,,,,,,,,,20,,20,,,,,,,,,,,,,,,,,,,,,,,,,,,,,,,,,,,,,
,,,47,,47,,,,,,,,,,,,,,,,,,,,47,,47,,,,,,,,,,,,,,,,,,,,,,,,,,,,,,,,,,,,,
,,,6,,6,,,,,,,,,,,,,,,,,,,6,,,6,,,,,,,,,,,,,,,,,,,,,,,,,,,,,,,,,,,,,
,,,31,,31,,,,,,,,,,,,,,,,,,,31,,,31,,,,,,,,,,,,,,,,,,,,,,,,,,,,,,,,,,,,,
,,,36,36,,,,,,,,,,,,,,,,,,,,,36,36,,,,,,,,,,,,,,,,,,,,,,,,,,,,,,,,,,,,,,
,,45,,45,,,,,,,,,,,,,,,,,,,,45,,45,,,,,,,,,,,,,,,,,,,,,,,,,,,,,,,,,,,,,,
,,,47,,47,,,,,,,,,,,,,,,,,,,,47,,47,,,,,,,,,,,,,,,,,,,,,,,,,,,,,,,,,,,,,
,,,6,,6,,,,,,,,,,,,,,,,,,,6,,,6,,,,,,,,,,,,,,,,,,,,,,,,,,,,,,,,,,,,,
,,41,,,41,,,,,,,,,,,,,,,,,,,41,,,41,,,,,,,,,,,,,,,,,,,,,,,,,,,,,,,,,,,,,
,,16,,,16,,,,,,,,,,,,,,,,,,,16,,,16,,,,,,,,,,,,,,,,,,,,,,,,,,,,,,,,,,,,,
,,,26,,26,,,,,,,,,,,,,,,,,,,26,,,26,,,,,,,,,,,,,,,,,,,,,,,,,,,,,,,,,,,,,
,,23,,,23,,,,,,,,,,,,,,,,,,,23,,,23,,,,,,,,,,,,,,,,,,,,,,,,,,,,,,,,,,,,,
,,,17,17,,,,,,,,,,,,,,,,,,,,17,,17,,,,,,,,,,,,,,,,,,,,,,,,,,,,,,,,,,,,,,
,,3,,,3,,,,,,,,,,,,,,,,,,,,3,,3,,,,,,,,,,,,,,,,,,,,,,,,,,,,,,,,,,,,,
,,37,,37,,,,,,,,,,,,,,,,,,,,,37,37,,,,,,,,,,,,,,,,,,,,,,,,,,,,,,,,,,,,,,
,,12,,12,,,,,,,,,,,,,,,,,,,,12,,12,,,,,,,,,,,,,,,,,,,,,,,,,,,,,,,,,,,,,,
,,49,,,49,,,,,,,,,,,,,,,,,,,49,,,49,,,,,,,,,,,,,,,,,,,,,,,,,,,,,,,,,,,,,
,,15,,,15,,,,,,,,,,,,,,,,,,,,15,,15,,,,,,,,,,,,,,,,,,,,,,,,,,,,,,,,,,,,,
,,34,,,34,,,,,,,,,,,,,,,,,,,34,,,34,,,,,,,,,,,,,,,,,,,,,,,,,,,,,,,,,,,,,
,,8,,8,,,,,,,,,,,,,,,,,,,,8,,8,,,,,,,,,,,,,,,,,,,,,,,,,,,,,,,,,,,,,,
,,,26,,26,,,,,,,,,,,,,,,,,,,26,,,26,,,,,,,,,,,,,,,,,,,,,,,,,,,,,,,,,,,,,
,,,39,,39,,,,,,,,,,,,,,,,,,,39,,,39,,,,,,,,,,,,,,,,,,,,,,,,,,,,,,,,,,,,,
,,,40,40,,,,,,,,,,,,,,,,,,,,40,,40,,,,,,,,,,,,,,,,,,,,,,,,,,,,,,,,,,,,,,
,,,22,22,,,,,,,,,,,,,,,,,,,,22,,22,,,,,,,,,,,,,,,,,,,,,,,,,,,,,,,,,,,,,,
,,,29,,29,,,,,,,,,,,,,,,,,,,,29,,29,,,,,,,,,,,,,,,,,,,,,,,,,,,,,,,,,,,,,
,,34,,,34,,,,,,,,,,,,,,,,,,,34,,,34,,,,,,,,,,,,,,,,,,,,,,,,,,,,,,,,,,,,,
,,,25,25,,,,,,,,,,,,,,,,,,,,,25,25,,,,,,,,,,,,,,,,,,,,,,,,,,,,,,,,,,,,,,
,,,1,,1,,,,,,,,,,,,,,,,,,,,1,,1,,,,,,,,,,,,,,,,,,,,,,,,,,,,,,,,,,,,,
,,2,,2,,,,,,,,,,,,,,,,,,,,,2,2,,,,,,,,,,,,,,,,,,,,,,,,,,,,,,,,,,,,,,
,,,39,,39,,,,,,,,,,,,,,,,,,,39,,,39,,,,,,,,,,,,,,,,,,,,,,,,,,,,,,,,,,,,,
,,,47,,47,,,,,,,,,,,,,,,,,,,,47,,47,,,,,,,,,,,,,,,,,,,,,,,,,,,,,,,,,,,,,
,,42,,42,,,,,,,,,,,,,,,,,,,,,42,42,,,,,,,,,,,,,,,,,,,,,,,,,,,,,,,,,,,,,,
,,15,,,15,,,,,,,,,,,,,,,,,,,,15,,15,,,,,,,,,,,,,,,,,,,,,,,,,,,,,,,,,,,,,
,,,10,10,,,,,,,,,,,,,,,,,,,,,10,10,,,,,,,,,,,,,,,,,,,,,,,,,,,,,,,,,,,,,,
