,,,,,,,,,,,,,,,,,,,,,,,,,,,,,,,,,,,,,,,,,,,,,,,,,
,,,,,,,,,,,,,,,,,,,,,,,,,,,,,,,,,,,,,,,,,,,,,,,,,
,,,,,,,,,,,,,,,,,,,,,,,,,,,,,,,,,,,,,,,,,,,,,,,,,
,,,,,,,,,,,,,,,,,,,,,,,,,,,,,,,,,,,,,,,,,,,,,,,,,
,,,,,,,,,,,,,,,,,,,,,,,,,,,,,,,,,,,,,,,,,,,,,,,,,
,,,,,,,,,,,,,,,,,,,,,,,,,,,,,,,,,,,,,,,,,,,,,,,,,
,,,,,,,,,,,,,,,,,,,,,,,,,,,,,,,,,,,,,,,,,,,,,,,,,
-1,-1,-1,-1,-1,-1,-1,,,,,,,,,,-1,-1,-1,-1,-1,-1,-1,,,,,,,,,-1,-1,-1,-1,-1,-1,-1,,,,,,,,,,,,
-1,-1,-1,-1,-1,-1,-1,,,,,,,,,,-1,-1,-1,-1,-1,-1,-1,,,,,,,,,-1,-1,-1,-1,-1,-1,-1,,,,,,,,,,,,
-1,-1,-1,-1,-1,-1,-1,,,,,,,,,,-1,-1,-1,-1,-1,-1,-1,,,,,,,,,-1,-1,-1,-1,-1,-1,-1,,,,,,,,,,,,
-1,-1,-1,-1,-1,-1,-1,,,,,,,,,,-1,-1,-1,-1,-1,-1,-1,,,,,,,,,-1,-1,-1,-1,-1,-1,-1,,,,,,,,,,,,
-1,-1,-1,-1,-1,-1,-1,,,,,,,,,,-1,-1,-1,-1,-1,-1,-1,,,,,,,,,-1,-1,-1,-1,-1,-1,-1,,,,,,,,,,,,
-1,-1,-1,-1,-1,-1,-1,,,,,,,,,,-1,-1,-1,-1,-1,-1,-1,,,,,,,,,-1,-1,-1,-1,-1,-1,-1,,,,,,,,,,,,
-1,-1,-1,-1,-1,-1,-1,,,,,,,,,,-1,-1,-1,-1,-1,-1,-1,,,,,,,,,-1,-1,-1,-1,-1,-1,-1,,,,,,,,,,,,
,,,,,,,,,,,,,,,,,,,,,,,,,,,,,,,,,,,,,,,,,,,,,,,,,
,1,10,2,11,20,3,12,,,,,,,,,,,,,,,,,,,,,,,1,10,2,24,45,48,49,,,,,,,,,,,,,
,42,7,16,25,34,43,21,,,,,,,,,,,,,,,,,,,,,,,11,20,3,29,17,4,15,,,,,,,,,,,,,
,33,19,28,37,46,8,30,,,,,,,,,,,,,,,,,,,,,,,12,42,7,36,39,47,38,,,,,,,,,,,,,
,24,45,48,49,29,17,4,,,,,,,,,,,,,,,,,,,,,,,16,25,34,26,13,6,27,,,,,,,,,,,,,
,15,36,39,47,38,26,13,,,,,,,,,,,,,,,,,,,,,,,43,21,33,18,9,44,35,,,,,,,,,,,,,
,6,27,18,9,44,35,22,,,,,,,,,,,,,,,,,,,,,,,19,28,37,22,41,32,23,,,,,,,,,,,,,
,41,32,23,14,5,40,31,,,,,,,,,,,,,,,,,,,,,,,46,8,30,14,5,40,31,,,,,,,,,,,,,
,,,,,,,,,,,,,,,,,,,,,,,,,,,,,,,,,,,,,,,,,,,,,,,,,
,,,,,,,,,,,,,,,,,,,,,,,,,,,,,,,,,,,,,,,,,,,,,,,,,
,,,,,,,,,,,,,,,,,,,,,,,,,,,,,,,,,,,,,,,,,,,,,,,,,
,,,,,,,,,,,,,,,,,,,,,,,,,,,,,,,,,,,,,,,,,,,,,,,,,
,,,,,,,,,,,,,,,,,,,,,,,,,,,,,,,,,,,,,,,,,,,,,,,,,
,,,,,,,,,,,,,,,,,,,,,,,,,,,,,,,,,,,,,,,,,,,,,,,,,
,,,,,,,,,,,,,,,,,,,,,,,,,,,,,,,,,,,,,,,,,,,,,,,,,
,,,,,,,,,,,,,,,,,,,,,,,,,,,,,,,,,,,,,,,,,,,,,,,,,
,,,,,,,,,,,,,,,,,,,,,,,,,,,,,,,,,,,,,,,,,,,,,,,,,
,,,,,,,,,,,,,,,,,,,,,,,,,,,,,,,,,,,,,,,,,,,,,,,,,
,,,,,,,,,,,,,,,,,,,,,,,,,,,,,,,,,,,,,,,,,,,,,,,,,
,,,,,,,,,,,,,,,,,,,,,,,,,,,,,,,,,,,,,,,,,,,,,,,,,
,,,,,,,,,,,,,,,,,,,,,,,,,,,,,,,,,,,,,,,,,,,,,,,,,
,,,,,,,,,,,,,,,,,,,,,,,,,,,,,,,,,,,,,,,,,,,,,,,,,
,,,,,,,,,,,,,,,,,,,,,,,,,,,,,,,,,,,,,,,,,,,,,,,,,
,,,,,,,,,,,,,,,,,,,,,,,,,,,,,,,,,,,,,,,,,,,,,,,,,
,,,,,,,,,,,,,,,,,,,,,,,,,,,,,,,,,,,,,,,,,,,,,,,,,
,,,,,,,,,,,,,,,,,,,,,,,,,,,,,,,,,,,,,,,,,,,,,,,,,
,,,,,,,,,,,,,,,,,,,,,,,,,,,,,,,,,,,,,,,,,,,,,,,,,
,,,,,,,,,,,,,,,,,,,,,,,,,,,,,,,,,,,,,,,,,,,,,,,,,
,,,,,,,,,,,,,,,,,,,,,,,,,,,,,,,,,,,,,,,,,,,,,,,,,
,,,,,,,,,,,,,,,,,,,,,,,,,,,,,,,,,,,,,,,,,,,,,,,,,
,,,,,,,,,,,,,,,,,,,,,,,,,,,,,,,,,,,,,,,,,,,,,,,,,
,,,,,,,,,,,,,,,,,,,,,,,,,,,,,,,,,,,,,,,,,,,,,,,,,
,,,,,,,,,,,,,,,,,,,,,,,,,,,,,,,,,,,,,,,,,,,,,,,,,
,,,,,,,,,,,,,,,,,,,,,,,,,,,,,,,,,,,,,,,,,,,,,,,,,
,,,,,,,,,,,,,,,,,,,,,,,,,,,,,,,,,,,,,,,,,,,,,,,,,
,,,,,,,,,,,,,,,,,,,,,,,,,,,,,,,,,,,,,,,,,,,,,,,,,
,,,,,,,,,,,,,,,,,,,,,,,,,,,,,,,,,,,,,,,,,,,,,,,,,
,,,,,,,,,,,,,,,,,,,,,,,,,,,,,,,,,,,,,,,,,,,,,,,,,
,,,,,,,,,,,,,,,,,,,,,,,,,,,,,,,,,,,,,,,,,,,,,,,,,
,,,,,,,,,,,,,,,,,,,,,,,,,,,,,,,,,,,,,,,,,,,,,,,,,
,,,,,,,,,,,,,,,,,,,,,,,,,,,,,,,,,,,,,,,,,,,,,,,,,
,,,,,,,,,,,,,,,,,,,,,,,,,,,,,,,,,,,,,,,,,,,,,,,,,
,,,,,,,,,,,,,,,,,,,,,,,,,,,,,,,,,,,,,,,,,,,,,,,,,
,,,,,,,,,,,,,,,,,,,,,,,,,,,,,,,,,,,,,,,,,,,,,,,,,
,,,,,,,,,,,,,,,,,,,,,,,,,,,,,,,,,,,,,,,,,,,,,,,,,
