,,,,,,,,,,,,,,,,,,,,,,,,,,,,,,,,,,,,,,,,,,,,,,,,,
,,,,,,,,,,,,,,,,,,,,,,,,,,,,,,,,,,,,,,,,,,,,,,,,,
,,,,,,,,,,,,,,,,,,,,,,,,,,,,,,,,,,,,,,,,,,,,,,,,,
,,,,,,,,,,,,,,,,,,,,,,,,,,,,,,,,,,,,,,,,,,,,,,,,,
,,,,,,,,,,,,,,,,,,,,,,,,,,,,,,,,,,,,,,,,,,,,,,,,,
,,,,,,,,,,,,,,,,,,,,,,,,,,,,,,,,,,,,,,,,,,,,,,,,,
,,,,,,,,,,,,,,,,,,,,,,,,,,,,,,,,,,,,,,,,,,,,,,,,,
-1,-1,-1,-1,-1,-1,-1,,,,,,,,,,-1,-1,-1,-1,-1,-1,-1,,,,,,,,,-1,-1,-1,-1,-1,-1,-1,,,,,,,,,,,,
-1,-1,-1,-1,-1,-1,-1,,,,,,,,,,-1,-1,-1,-1,-1,-1,-1,,,,,,,,,-1,-1,-1,-1,-1,-1,-1,,,,,,,,,,,,
-1,-1,-1,-1,-1,-1,-1,,,,,,,,,,-1,-1,-1,-1,-1,-1,-1,,,,,,,,,-1,-1,-1,-1,-1,-1,-1,,,,,,,,,,,,
-1,-1,-1,-1,-1,-1,-1,,,,,,,,,,-1,-1,-1,-1,-1,-1,-1,,,,,,,,,-1,-1,-1,-1,-1,-1,-1,,,,,,,,,,,,
-1,-1,-1,-1,-1,-1,-1,,,,,,,,,,-1,-1,-1,-1,-1,-1,-1,,,,,,,,,-1,-1,-1,-1,-1,-1,-1,,,,,,,,,,,,
-1,-1,-1,-1,-1,-1,-1,,,,,,,,,,-1,-1,-1,-1,-1,-1,-1,,,,,,,,,-1,-1,-1,-1,-1,-1,-1,,,,,,,,,,,,
-1,-1,-1,-1,-1,-1,-1,,,,,,,,,,-1,-1,-1,-1,-1,-1,-1,,,,,,,,,-1,-1,-1,-1,-1,-1,-1,,,,,,,,,,,,
,,,,,,,,,,,,,,,,,,,,,,,,,,,,,,,,,,,,,,,,,,,,,,,,,
,1,25,49,23,5,29,3,,,,,,,,,,,,,,,,,,,,,,,1,25,49,47,38,24,48,,,,,,,,,,,,,
,43,45,2,26,4,28,27,,,,,,,,,,,,,,,,,,,,,,,23,5,29,20,30,33,21,,,,,,,,,,,,,
,19,16,40,18,42,6,9,,,,,,,,,,,,,,,,,,,,,,,3,43,45,14,46,22,44,,,,,,,,,,,,,
,47,38,24,48,20,30,33,,,,,,,,,,,,,,,,,,,,,,,2,26,4,8,7,39,36,,,,,,,,,,,,,
,21,14,46,22,44,8,7,,,,,,,,,,,,,,,,,,,,,,,28,27,19,12,34,10,32,,,,,,,,,,,,,
,39,36,12,34,10,32,31,,,,,,,,,,,,,,,,,,,,,,,16,40,18,31,15,41,17,,,,,,,,,,,,,
,15,41,17,35,11,37,13,,,,,,,,,,,,,,,,,,,,,,,42,6,9,35,11,37,13,,,,,,,,,,,,,
,,,,,,,,,,,,,,,,,,,,,,,,,,,,,,,,,,,,,,,,,,,,,,,,,
,,,,,,,,,,,,,,,,,,,,,,,,,,,,,,,,,,,,,,,,,,,,,,,,,
,,,,,,,,,,,,,,,,,,,,,,,,,,,,,,,,,,,,,,,,,,,,,,,,,
,,,,,,,,,,,,,,,,,,,,,,,,,,,,,,,,,,,,,,,,,,,,,,,,,
,,,,,,,,,,,,,,,,,,,,,,,,,,,,,,,,,,,,,,,,,,,,,,,,,
,,,,,,,,,,,,,,,,,,,,,,,,,,,,,,,,,,,,,,,,,,,,,,,,,
,,,,,,,,,,,,,,,,,,,,,,,,,,,,,,,,,,,,,,,,,,,,,,,,,
,,,,,,,,,,,,,,,,,,,,,,,,,,,,,,,,,,,,,,,,,,,,,,,,,
,,,,,,,,,,,,,,,,,,,,,,,,,,,,,,,,,,,,,,,,,,,,,,,,,
,,,,,,,,,,,,,,,,,,,,,,,,,,,,,,,,,,,,,,,,,,,,,,,,,
,,,,,,,,,,,,,,,,,,,,,,,,,,,,,,,,,,,,,,,,,,,,,,,,,
,,,,,,,,,,,,,,,,,,,,,,,,,,,,,,,,,,,,,,,,,,,,,,,,,
,,,,,,,,,,,,,,,,,,,,,,,,,,,,,,,,,,,,,,,,,,,,,,,,,
,,,,,,,,,,,,,,,,,,,,,,,,,,,,,,,,,,,,,,,,,,,,,,,,,
,,,,,,,,,,,,,,,,,,,,,,,,,,,,,,,,,,,,,,,,,,,,,,,,,
,,,,,,,,,,,,,,,,,,,,,,,,,,,,,,,,,,,,,,,,,,,,,,,,,
,,,,,,,,,,,,,,,,,,,,,,,,,,,,,,,,,,,,,,,,,,,,,,,,,
,,,,,,,,,,,,,,,,,,,,,,,,,,,,,,,,,,,,,,,,,,,,,,,,,
,,,,,,,,,,,,,,,,,,,,,,,,,,,,,,,,,,,,,,,,,,,,,,,,,
,,,,,,,,,,,,,,,,,,,,,,,,,,,,,,,,,,,,,,,,,,,,,,,,,
,,,,,,,,,,,,,,,,,,,,,,,,,,,,,,,,,,,,,,,,,,,,,,,,,
,,,,,,,,,,,,,,,,,,,,,,,,,,,,,,,,,,,,,,,,,,,,,,,,,
,,,,,,,,,,,,,,,,,,,,,,,,,,,,,,,,,,,,,,,,,,,,,,,,,
,,,,,,,,,,,,,,,,,,,,,,,,,,,,,,,,,,,,,,,,,,,,,,,,,
,,,,,,,,,,,,,,,,,,,,,,,,,,,,,,,,,,,,,,,,,,,,,,,,,
,,,,,,,,,,,,,,,,,,,,,,,,,,,,,,,,,,,,,,,,,,,,,,,,,
,,,,,,,,,,,,,,,,,,,,,,,,,,,,,,,,,,,,,,,,,,,,,,,,,
,,,,,,,,,,,,,,,,,,,,,,,,,,,,,,,,,,,,,,,,,,,,,,,,,
,,,,,,,,,,,,,,,,,,,,,,,,,,,,,,,,,,,,,,,,,,,,,,,,,
,,,,,,,,,,,,,,,,,,,,,,,,,,,,,,,,,,,,,,,,,,,,,,,,,
,,,,,,,,,,,,,,,,,,,,,,,,,,,,,,,,,,,,,,,,,,,,,,,,,
,,,,,,,,,,,,,,,,,,,,,,,,,,,,,,,,,,,,,,,,,,,,,,,,,
,,,,,,,,,,,,,,,,,,,,,,,,,,,,,,,,,,,,,,,,,,,,,,,,,
,,,,,,,,,,,,,,,,,,,,,,,,,,,,,,,,,,,,,,,,,,,,,,,,,
,,,,,,,,,,,,,,,,,,,,,,,,,,,,,,,,,,,,,,,,,,,,,,,,,
,,,,,,,,,,,,,,,,,,,,,,,,,,,,,,,,,,,,,,,,,,,,,,,,,
,,,,,,,,,,,,,,,,,,,,,,,,,,,,,,,,,,,,,,,,,,,,,,,,,
