,,3,,,3,,,,,,,,,3,,3,,,,,,,,,3,,3,,,,,,,,3,,,3,,,,,,,,,,,,,,,,,,,,,,,,,,
,,,4,4,,,,,,,,,4,,4,,,,,,,,,,4,4,,,,,,,,,4,,4,,,,,,,,,,,,,,,,,,,,,,,,,,,
,,,10,10,,,,,,,,,10,,10,,,,,,,,,,10,10,,,,,,,,,,10,10,,,,,,,,,,,,,,,,,,,,,,,,,,,
,,,4,4,,,,,,,,,4,,4,,,,,,,,,,4,4,,,,,,,,,4,,4,,,,,,,,,,,,,,,,,,,,,,,,,,,
,,,47,,47,,,,,,,,47,,,47,,,,,,,,,47,,47,,,,,,,,47,,,47,,,,,,,,,,,,,,,,,,,,,,,,,,
,,5,,,5,,,,,,,,5,,,5,,,,,,,,5,,,5,,,,,,,,,5,,5,,,,,,,,,,,,,,,,,,,,,,,,,,
,,45,,45,,,,,,,,,45,,45,,,,,,,,,45,,45,,,,,,,,,,45,45,,,,,,,,,,,,,,,,,,,,,,,,,,,
,,41,,,41,,,,,,,,41,,,41,,,,,,,,41,,,41,,,,,,,,,41,,41,,,,,,,,,,,,,,,,,,,,,,,,,,
,,42,,42,,,,,,,,,,42,42,,,,,,,,,,42,42,,,,,,,,,42,,42,,,,,,,,,,,,,,,,,,,,,,,,,,,
,,2,,2,,,,,,,,,,2,2,,,,,,,,,,2,2,,,,,,,,,2,,2,,,,,,,,,,,,,,,,,,,,,,,,,,,
,,,44,,44,,,,,,,,,44,,44,,,,,,,,44,,,44,,,,,,,,,44,,44,,,,,,,,,,,,,,,,,,,,,,,,,,
,,,44,,44,,,,,,,,,44,,44,,,,,,,,44,,,44,,,,,,,,,44,,44,,,,,,,,,,,,,,,,,,,,,,,,,,
,,45,,45,,,,,,,,,45,,45,,,,,,,,,45,,45,,,,,,,,,,45,45,,,,,,,,,,,,,,,,,,,,,,,,,,,
,,,31,,31,,,,,,,,,31,,31,,,,,,,,31,,,31,,,,,,,,,31,,31,,,,,,,,,,,,,,,,,,,,,,,,,,
,,,43,43,,,,,,,,,43,,43,,,,,,,,,,43,43,,,,,,,,,43,,43,,,,,,,,,,,,,,,,,,,,,,,,,,,
,,23,,,23,,,,,,,,23,,,23,,,,,,,,23,,,23,,,,,,,,,23,,23,,,,,,,,,,,,,,,,,,,,,,,,,,
,,,44,,44,,,,,,,,,44,,44,,,,,,,,44,,,44,,,,,,,,,44,,44,,,,,,,,,,,,,,,,,,,,,,,,,,
,,3,,,3,,,,,,,,,3,,3,,,,,,,,,3,,3,,,,,,,,3,,,3,,,,,,,,,,,,,,,,,,,,,,,,,,
,,45,,45,,,,,,,,,45,,45,,,,,,,,,45,,45,,,,,,,,,,45,45,,,,,,,,,,,,,,,,,,,,,,,,,,,
,,,44,,44,,,,,,,,,44,,44,,,,,,,,44,,,44,,,,,,,,,44,,44,,,,,,,,,,,,,,,,,,,,,,,,,,
,,,43,43,,,,,,,,,43,,43,,,,,,,,,,43,43,,,,,,,,,43,,43,,,,,,,,,,,,,,,,,,,,,,,,,,,
,,15,,,15,,,,,,,,,15,,15,,,,,,,,,15,,15,,,,,,,,,15,,15,,,,,,,,,,,,,,,,,,,,,,,,,,
,,,44,,44,,,,,,,,,44,,44,,,,,,,,44,,,44,,,,,,,,,44,,44,,,,,,,,,,,,,,,,,,,,,,,,,,
,,49,,,49,,,,,,,,49,,,49,,,,,,,,49,,,49,,,,,,,,,49,,49,,,,,,,,,,,,,,,,,,,,,,,,,,
,,45,,45,,,,,,,,,45,,45,,,,,,,,,45,,45,,,,,,,,,,45,45,,,,,,,,,,,,,,,,,,,,,,,,,,,
,,33,,,33,,,,,,,,,33,,33,,,,,,,,,33,,33,,,,,,,,33,,,33,,,,,,,,,,,,,,,,,,,,,,,,,,
,,,43,43,,,,,,,,,43,,43,,,,,,,,,,43,43,,,,,,,,,43,,43,,,,,,,,,,,,,,,,,,,,,,,,,,,
,,5,,,5,,,,,,,,5,,,5,,,,,,,,5,,,5,,,,,,,,,5,,5,,,,,,,,,,,,,,,,,,,,,,,,,,
,,,44,,44,,,,,,,,,44,,44,,,,,,,,44,,,44,,,,,,,,,44,,44,,,,,,,,,,,,,,,,,,,,,,,,,,
,,,39,,39,,,,,,,,,39,,39,,,,,,,,39,,,39,,,,,,,,,39,,39,,,,,,,,,,,,,,,,,,,,,,,,,,
,,45,,45,,,,,,,,,45,,45,,,,,,,,,45,,45,,,,,,,,,,45,45,,,,,,,,,,,,,,,,,,,,,,,,,,,
,,38,,38,,,,,,,,,38,,38,,,,,,,,,38,,38,,,,,,,,,,38,38,,,,,,,,,,,,,,,,,,,,,,,,,,,
,,,43,43,,,,,,,,,43,,43,,,,,,,,,,43,43,,,,,,,,,43,,43,,,,,,,,,,,,,,,,,,,,,,,,,,,
,,45,,45,,,,,,,,,45,,45,,,,,,,,,45,,45,,,,,,,,,,45,45,,,,,,,,,,,,,,,,,,,,,,,,,,,
,,,44,,44,,,,,,,,,44,,44,,,,,,,,44,,,44,,,,,,,,,44,,44,,,,,,,,,,,,,,,,,,,,,,,,,,
,,,18,18,,,,,,,,,18,,18,,,,,,,,,,18,18,,,,,,,,,,18,18,,,,,,,,,,,,,,,,,,,,,,,,,,,
,,45,,45,,,,,,,,,45,,45,,,,,,,,,45,,45,,,,,,,,,,45,45,,,,,,,,,,,,,,,,,,,,,,,,,,,
,,16,,,16,,,,,,,,16,,,16,,,,,,,,16,,,16,,,,,,,,16,,,16,,,,,,,,,,,,,,,,,,,,,,,,,,
,,,43,43,,,,,,,,,43,,43,,,,,,,,,,43,43,,,,,,,,,43,,43,,,,,,,,,,,,,,,,,,,,,,,,,,,
,,12,,12,,,,,,,,,12,,12,,,,,,,,,12,,12,,,,,,,,,12,,12,,,,,,,,,,,,,,,,,,,,,,,,,,,
,,,44,,44,,,,,,,,,44,,44,,,,,,,,44,,,44,,,,,,,,,44,,44,,,,,,,,,,,,,,,,,,,,,,,,,,
,,20,,,20,,,,,,,,,20,,20,,,,,,,,,20,,20,,,,,,,,20,,,20,,,,,,,,,,,,,,,,,,,,,,,,,,
,,45,,45,,,,,,,,,45,,45,,,,,,,,,45,,45,,,,,,,,,,45,45,,,,,,,,,,,,,,,,,,,,,,,,,,,
,,,6,,6,,,,,,,,,6,,6,,,,,,,,6,,,6,,,,,,,,,6,,6,,,,,,,,,,,,,,,,,,,,,,,,,,
,,,43,43,,,,,,,,,43,,43,,,,,,,,,,43,43,,,,,,,,,43,,43,,,,,,,,,,,,,,,,,,,,,,,,,,,
,,,36,36,,,,,,,,,36,,36,,,,,,,,,,36,36,,,,,,,,,36,,36,,,,,,,,,,,,,,,,,,,,,,,,,,,
,,,44,,44,,,,,,,,,44,,44,,,,,,,,44,,,44,,,,,,,,,44,,44,,,,,,,,,,,,,,,,,,,,,,,,,,
,,,47,,47,,,,,,,,47,,,47,,,,,,,,,47,,47,,,,,,,,47,,,47,,,,,,,,,,,,,,,,,,,,,,,,,,
,,45,,45,,,,,,,,,45,,45,,,,,,,,,45,,45,,,,,,,,,,45,45,,,,,,,,,,,,,,,,,,,,,,,,,,,
,,41,,,41,,,,,,,,41,,,41,,,,,,,,41,,,41,,,,,,,,,41,,41,,,,,,,,,,,,,,,,,,,,,,,,,,
,,,43,43,,,,,,,,,43,,43,,,,,,,,,,43,43,,,,,,,,,43,,43,,,,,,,,,,,,,,,,,,,,,,,,,,,
,,,26,,26,,,,,,,,,26,,26,,,,,,,,26,,,26,,,,,,,,,26,,26,,,,,,,,,,,,,,,,,,,,,,,,,,
,,,44,,44,,,,,,,,,44,,44,,,,,,,,44,,,44,,,,,,,,,44,,44,,,,,,,,,,,,,,,,,,,,,,,,,,
,,,17,17,,,,,,,,,,17,17,,,,,,,,,17,,17,,,,,,,,,17,,17,,,,,,,,,,,,,,,,,,,,,,,,,,,
,,45,,45,,,,,,,,,45,,45,,,,,,,,,45,,45,,,,,,,,,,45,45,,,,,,,,,,,,,,,,,,,,,,,,,,,
,,37,,37,,,,,,,,,,37,37,,,,,,,,,,37,37,,,,,,,,,37,,37,,,,,,,,,,,,,,,,,,,,,,,,,,,
,,,43,43,,,,,,,,,43,,43,,,,,,,,,,43,43,,,,,,,,,43,,43,,,,,,,,,,,,,,,,,,,,,,,,,,,
,,49,,,49,,,,,,,,49,,,49,,,,,,,,49,,,49,,,,,,,,,49,,49,,,,,,,,,,,,,,,,,,,,,,,,,,
,,,44,,44,,,,,,,,,44,,44,,,,,,,,44,,,44,,,,,,,,,44,,44,,,,,,,,,,,,,,,,,,,,,,,,,,
,,34,,,34,,,,,,,,34,,,34,,,,,,,,34,,,34,,,,,,,,,34,,34,,,,,,,,,,,,,,,,,,,,,,,,,,
,,45,,45,,,,,,,,,45,,45,,,,,,,,,45,,45,,,,,,,,,,45,45,,,,,,,,,,,,,,,,,,,,,,,,,,,
,,,26,,26,,,,,,,,,26,,26,,,,,,,,26,,,26,,,,,,,,,26,,26,,,,,,,,,,,,,,,,,,,,,,,,,,
,,,43,43,,,,,,,,,43,,43,,,,,,,,,,43,43,,,,,,,,,43,,43,,,,,,,,,,,,,,,,,,,,,,,,,,,
,,,40,40,,,,,,,,,,40,40,,,,,,,,,40,,40,,,,,,,,,,40,40,,,,,,,,,,,,,,,,,,,,,,,,,,,
,,,44,,44,,,,,,,,,44,,44,,,,,,,,44,,,44,,,,,,,,,44,,44,,,,,,,,,,,,,,,,,,,,,,,,,,
,,,29,,29,,,,,,,,29,,,29,,,,,,,,,29,,29,,,,,,,,29,,,29,,,,,,,,,,,,,,,,,,,,,,,,,,
,,45,,45,,,,,,,,,45,,45,,,,,,,,,45,,45,,,,,,,,,,45,45,,,,,,,,,,,,,,,,,,,,,,,,,,,
,,,25,25,,,,,,,,,25,,25,,,,,,,,,,25,25,,,,,,,,,25,,25,,,,,,,,,,,,,,,,,,,,,,,,,,,
,,,43,43,,,,,,,,,43,,43,,,,,,,,,,43,43,,,,,,,,,43,,43,,,,,,,,,,,,,,,,,,,,,,,,,,,
,,2,,2,,,,,,,,,,2,2,,,,,,,,,,2,2,,,,,,,,,2,,2,,,,,,,,,,,,,,,,,,,,,,,,,,,
,,,44,,44,,,,,,,,,44,,44,,,,,,,,44,,,44,,,,,,,,,44,,44,,,,,,,,,,,,,,,,,,,,,,,,,,
,,,47,,47,,,,,,,,47,,,47,,,,,,,,,47,,47,,,,,,,,47,,,47,,,,,,,,,,,,,,,,,,,,,,,,,,
,,45,,45,,,,,,,,,45,,45,,,,,,,,,45,,45,,,,,,,,,,45,45,,,,,,,,,,,,,,,,,,,,,,,,,,,
,,15,,,15,,,,,,,,,15,,15,,,,,,,,,15,,15,,,,,,,,,15,,15,,,,,,,,,,,,,,,,,,,,,,,,,,
