,,,,,,,,,,,,,,,,,,,,,,,,,,,,,,,,,,,,,,,,,,,,,,,,,
,,,,,,,,,,,,,,,,,,,,,,,,,,,,,,,,,,,,,,,,,,,,,,,,,
,,,,,,,,,,,,,,,,,,,,,,,,,,,,,,,,,,,,,,,,,,,,,,,,,
,,,,,,,,,,,,,,,,,,,,,,,,,,,,,,,,,,,,,,,,,,,,,,,,,
,,,,,,,,,,,,,,,,,,,,,,,,,,,,,,,,,,,,,,,,,,,,,,,,,
,,,,,,,,,,,,,,,,,,,,,,,,,,,,,,,,,,,,,,,,,,,,,,,,,
1,2,3,1,8,15,,,,,,,,,,,,,,,,,,,,,,,,,,,,,,,,,,,,,,,,,,,,
8,9,10,2,9,16,,,,,,,,,,,1,2,3,1,6,11,,,,,,,,,,,,,1,2,3,1,6,11,,,,,,,,,,
15,16,17,3,10,17,,,,,,,,,,,6,7,8,2,7,12,,,,,,,,,,,,,6,7,8,2,7,12,,,,,,,,,,
22,23,24,22,29,36,,,,,,,,,,,11,12,13,3,8,13,,,,,,,,,,,,,11,12,13,3,8,13,,,,,,,,,,
29,30,31,23,30,37,,,,,,,,,,,16,17,18,16,21,26,,,,,,,,,,,,,16,17,18,16,21,4,,,,,,,,,,
36,37,38,24,31,38,,,,,,,,,,,21,22,23,17,22,27,,,,,,,,,,,,,21,22,23,17,22,5,,,,,,,,,,
43,44,45,43,6,21,,,,,,,,,,,26,27,28,18,23,28,,,,,,,,,,,,,4,5,28,18,23,28,,,,,,,,,,
6,7,13,44,7,27,,,,,,,,,,,31,32,33,31,36,41,,,,,,,,,,,,,9,10,33,9,14,19,,,,,,,,,,
21,27,28,45,13,28,,,,,,,,,,,36,37,38,32,37,42,,,,,,,,,,,,,14,15,38,10,15,20,,,,,,,,,,
41,42,48,41,4,12,,,,,,,,,,,41,42,43,33,38,43,,,,,,,,,,,,,19,20,43,33,38,43,,,,,,,,,,
4,5,11,42,5,18,,,,,,,,,,,46,47,48,46,4,10,,,,,,,,,,,,,24,25,48,24,26,32,,,,,,,,,,
12,18,19,48,11,19,,,,,,,,,,,4,5,9,47,5,14,,,,,,,,,,,,,26,27,31,25,27,36,,,,,,,,,,
25,26,32,25,33,46,,,,,,,,,,,10,14,15,48,9,15,,,,,,,,,,,,,32,36,37,48,31,37,,,,,,,,,,
33,39,40,26,39,47,,,,,,,,,,,19,20,24,19,25,34,,,,,,,,,,,,,41,42,46,41,47,34,,,,,,,,,,
46,47,14,32,40,14,,,,,,,,,,,25,29,30,20,29,35,,,,,,,,,,,,,47,29,30,42,29,35,,,,,,,,,,
20,34,35,35,34,20,,,,,,,,,,,34,35,39,24,30,39,,,,,,,,,,,,,34,35,39,46,30,39,,,,,,,,,,
49,,,49,,,,,,,,,,,,,40,44,45,45,44,40,,,,,,,,,,,,,40,44,45,45,44,40,,,,,,,,,,
,,,,,,,,,,,,,,,,49,,,49,,,,,,,,,,,,,,,49,,,49,,,,,,,,,,,,
,,,,,,,,,,,,,,,,,,,,,,,,,,,,,,,,,,,,,,,,,,,,,,,,,
,,,,,,,,,,,,,,,,,,,,,,,,,,,,,,,,,,,,,,,,,,,,,,,,,
,,,,,,,,,,,,,,,,,,,,,,,,,,,,,,,,,,,,,,,,,,,,,,,,,
,,,,,,,,,,,,,,,,,,,,,,,,,,,,,,,,,,,,,,,,,,,,,,,,,
,,,,,,,,,,,,,,,,,,,,,,,,,,,,,,,,,,,,,,,,,,,,,,,,,
,,,,,,,,,,,,,,,,,,,,,,,,,,,,,,,,,,,,,,,,,,,,,,,,,
,,,,,,,,,,,,,,,,,,,,,,,,,,,,,,,,,,,,,,,,,,,,,,,,,
,,,,,,,,,,,,,,,,,,,,,,,,,,,,,,,,,,,,,,,,,,,,,,,,,
,,,,,,,,,,,,,,,,,,,,,,,,,,,,,,,,,,,,,,,,,,,,,,,,,
,,,,,,,,,,,,,,,,,,,,,,,,,,,,,,,,,,,,,,,,,,,,,,,,,
,,,,,,,,,,,,,,,,,,,,,,,,,,,,,,,,,,,,,,,,,,,,,,,,,
,,,,,,,,,,,,,,,,,,,,,,,,,,,,,,,,,,,,,,,,,,,,,,,,,
,,,,,,,,,,,,,,,,,,,,,,,,,,,,,,,,,,,,,,,,,,,,,,,,,
,,,,,,,,,,,,,,,,,,,,,,,,,,,,,,,,,,,,,,,,,,,,,,,,,
,,,,,,,,,,,,,,,,,,,,,,,,,,,,,,,,,,,,,,,,,,,,,,,,,
,,,,,,,,,,,,,,,,,,,,,,,,,,,,,,,,,,,,,,,,,,,,,,,,,
,,,,,,,,,,,,,,,,,,,,,,,,,,,,,,,,,,,,,,,,,,,,,,,,,
,,,,,,,,,,,,,,,,,,,,,,,,,,,,,,,,,,,,,,,,,,,,,,,,,
,,,,,,,,,,,,,,,,,,,,,,,,,,,,,,,,,,,,,,,,,,,,,,,,,
,,,,,,,,,,,,,,,,,,,,,,,,,,,,,,,,,,,,,,,,,,,,,,,,,
,,,,,,,,,,,,,,,,,,,,,,,,,,,,,,,,,,,,,,,,,,,,,,,,,
,,,,,,,,,,,,,,,,,,,,,,,,,,,,,,,,,,,,,,,,,,,,,,,,,
,,,,,,,,,,,,,,,,,,,,,,,,,,,,,,,,,,,,,,,,,,,,,,,,,
,,,,,,,,,,,,,,,,,,,,,,,,,,,,,,,,,,,,,,,,,,,,,,,,,
,,,,,,,,,,,,,,,,,,,,,,,,,,,,,,,,,,,,,,,,,,,,,,,,,
,,,,,,,,,,,,,,,,,,,,,,,,,,,,,,,,,,,,,,,,,,,,,,,,,
,,,,,,,,,,,,,,,,,,,,,,,,,,,,,,,,,,,,,,,,,,,,,,,,,
,,,,,,,,,,,,,,,,,,,,,,,,,,,,,,,,,,,,,,,,,,,,,,,,,
,,,,,,,,,,,,,,,,,,,,,,,,,,,,,,,,,,,,,,,,,,,,,,,,,
,,,,,,,,,,,,,,,,,,,,,,,,,,,,,,,,,,,,,,,,,,,,,,,,,
,,,,,,,,,,,,,,,,,,,,,,,,,,,,,,,,,,,,,,,,,,,,,,,,,
,,,,,,,,,,,,,,,,,,,,,,,,,,,,,,,,,,,,,,,,,,,,,,,,,
,,,,,,,,,,,,,,,,,,,,,,,,,,,,,,,,,,,,,,,,,,,,,,,,,
,,,,,,,,,,,,,,,,,,,,,,,,,,,,,,,,,,,,,,,,,,,,,,,,,
,,,,,,,,,,,,,,,,,,,,,,,,,,,,,,,,,,,,,,,,,,,,,,,,,
