,,,,,,,,,,,,,,,,,,,,,,,,,,,,,,,,,,,,,,,,,,,,,,,,,
,,,,,,,,,,,,,,,,,,,,,,,,,,,,,,,,,,,,,,,,,,,,,,,,,
,,,,,,,,,,,,,,,,,,,,,,,,,,,,,,,,,,,,,,,,,,,,,,,,,
,,,,,,,,,,,,,,,,,,,,,,,,,,,,,,,,,,,,,,,,,,,,,,,,,
,,,,,,,,,,,,,,,,,,,,,,,,,,,,,,,,,,,,,,,,,,,,,,,,,
,,,,,,,,,,,,,,,,,,,,,,,,,,,,,,,,,,,,,,,,,,,,,,,,,
,,,,,,,,,,,,,,,,,,,,,,,,,,,,,,,,,,,,,,,,,,,,,,,,,
1,3,12,1,9,6,,,,,,,,,,,1,3,12,1,25,29,,,,,,,,,,,,,1,3,12,1,25,29,,,,,,,,,,
9,18,27,3,18,8,,,,,,,,,,,25,43,9,3,43,49,,,,,,,,,,,,,25,43,9,3,43,49,,,,,,,,,,
6,8,46,12,27,46,,,,,,,,,,,29,49,13,12,9,13,,,,,,,,,,,,,29,49,13,12,9,13,,,,,,,,,,
11,14,15,11,21,33,,,,,,,,,,,8,46,2,8,10,17,,,,,,,,,,,,,8,46,2,8,10,5,,,,,,,,,,
21,23,24,14,23,34,,,,,,,,,,,10,11,14,46,11,19,,,,,,,,,,,,,10,11,14,46,11,32,,,,,,,,,,
33,34,35,15,24,35,,,,,,,,,,,17,19,20,2,14,20,,,,,,,,,,,,,5,32,20,2,14,20,,,,,,,,,,
40,41,42,40,25,10,,,,,,,,,,,24,26,28,24,33,38,,,,,,,,,,,,,18,27,28,18,22,4,,,,,,,,,,
25,43,13,41,43,19,,,,,,,,,,,33,34,35,26,34,39,,,,,,,,,,,,,22,6,35,27,6,7,,,,,,,,,,
10,19,20,42,13,20,,,,,,,,,,,38,39,40,28,35,40,,,,,,,,,,,,,4,7,40,28,35,40,,,,,,,,,,
38,39,47,38,5,49,,,,,,,,,,,44,45,47,44,5,27,,,,,,,,,,,,,15,16,47,15,17,26,,,,,,,,,,
5,32,29,39,32,2,,,,,,,,,,,5,32,18,45,32,22,,,,,,,,,,,,,17,19,24,16,19,33,,,,,,,,,,
49,2,4,47,29,4,,,,,,,,,,,27,22,6,47,18,6,,,,,,,,,,,,,26,33,34,47,24,34,,,,,,,,,,
16,17,26,16,28,44,,,,,,,,,,,4,7,15,4,16,30,,,,,,,,,,,,,38,39,44,38,45,30,,,,,,,,,,
28,36,37,17,36,45,,,,,,,,,,,16,21,23,7,21,31,,,,,,,,,,,,,45,21,23,39,21,31,,,,,,,,,,
44,45,22,26,37,22,,,,,,,,,,,30,31,36,15,23,36,,,,,,,,,,,,,30,31,36,44,23,36,,,,,,,,,,
7,30,31,31,30,7,,,,,,,,,,,37,41,42,42,41,37,,,,,,,,,,,,,37,41,42,42,41,37,,,,,,,,,,
48,,,48,,,,,,,,,,,,,48,,,48,,,,,,,,,,,,,,,48,,,48,,,,,,,,,,,,
,,,,,,,,,,,,,,,,,,,,,,,,,,,,,,,,,,,,,,,,,,,,,,,,,
,,,,,,,,,,,,,,,,,,,,,,,,,,,,,,,,,,,,,,,,,,,,,,,,,
,,,,,,,,,,,,,,,,,,,,,,,,,,,,,,,,,,,,,,,,,,,,,,,,,
,,,,,,,,,,,,,,,,,,,,,,,,,,,,,,,,,,,,,,,,,,,,,,,,,
,,,,,,,,,,,,,,,,,,,,,,,,,,,,,,,,,,,,,,,,,,,,,,,,,
,,,,,,,,,,,,,,,,,,,,,,,,,,,,,,,,,,,,,,,,,,,,,,,,,
,,,,,,,,,,,,,,,,,,,,,,,,,,,,,,,,,,,,,,,,,,,,,,,,,
,,,,,,,,,,,,,,,,,,,,,,,,,,,,,,,,,,,,,,,,,,,,,,,,,
,,,,,,,,,,,,,,,,,,,,,,,,,,,,,,,,,,,,,,,,,,,,,,,,,
,,,,,,,,,,,,,,,,,,,,,,,,,,,,,,,,,,,,,,,,,,,,,,,,,
,,,,,,,,,,,,,,,,,,,,,,,,,,,,,,,,,,,,,,,,,,,,,,,,,
,,,,,,,,,,,,,,,,,,,,,,,,,,,,,,,,,,,,,,,,,,,,,,,,,
,,,,,,,,,,,,,,,,,,,,,,,,,,,,,,,,,,,,,,,,,,,,,,,,,
,,,,,,,,,,,,,,,,,,,,,,,,,,,,,,,,,,,,,,,,,,,,,,,,,
,,,,,,,,,,,,,,,,,,,,,,,,,,,,,,,,,,,,,,,,,,,,,,,,,
,,,,,,,,,,,,,,,,,,,,,,,,,,,,,,,,,,,,,,,,,,,,,,,,,
,,,,,,,,,,,,,,,,,,,,,,,,,,,,,,,,,,,,,,,,,,,,,,,,,
,,,,,,,,,,,,,,,,,,,,,,,,,,,,,,,,,,,,,,,,,,,,,,,,,
,,,,,,,,,,,,,,,,,,,,,,,,,,,,,,,,,,,,,,,,,,,,,,,,,
,,,,,,,,,,,,,,,,,,,,,,,,,,,,,,,,,,,,,,,,,,,,,,,,,
,,,,,,,,,,,,,,,,,,,,,,,,,,,,,,,,,,,,,,,,,,,,,,,,,
,,,,,,,,,,,,,,,,,,,,,,,,,,,,,,,,,,,,,,,,,,,,,,,,,
,,,,,,,,,,,,,,,,,,,,,,,,,,,,,,,,,,,,,,,,,,,,,,,,,
,,,,,,,,,,,,,,,,,,,,,,,,,,,,,,,,,,,,,,,,,,,,,,,,,
,,,,,,,,,,,,,,,,,,,,,,,,,,,,,,,,,,,,,,,,,,,,,,,,,
,,,,,,,,,,,,,,,,,,,,,,,,,,,,,,,,,,,,,,,,,,,,,,,,,
,,,,,,,,,,,,,,,,,,,,,,,,,,,,,,,,,,,,,,,,,,,,,,,,,
,,,,,,,,,,,,,,,,,,,,,,,,,,,,,,,,,,,,,,,,,,,,,,,,,
,,,,,,,,,,,,,,,,,,,,,,,,,,,,,,,,,,,,,,,,,,,,,,,,,
,,,,,,,,,,,,,,,,,,,,,,,,,,,,,,,,,,,,,,,,,,,,,,,,,
,,,,,,,,,,,,,,,,,,,,,,,,,,,,,,,,,,,,,,,,,,,,,,,,,
,,,,,,,,,,,,,,,,,,,,,,,,,,,,,,,,,,,,,,,,,,,,,,,,,
,,,,,,,,,,,,,,,,,,,,,,,,,,,,,,,,,,,,,,,,,,,,,,,,,
,,,,,,,,,,,,,,,,,,,,,,,,,,,,,,,,,,,,,,,,,,,,,,,,,
,,,,,,,,,,,,,,,,,,,,,,,,,,,,,,,,,,,,,,,,,,,,,,,,,
