,,,,,,,,,,,,,,,,,,,,,,,,,,,,,,,,,,,,,,,,,,,,,,,,,
,,,,,,,,,,,,,,,,,,,,,,,,,,,,,,,,,,,,,,,,,,,,,,,,,
,,,,,,,,,,,,,,,,,,,,,,,,,,,,,,,,,,,,,,,,,,,,,,,,,
,,,,,,,,,,,,,,,,,,,,,,,,,,,,,,,,,,,,,,,,,,,,,,,,,
,,,,,,,,,,,,,,,,,,,,,,,,,,,,,,,,,,,,,,,,,,,,,,,,,
,,,,,,,,,,,,,,,,,,,,,,,,,,,,,,,,,,,,,,,,,,,,,,,,,
,,,,,,,,,,,,,,,,,,,,,,,,,,,,,,,,,,,,,,,,,,,,,,,,,
1,10,2,1,21,5,,,,,,,,,,,1,10,2,1,3,13,,,,,,,,,,,,,1,10,2,1,3,13,,,,,,,,,,
21,30,4,10,30,14,,,,,,,,,,,3,12,21,10,12,22,,,,,,,,,,,,,3,12,21,10,12,22,,,,,,,,,,
5,14,23,2,4,23,,,,,,,,,,,13,22,31,2,21,31,,,,,,,,,,,,,13,22,31,2,21,31,,,,,,,,,,
24,33,42,24,43,18,,,,,,,,,,,14,23,32,14,15,16,,,,,,,,,,,,,14,23,32,14,15,11,,,,,,,,,,
43,8,17,33,8,27,,,,,,,,,,,15,24,33,23,24,25,,,,,,,,,,,,,15,24,33,23,24,20,,,,,,,,,,
18,27,36,42,17,36,,,,,,,,,,,16,25,34,32,33,34,,,,,,,,,,,,,11,20,34,32,33,34,,,,,,,,,,
46,29,38,46,3,15,,,,,,,,,,,17,26,35,17,18,28,,,,,,,,,,,,,30,4,35,30,40,41,,,,,,,,,,
3,12,31,29,12,25,,,,,,,,,,,18,27,36,26,27,37,,,,,,,,,,,,,40,5,36,4,5,6,,,,,,,,,,
15,25,34,38,31,34,,,,,,,,,,,28,37,46,35,36,46,,,,,,,,,,,,,41,6,46,35,36,46,,,,,,,,,,
28,37,48,28,11,22,,,,,,,,,,,47,39,48,47,11,4,,,,,,,,,,,,,42,7,48,42,16,26,,,,,,,,,,
11,20,13,37,20,32,,,,,,,,,,,11,20,30,39,20,40,,,,,,,,,,,,,16,25,17,7,25,18,,,,,,,,,,
22,32,41,48,13,41,,,,,,,,,,,4,40,5,48,30,5,,,,,,,,,,,,,26,18,27,48,17,27,,,,,,,,,,
7,16,26,7,35,47,,,,,,,,,,,41,6,42,41,7,44,,,,,,,,,,,,,28,37,47,28,39,44,,,,,,,,,,
35,45,19,16,45,39,,,,,,,,,,,7,43,8,6,43,9,,,,,,,,,,,,,39,43,8,37,43,9,,,,,,,,,,
47,39,40,26,19,40,,,,,,,,,,,44,9,45,42,8,45,,,,,,,,,,,,,44,9,45,47,8,45,,,,,,,,,,
6,44,9,9,44,6,,,,,,,,,,,19,29,38,38,29,19,,,,,,,,,,,,,19,29,38,38,29,19,,,,,,,,,,
49,,,49,,,,,,,,,,,,,49,,,49,,,,,,,,,,,,,,,49,,,49,,,,,,,,,,,,
,,,,,,,,,,,,,,,,,,,,,,,,,,,,,,,,,,,,,,,,,,,,,,,,,
,,,,,,,,,,,,,,,,,,,,,,,,,,,,,,,,,,,,,,,,,,,,,,,,,
,,,,,,,,,,,,,,,,,,,,,,,,,,,,,,,,,,,,,,,,,,,,,,,,,
,,,,,,,,,,,,,,,,,,,,,,,,,,,,,,,,,,,,,,,,,,,,,,,,,
,,,,,,,,,,,,,,,,,,,,,,,,,,,,,,,,,,,,,,,,,,,,,,,,,
,,,,,,,,,,,,,,,,,,,,,,,,,,,,,,,,,,,,,,,,,,,,,,,,,
,,,,,,,,,,,,,,,,,,,,,,,,,,,,,,,,,,,,,,,,,,,,,,,,,
,,,,,,,,,,,,,,,,,,,,,,,,,,,,,,,,,,,,,,,,,,,,,,,,,
,,,,,,,,,,,,,,,,,,,,,,,,,,,,,,,,,,,,,,,,,,,,,,,,,
,,,,,,,,,,,,,,,,,,,,,,,,,,,,,,,,,,,,,,,,,,,,,,,,,
,,,,,,,,,,,,,,,,,,,,,,,,,,,,,,,,,,,,,,,,,,,,,,,,,
,,,,,,,,,,,,,,,,,,,,,,,,,,,,,,,,,,,,,,,,,,,,,,,,,
,,,,,,,,,,,,,,,,,,,,,,,,,,,,,,,,,,,,,,,,,,,,,,,,,
,,,,,,,,,,,,,,,,,,,,,,,,,,,,,,,,,,,,,,,,,,,,,,,,,
,,,,,,,,,,,,,,,,,,,,,,,,,,,,,,,,,,,,,,,,,,,,,,,,,
,,,,,,,,,,,,,,,,,,,,,,,,,,,,,,,,,,,,,,,,,,,,,,,,,
,,,,,,,,,,,,,,,,,,,,,,,,,,,,,,,,,,,,,,,,,,,,,,,,,
,,,,,,,,,,,,,,,,,,,,,,,,,,,,,,,,,,,,,,,,,,,,,,,,,
,,,,,,,,,,,,,,,,,,,,,,,,,,,,,,,,,,,,,,,,,,,,,,,,,
,,,,,,,,,,,,,,,,,,,,,,,,,,,,,,,,,,,,,,,,,,,,,,,,,
,,,,,,,,,,,,,,,,,,,,,,,,,,,,,,,,,,,,,,,,,,,,,,,,,
,,,,,,,,,,,,,,,,,,,,,,,,,,,,,,,,,,,,,,,,,,,,,,,,,
,,,,,,,,,,,,,,,,,,,,,,,,,,,,,,,,,,,,,,,,,,,,,,,,,
,,,,,,,,,,,,,,,,,,,,,,,,,,,,,,,,,,,,,,,,,,,,,,,,,
,,,,,,,,,,,,,,,,,,,,,,,,,,,,,,,,,,,,,,,,,,,,,,,,,
,,,,,,,,,,,,,,,,,,,,,,,,,,,,,,,,,,,,,,,,,,,,,,,,,
,,,,,,,,,,,,,,,,,,,,,,,,,,,,,,,,,,,,,,,,,,,,,,,,,
,,,,,,,,,,,,,,,,,,,,,,,,,,,,,,,,,,,,,,,,,,,,,,,,,
,,,,,,,,,,,,,,,,,,,,,,,,,,,,,,,,,,,,,,,,,,,,,,,,,
,,,,,,,,,,,,,,,,,,,,,,,,,,,,,,,,,,,,,,,,,,,,,,,,,
,,,,,,,,,,,,,,,,,,,,,,,,,,,,,,,,,,,,,,,,,,,,,,,,,
,,,,,,,,,,,,,,,,,,,,,,,,,,,,,,,,,,,,,,,,,,,,,,,,,
,,,,,,,,,,,,,,,,,,,,,,,,,,,,,,,,,,,,,,,,,,,,,,,,,
,,,,,,,,,,,,,,,,,,,,,,,,,,,,,,,,,,,,,,,,,,,,,,,,,
,,,,,,,,,,,,,,,,,,,,,,,,,,,,,,,,,,,,,,,,,,,,,,,,,
