,,3,,,3,,,,,,,,3,,,3,,,,,,,,3,,,3,,,,,3,,,3,,,,,,,,,,,,,,,,,,,,,,,,,,,,,
,,,4,,4,,,,,,,,,4,,4,,,,,,,,4,,,4,,,,,4,,,4,,,,,,,,,,,,,,,,,,,,,,,,,,,,,
,,10,,10,,,,,,,,,,10,10,,,,,,,,,,10,10,,,,,,,10,10,,,,,,,,,,,,,,,,,,,,,,,,,,,,,,
,,25,,,25,,,,,,,,25,,,25,,,,,,,,25,,,25,,,,,,25,,25,,,,,,,,,,,,,,,,,,,,,,,,,,,,,
,,,47,,47,,,,,,,,47,,,47,,,,,,,,,47,,47,,,,,,47,,47,,,,,,,,,,,,,,,,,,,,,,,,,,,,,
,,26,,,26,,,,,,,,,26,,26,,,,,,,,,26,,26,,,,,26,,,26,,,,,,,,,,,,,,,,,,,,,,,,,,,,,
,,,33,33,,,,,,,,,,33,33,,,,,,,,,33,,33,,,,,,33,,33,,,,,,,,,,,,,,,,,,,,,,,,,,,,,,
,,41,,41,,,,,,,,,41,,41,,,,,,,,,41,,41,,,,,,41,,41,,,,,,,,,,,,,,,,,,,,,,,,,,,,,,
,,,31,,31,,,,,,,,,31,,31,,,,,,,,31,,,31,,,,,,31,,31,,,,,,,,,,,,,,,,,,,,,,,,,,,,,
,,,2,2,,,,,,,,,,2,2,,,,,,,,,2,,2,,,,,,,2,2,,,,,,,,,,,,,,,,,,,,,,,,,,,,,,
,,32,,32,,,,,,,,,32,,32,,,,,,,,,32,,32,,,,,,32,,32,,,,,,,,,,,,,,,,,,,,,,,,,,,,,,
,,,44,,44,,,,,,,,,44,,44,,,,,,,,44,,,44,,,,,44,,,44,,,,,,,,,,,,,,,,,,,,,,,,,,,,,
,,,33,33,,,,,,,,,,33,33,,,,,,,,,33,,33,,,,,,33,,33,,,,,,,,,,,,,,,,,,,,,,,,,,,,,,
,,,31,,31,,,,,,,,,31,,31,,,,,,,,31,,,31,,,,,,31,,31,,,,,,,,,,,,,,,,,,,,,,,,,,,,,
,,,31,,31,,,,,,,,,31,,31,,,,,,,,31,,,31,,,,,,31,,31,,,,,,,,,,,,,,,,,,,,,,,,,,,,,
,,23,,23,,,,,,,,,23,,23,,,,,,,,,23,,23,,,,,,,23,23,,,,,,,,,,,,,,,,,,,,,,,,,,,,,,
,,32,,32,,,,,,,,,32,,32,,,,,,,,,32,,32,,,,,,32,,32,,,,,,,,,,,,,,,,,,,,,,,,,,,,,,
,,3,,,3,,,,,,,,3,,,3,,,,,,,,3,,,3,,,,,3,,,3,,,,,,,,,,,,,,,,,,,,,,,,,,,,,
,,,33,33,,,,,,,,,,33,33,,,,,,,,,33,,33,,,,,,33,,33,,,,,,,,,,,,,,,,,,,,,,,,,,,,,,
,,,44,,44,,,,,,,,,44,,44,,,,,,,,44,,,44,,,,,44,,,44,,,,,,,,,,,,,,,,,,,,,,,,,,,,,
,,,31,,31,,,,,,,,,31,,31,,,,,,,,31,,,31,,,,,,31,,31,,,,,,,,,,,,,,,,,,,,,,,,,,,,,
,,,15,15,,,,,,,,,,15,15,,,,,,,,,15,,15,,,,,,15,,15,,,,,,,,,,,,,,,,,,,,,,,,,,,,,,
,,32,,32,,,,,,,,,32,,32,,,,,,,,,32,,32,,,,,,32,,32,,,,,,,,,,,,,,,,,,,,,,,,,,,,,,
,,,49,49,,,,,,,,,49,,49,,,,,,,,,,49,49,,,,,,49,,49,,,,,,,,,,,,,,,,,,,,,,,,,,,,,,
,,,33,33,,,,,,,,,,33,33,,,,,,,,,33,,33,,,,,,33,,33,,,,,,,,,,,,,,,,,,,,,,,,,,,,,,
,,,33,33,,,,,,,,,,33,33,,,,,,,,,33,,33,,,,,,33,,33,,,,,,,,,,,,,,,,,,,,,,,,,,,,,,
,,,31,,31,,,,,,,,,31,,31,,,,,,,,31,,,31,,,,,,31,,31,,,,,,,,,,,,,,,,,,,,,,,,,,,,,
,,5,,5,,,,,,,,,5,,5,,,,,,,,,5,,5,,,,,,,5,5,,,,,,,,,,,,,,,,,,,,,,,,,,,,,,
,,32,,32,,,,,,,,,32,,32,,,,,,,,,32,,32,,,,,,32,,32,,,,,,,,,,,,,,,,,,,,,,,,,,,,,,
,,39,,,39,,,,,,,,,39,,39,,,,,,,,,39,,39,,,,,,39,,39,,,,,,,,,,,,,,,,,,,,,,,,,,,,,
,,,33,33,,,,,,,,,,33,33,,,,,,,,,33,,33,,,,,,33,,33,,,,,,,,,,,,,,,,,,,,,,,,,,,,,,
,,,38,,38,,,,,,,,38,,,38,,,,,,,,,38,,38,,,,,38,,,38,,,,,,,,,,,,,,,,,,,,,,,,,,,,,
,,,31,,31,,,,,,,,,31,,31,,,,,,,,31,,,31,,,,,,31,,31,,,,,,,,,,,,,,,,,,,,,,,,,,,,,
,,,45,45,,,,,,,,,45,,45,,,,,,,,,,45,45,,,,,,,45,45,,,,,,,,,,,,,,,,,,,,,,,,,,,,,,
,,32,,32,,,,,,,,,32,,32,,,,,,,,,32,,32,,,,,,32,,32,,,,,,,,,,,,,,,,,,,,,,,,,,,,,,
,,,18,18,,,,,,,,,18,,18,,,,,,,,,,18,18,,,,,,18,,18,,,,,,,,,,,,,,,,,,,,,,,,,,,,,,
,,,33,33,,,,,,,,,,33,33,,,,,,,,,33,,33,,,,,,33,,33,,,,,,,,,,,,,,,,,,,,,,,,,,,,,,
,,,16,,16,,,,,,,,16,,,16,,,,,,,,,16,,16,,,,,,16,,16,,,,,,,,,,,,,,,,,,,,,,,,,,,,,
,,,31,,31,,,,,,,,,31,,31,,,,,,,,31,,,31,,,,,,31,,31,,,,,,,,,,,,,,,,,,,,,,,,,,,,,
,,12,,,12,,,,,,,,12,,,12,,,,,,,,12,,,12,,,,,12,,,12,,,,,,,,,,,,,,,,,,,,,,,,,,,,,
,,32,,32,,,,,,,,,32,,32,,,,,,,,,32,,32,,,,,,32,,32,,,,,,,,,,,,,,,,,,,,,,,,,,,,,,
,,,20,,20,,,,,,,,20,,,20,,,,,,,,,20,,20,,,,,20,,,20,,,,,,,,,,,,,,,,,,,,,,,,,,,,,
,,,33,33,,,,,,,,,,33,33,,,,,,,,,33,,33,,,,,,33,,33,,,,,,,,,,,,,,,,,,,,,,,,,,,,,,
,,6,,6,,,,,,,,,,6,6,,,,,,,,,,6,6,,,,,,6,,6,,,,,,,,,,,,,,,,,,,,,,,,,,,,,,
,,,31,,31,,,,,,,,,31,,31,,,,,,,,31,,,31,,,,,,31,,31,,,,,,,,,,,,,,,,,,,,,,,,,,,,,
,,,36,36,,,,,,,,,36,,36,,,,,,,,,,36,36,,,,,,,36,36,,,,,,,,,,,,,,,,,,,,,,,,,,,,,,
,,32,,32,,,,,,,,,32,,32,,,,,,,,,32,,32,,,,,,32,,32,,,,,,,,,,,,,,,,,,,,,,,,,,,,,,
,,,47,,47,,,,,,,,47,,,47,,,,,,,,,47,,47,,,,,,47,,47,,,,,,,,,,,,,,,,,,,,,,,,,,,,,
,,,33,33,,,,,,,,,,33,33,,,,,,,,,33,,33,,,,,,33,,33,,,,,,,,,,,,,,,,,,,,,,,,,,,,,,
,,41,,41,,,,,,,,,41,,41,,,,,,,,,41,,41,,,,,,41,,41,,,,,,,,,,,,,,,,,,,,,,,,,,,,,,
,,,31,,31,,,,,,,,,31,,31,,,,,,,,31,,,31,,,,,,31,,31,,,,,,,,,,,,,,,,,,,,,,,,,,,,,
,,26,,,26,,,,,,,,,26,,26,,,,,,,,,26,,26,,,,,26,,,26,,,,,,,,,,,,,,,,,,,,,,,,,,,,,
,,32,,32,,,,,,,,,32,,32,,,,,,,,,32,,32,,,,,,32,,32,,,,,,,,,,,,,,,,,,,,,,,,,,,,,,
,,17,,,17,,,,,,,,,17,,17,,,,,,,,,17,,17,,,,,17,,,17,,,,,,,,,,,,,,,,,,,,,,,,,,,,,
,,,33,33,,,,,,,,,,33,33,,,,,,,,,33,,33,,,,,,33,,33,,,,,,,,,,,,,,,,,,,,,,,,,,,,,,
,,37,,37,,,,,,,,,,37,37,,,,,,,,,,37,37,,,,,,37,,37,,,,,,,,,,,,,,,,,,,,,,,,,,,,,,
,,,31,,31,,,,,,,,,31,,31,,,,,,,,31,,,31,,,,,,31,,31,,,,,,,,,,,,,,,,,,,,,,,,,,,,,
,,,49,49,,,,,,,,,49,,49,,,,,,,,,,49,49,,,,,,49,,49,,,,,,,,,,,,,,,,,,,,,,,,,,,,,,
,,32,,32,,,,,,,,,32,,32,,,,,,,,,32,,32,,,,,,32,,32,,,,,,,,,,,,,,,,,,,,,,,,,,,,,,
,,34,,,34,,,,,,,,34,,,34,,,,,,,,34,,,34,,,,,,34,,34,,,,,,,,,,,,,,,,,,,,,,,,,,,,,
,,,33,33,,,,,,,,,,33,33,,,,,,,,,33,,33,,,,,,33,,33,,,,,,,,,,,,,,,,,,,,,,,,,,,,,,
,,26,,,26,,,,,,,,,26,,26,,,,,,,,,26,,26,,,,,26,,,26,,,,,,,,,,,,,,,,,,,,,,,,,,,,,
,,,31,,31,,,,,,,,,31,,31,,,,,,,,31,,,31,,,,,,31,,31,,,,,,,,,,,,,,,,,,,,,,,,,,,,,
,,,40,,40,,,,,,,,40,,40,,,,,,,,,,40,40,,,,,,40,,40,,,,,,,,,,,,,,,,,,,,,,,,,,,,,,
,,32,,32,,,,,,,,,32,,32,,,,,,,,,32,,32,,,,,,32,,32,,,,,,,,,,,,,,,,,,,,,,,,,,,,,,
,,,29,,29,,,,,,,,29,,,,,,,,,,,,29,,29,,,,,29,,,29,,,,,,,,,,,,,,,,,,,,,,,,,,,,,
,,,33,33,,,,,,,,,,33,33,,,,,,,,,33,,33,,,,,,33,,33,,,,,,,,,,,,,,,,,,,,,,,,,,,,,,
,,25,,,25,,,,,,,,25,,,25,,,,,,,,25,,,25,,,,,,25,,25,,,,,,,,,,,,,,,,,,,,,,,,,,,,,
,,,31,,31,,,,,,,,,31,,31,,,,,,,,31,,,31,,,,,,31,,31,,,,,,,,,,,,,,,,,,,,,,,,,,,,,
,,,2,2,,,,,,,,,,2,2,,,,,,,,,2,,2,,,,,,,2,2,,,,,,,,,,,,,,,,,,,,,,,,,,,,,,
,,32,,32,,,,,,,,,32,,32,,,,,,,,,32,,32,,,,,,32,,32,,,,,,,,,,,,,,,,,,,,,,,,,,,,,,
,,,47,,47,,,,,,,,47,,,47,,,,,,,,,47,,47,,,,,,47,,47,,,,,,,,,,,,,,,,,,,,,,,,,,,,,
,,,33,33,,,,,,,,,,33,33,,,,,,,,,33,,33,,,,,,33,,33,,,,,,,,,,,,,,,,,,,,,,,,,,,,,,
,,,15,15,,,,,,,,,,15,15,,,,,,,,,15,,15,,,,,,15,,15,,,,,,,,,,,,,,,,,,,,,,,,,,,,,,
