,,3,,,3,,,,,,,,3,,,3,,,,,,,,3,,,3,,,,,,,,3,,,3,,,,,,,,,,,,,,,,,,,,,,,,,,
,,,4,,4,,,,,,,,4,,,4,,,,,,,,,4,,4,,,,,,,,,4,,4,,,,,,,,,,,,,,,,,,,,,,,,,,
,,15,,,15,,,,,,,,15,,,15,,,,,,,,15,,,15,,,,,,,,,15,,15,,,,,,,,,,,,,,,,,,,,,,,,,,
,,,18,18,,,,,,,,,18,,18,,,,,,,,,,18,18,,,,,,,,,18,,18,,,,,,,,,,,,,,,,,,,,,,,,,,,
,,,44,,44,,,,,,,,,44,44,,,,,,,,,44,,,44,,,,,,,,,44,,44,,,,,,,,,,,,,,,,,,,,,,,,,,
,,5,,5,,,,,,,,,5,,5,,,,,,,,,5,,5,,,,,,,,,5,,5,,,,,,,,,,,,,,,,,,,,,,,,,,,
,,,14,14,,,,,,,,,14,,14,,,,,,,,,,14,14,,,,,,,,,14,,14,,,,,,,,,,,,,,,,,,,,,,,,,,,
,,,24,,24,,,,,,,,24,,,24,,,,,,,,,24,,24,,,,,,,,24,,,24,,,,,,,,,,,,,,,,,,,,,,,,,,
,,25,,25,,,,,,,,,,25,25,,,,,,,,,,25,25,,,,,,,,,,25,25,,,,,,,,,,,,,,,,,,,,,,,,,,,
,,9,,9,,,,,,,,,9,,9,,,,,,,,,9,,9,,,,,,,,,,9,9,,,,,,,,,,,,,,,,,,,,,,,,,,,
,,,46,46,,,,,,,,,,46,,46,,,,,,,,46,,46,,,,,,,,,,46,46,,,,,,,,,,,,,,,,,,,,,,,,,,,
,,,6,6,,,,,,,,,6,,6,,,,,,,,,,6,6,,,,,,,,,,6,6,,,,,,,,,,,,,,,,,,,,,,,,,,,
,,,12,,12,,,,,,,,12,,,12,,,,,,,,,12,,12,,,,,,,,12,,,12,,,,,,,,,,,,,,,,,,,,,,,,,,
,,9,,9,,,,,,,,,9,,9,,,,,,,,,9,,9,,,,,,,,,,9,9,,,,,,,,,,,,,,,,,,,,,,,,,,,
,,,14,14,,,,,,,,,14,,14,,,,,,,,,,14,14,,,,,,,,,14,,14,,,,,,,,,,,,,,,,,,,,,,,,,,,
,,11,,,11,,,,,,,,11,,,11,,,,,,,,11,,,11,,,,,,,,,11,,11,,,,,,,,,,,,,,,,,,,,,,,,,,
,,17,,17,,,,,,,,,17,,17,,,,,,,,,17,,17,,,,,,,,,,17,17,,,,,,,,,,,,,,,,,,,,,,,,,,,
,,,30,30,,,,,,,,,,30,,30,,,,,,,,30,,30,,,,,,,,,30,,30,,,,,,,,,,,,,,,,,,,,,,,,,,,
,,,14,14,,,,,,,,,14,,14,,,,,,,,,,14,14,,,,,,,,,14,,14,,,,,,,,,,,,,,,,,,,,,,,,,,,
,,35,,,35,,,,,,,,,35,,35,,,,,,,,,35,,35,,,,,,,,35,,,35,,,,,,,,,,,,,,,,,,,,,,,,,,
,,21,,21,,,,,,,,,21,,21,,,,,,,,,21,,21,,,,,,,,,,21,21,,,,,,,,,,,,,,,,,,,,,,,,,,,
,,,28,,28,,,,,,,,,28,28,,,,,,,,,28,,,28,,,,,,,,28,,,28,,,,,,,,,,,,,,,,,,,,,,,,,,
,,29,,29,,,,,,,,,,29,29,,,,,,,,,,29,29,,,,,,,,,,29,29,,,,,,,,,,,,,,,,,,,,,,,,,,,
,,37,,37,,,,,,,,,,37,37,,,,,,,,,,37,37,,,,,,,,,37,,37,,,,,,,,,,,,,,,,,,,,,,,,,,,
,,27,,,27,,,,,,,,,27,,27,,,,,,,,,27,,27,,,,,,,,,27,,27,,,,,,,,,,,,,,,,,,,,,,,,,,
,,,38,38,,,,,,,,,,38,,38,,,,,,,,38,,38,,,,,,,,,,38,38,,,,,,,,,,,,,,,,,,,,,,,,,,,
,,,46,46,,,,,,,,,,46,,46,,,,,,,,46,,46,,,,,,,,,,46,46,,,,,,,,,,,,,,,,,,,,,,,,,,,
,,,20,,20,,,,,,,,20,,,20,,,,,,,,,20,,20,,,,,,,,20,,,20,,,,,,,,,,,,,,,,,,,,,,,,,,
,,49,,49,,,,,,,,,,49,49,,,,,,,,,,49,49,,,,,,,,,49,,49,,,,,,,,,,,,,,,,,,,,,,,,,,,
,,25,,25,,,,,,,,,,25,25,,,,,,,,,,25,25,,,,,,,,,,25,25,,,,,,,,,,,,,,,,,,,,,,,,,,,
,,,34,34,,,,,,,,,,34,,34,,,,,,,,34,,34,,,,,,,,,,34,34,,,,,,,,,,,,,,,,,,,,,,,,,,,
,,27,,,27,,,,,,,,,27,,27,,,,,,,,,27,,27,,,,,,,,,27,,27,,,,,,,,,,,,,,,,,,,,,,,,,,
,,5,,5,,,,,,,,,5,,5,,,,,,,,,5,,5,,,,,,,,,5,,5,,,,,,,,,,,,,,,,,,,,,,,,,,,
,,43,,,43,,,,,,,,,43,,43,,,,,,,,,43,,43,,,,,,,,43,,,43,,,,,,,,,,,,,,,,,,,,,,,,,,
,,,38,38,,,,,,,,,,38,,38,,,,,,,,38,,38,,,,,,,,,,38,38,,,,,,,,,,,,,,,,,,,,,,,,,,,
,,27,,,27,,,,,,,,,27,,27,,,,,,,,,27,,27,,,,,,,,,27,,27,,,,,,,,,,,,,,,,,,,,,,,,,,
,,29,,29,,,,,,,,,,29,29,,,,,,,,,,29,29,,,,,,,,,,29,29,,,,,,,,,,,,,,,,,,,,,,,,,,,
,,,34,34,,,,,,,,,,34,,34,,,,,,,,34,,34,,,,,,,,,,34,34,,,,,,,,,,,,,,,,,,,,,,,,,,,
,,,10,10,,,,,,,,,10,,10,,,,,,,,,,10,10,,,,,,,,,10,,10,,,,,,,,,,,,,,,,,,,,,,,,,,,
,,37,,37,,,,,,,,,,37,37,,,,,,,,,,37,37,,,,,,,,,37,,37,,,,,,,,,,,,,,,,,,,,,,,,,,,
,,45,,45,,,,,,,,,,45,45,,,,,,,,,,45,45,,,,,,,,,45,,45,,,,,,,,,,,,,,,,,,,,,,,,,,,
,,,4,,4,,,,,,,,4,,,4,,,,,,,,,4,,4,,,,,,,,,4,,4,,,,,,,,,,,,,,,,,,,,,,,,,,
,,,14,14,,,,,,,,,14,,14,,,,,,,,,,14,14,,,,,,,,,14,,14,,,,,,,,,,,,,,,,,,,,,,,,,,,
,,25,,25,,,,,,,,,,25,25,,,,,,,,,,25,25,,,,,,,,,,25,25,,,,,,,,,,,,,,,,,,,,,,,,,,,
,,35,,,35,,,,,,,,,35,,35,,,,,,,,,35,,35,,,,,,,,35,,,35,,,,,,,,,,,,,,,,,,,,,,,,,,
,,35,,,35,,,,,,,,,35,,35,,,,,,,,,35,,35,,,,,,,,35,,,35,,,,,,,,,,,,,,,,,,,,,,,,,,
,,47,,,47,,,,,,,,,47,,47,,,,,,,,,47,,47,,,,,,,,47,,,47,,,,,,,,,,,,,,,,,,,,,,,,,,
,,49,,49,,,,,,,,,,49,49,,,,,,,,,,49,49,,,,,,,,,49,,49,,,,,,,,,,,,,,,,,,,,,,,,,,,
,,31,,,31,,,,,,,,,31,,31,,,,,,,,,31,,31,,,,,,,,31,,,31,,,,,,,,,,,,,,,,,,,,,,,,,,
,,23,,,23,,,,,,,,23,,,23,,,,,,,,23,,,23,,,,,,,,,23,,23,,,,,,,,,,,,,,,,,,,,,,,,,,
,,,28,,28,,,,,,,,,28,28,,,,,,,,,28,,,28,,,,,,,,28,,,28,,,,,,,,,,,,,,,,,,,,,,,,,,
,,,30,30,,,,,,,,,,30,,30,,,,,,,,30,,30,,,,,,,,,30,,30,,,,,,,,,,,,,,,,,,,,,,,,,,,
,,,26,26,,,,,,,,,,26,,26,,,,,,,,26,,26,,,,,,,,,26,,26,,,,,,,,,,,,,,,,,,,,,,,,,,,
,,29,,29,,,,,,,,,,29,29,,,,,,,,,,29,29,,,,,,,,,,29,29,,,,,,,,,,,,,,,,,,,,,,,,,,,
,,,6,6,,,,,,,,,6,,6,,,,,,,,,,6,6,,,,,,,,,,6,6,,,,,,,,,,,,,,,,,,,,,,,,,,,
,,,8,,8,,,,,,,,8,,,8,,,,,,,,,8,,8,,,,,,,,8,,,8,,,,,,,,,,,,,,,,,,,,,,,,,,
,,15,,,15,,,,,,,,15,,,15,,,,,,,,15,,,15,,,,,,,,,15,,15,,,,,,,,,,,,,,,,,,,,,,,,,,
,,17,,17,,,,,,,,,17,,17,,,,,,,,,17,,17,,,,,,,,,,17,17,,,,,,,,,,,,,,,,,,,,,,,,,,,
,,,44,,44,,,,,,,,,44,44,,,,,,,,,44,,,44,,,,,,,,,44,,44,,,,,,,,,,,,,,,,,,,,,,,,,,
,,13,,13,,,,,,,,,13,,13,,,,,,,,,13,,13,,,,,,,,,,13,13,,,,,,,,,,,,,,,,,,,,,,,,,,,
,,,46,46,,,,,,,,,,46,,46,,,,,,,,46,,46,,,,,,,,,,46,46,,,,,,,,,,,,,,,,,,,,,,,,,,,
,,7,,,7,,,,,,,,7,,,7,,,,,,,,7,,,7,,,,,,,,,7,,7,,,,,,,,,,,,,,,,,,,,,,,,,,
,,,42,42,,,,,,,,,,42,,42,,,,,,,,42,,42,,,,,,,,,,42,42,,,,,,,,,,,,,,,,,,,,,,,,,,,
,,,44,,44,,,,,,,,,44,44,,,,,,,,,44,,,44,,,,,,,,,44,,44,,,,,,,,,,,,,,,,,,,,,,,,,,
,,45,,45,,,,,,,,,,45,45,,,,,,,,,,45,45,,,,,,,,,45,,45,,,,,,,,,,,,,,,,,,,,,,,,,,,
,,25,,25,,,,,,,,,,25,25,,,,,,,,,,25,25,,,,,,,,,,25,25,,,,,,,,,,,,,,,,,,,,,,,,,,,
,,,44,,44,,,,,,,,,44,44,,,,,,,,,44,,,44,,,,,,,,,44,,44,,,,,,,,,,,,,,,,,,,,,,,,,,
,,,44,,44,,,,,,,,,44,44,,,,,,,,,44,,,44,,,,,,,,,44,,44,,,,,,,,,,,,,,,,,,,,,,,,,,
,,7,,,7,,,,,,,,7,,,7,,,,,,,,7,,,7,,,,,,,,,7,,7,,,,,,,,,,,,,,,,,,,,,,,,,,
,,,10,10,,,,,,,,,10,,10,,,,,,,,,,10,10,,,,,,,,,10,,10,,,,,,,,,,,,,,,,,,,,,,,,,,,
,,,12,,12,,,,,,,,12,,,12,,,,,,,,,12,,12,,,,,,,,12,,,12,,,,,,,,,,,,,,,,,,,,,,,,,,
,,,42,42,,,,,,,,,,42,,42,,,,,,,,42,,42,,,,,,,,,,42,42,,,,,,,,,,,,,,,,,,,,,,,,,,,
,,3,,,3,,,,,,,,3,,,3,,,,,,,,3,,,3,,,,,,,,3,,,3,,,,,,,,,,,,,,,,,,,,,,,,,,
,,37,,37,,,,,,,,,,37,37,,,,,,,,,,37,37,,,,,,,,,37,,37,,,,,,,,,,,,,,,,,,,,,,,,,,,
,,,26,26,,,,,,,,,,26,,26,,,,,,,,26,,26,,,,,,,,,26,,26,,,,,,,,,,,,,,,,,,,,,,,,,,,
,,49,,49,,,,,,,,,,49,49,,,,,,,,,,49,49,,,,,,,,,49,,49,,,,,,,,,,,,,,,,,,,,,,,,,,,
,,9,,9,,,,,,,,,9,,9,,,,,,,,,9,,9,,,,,,,,,,9,9,,,,,,,,,,,,,,,,,,,,,,,,,,,
,,15,,,15,,,,,,,,15,,,15,,,,,,,,15,,,15,,,,,,,,,15,,15,,,,,,,,,,,,,,,,,,,,,,,,,,
,,49,,49,,,,,,,,,,49,49,,,,,,,,,,49,49,,,,,,,,,49,,49,,,,,,,,,,,,,,,,,,,,,,,,,,,
,,35,,,35,,,,,,,,,35,,35,,,,,,,,,35,,35,,,,,,,,35,,,35,,,,,,,,,,,,,,,,,,,,,,,,,,
,,29,,29,,,,,,,,,,29,29,,,,,,,,,,29,29,,,,,,,,,,29,29,,,,,,,,,,,,,,,,,,,,,,,,,,,
,,5,,5,,,,,,,,,5,,5,,,,,,,,,5,,5,,,,,,,,,5,,5,,,,,,,,,,,,,,,,,,,,,,,,,,,
,,13,,13,,,,,,,,,13,,13,,,,,,,,,13,,13,,,,,,,,,,13,13,,,,,,,,,,,,,,,,,,,,,,,,,,,
,,25,,25,,,,,,,,,,25,25,,,,,,,,,,25,25,,,,,,,,,,25,25,,,,,,,,,,,,,,,,,,,,,,,,,,,
,,39,,,39,,,,,,,,,39,,39,,,,,,,,,39,,39,,,,,,,,39,,,39,,,,,,,,,,,,,,,,,,,,,,,,,,
,,,10,10,,,,,,,,,10,,10,,,,,,,,,,10,10,,,,,,,,,10,,10,,,,,,,,,,,,,,,,,,,,,,,,,,,
,,,40,,40,,,,,,,,,40,40,,,,,,,,,40,,,40,,,,,,,,,40,,40,,,,,,,,,,,,,,,,,,,,,,,,,,
,,,28,,28,,,,,,,,,28,28,,,,,,,,,28,,,28,,,,,,,,28,,,28,,,,,,,,,,,,,,,,,,,,,,,,,,
,,33,,33,,,,,,,,,,33,33,,,,,,,,,,33,33,,,,,,,,,33,,33,,,,,,,,,,,,,,,,,,,,,,,,,,,
,,,46,46,,,,,,,,,,46,,46,,,,,,,,46,,46,,,,,,,,,,46,46,,,,,,,,,,,,,,,,,,,,,,,,,,,
,,,18,18,,,,,,,,,18,,18,,,,,,,,,,18,18,,,,,,,,,18,,18,,,,,,,,,,,,,,,,,,,,,,,,,,,
,,,12,,12,,,,,,,,12,,,12,,,,,,,,,12,,12,,,,,,,,12,,,12,,,,,,,,,,,,,,,,,,,,,,,,,,
,,,40,,40,,,,,,,,,40,40,,,,,,,,,40,,,40,,,,,,,,,40,,40,,,,,,,,,,,,,,,,,,,,,,,,,,
,,,46,46,,,,,,,,,,46,,46,,,,,,,,46,,46,,,,,,,,,,46,46,,,,,,,,,,,,,,,,,,,,,,,,,,,
,,47,,,47,,,,,,,,,47,,47,,,,,,,,,47,,47,,,,,,,,47,,,47,,,,,,,,,,,,,,,,,,,,,,,,,,
,,,46,46,,,,,,,,,,46,,46,,,,,,,,46,,46,,,,,,,,,,46,46,,,,,,,,,,,,,,,,,,,,,,,,,,,
,,,20,,20,,,,,,,,20,,,20,,,,,,,,,20,,20,,,,,,,,20,,,20,,,,,,,,,,,,,,,,,,,,,,,,,,
,,1,,1,,,,,,,,,1,,1,,,,,,,,,1,,1,,,,,,,,,1,,1,,,,,,,,,,,,,,,,,,,,,,,,,,,
,,,44,,44,,,,,,,,,44,44,,,,,,,,,44,,,44,,,,,,,,,44,,44,,,,,,,,,,,,,,,,,,,,,,,,,,
,,37,,37,,,,,,,,,,37,37,,,,,,,,,,37,37,,,,,,,,,37,,37,,,,,,,,,,,,,,,,,,,,,,,,,,,
,,39,,,39,,,,,,,,,39,,39,,,,,,,,,39,,39,,,,,,,,39,,,39,,,,,,,,,,,,,,,,,,,,,,,,,,
,,,48,,48,,,,,,,,,48,48,,,,,,,,,48,,,48,,,,,,,,,48,,48,,,,,,,,,,,,,,,,,,,,,,,,,,
,,47,,,47,,,,,,,,,47,,47,,,,,,,,,47,,47,,,,,,,,47,,,47,,,,,,,,,,,,,,,,,,,,,,,,,,
,,17,,17,,,,,,,,,17,,17,,,,,,,,,17,,17,,,,,,,,,,17,17,,,,,,,,,,,,,,,,,,,,,,,,,,,
,,,34,34,,,,,,,,,,34,,34,,,,,,,,34,,34,,,,,,,,,,34,34,,,,,,,,,,,,,,,,,,,,,,,,,,,
,,,26,26,,,,,,,,,,26,,26,,,,,,,,26,,26,,,,,,,,,26,,26,,,,,,,,,,,,,,,,,,,,,,,,,,,
,,41,,41,,,,,,,,,,41,41,,,,,,,,,,41,41,,,,,,,,,41,,41,,,,,,,,,,,,,,,,,,,,,,,,,,,
,,,34,34,,,,,,,,,,34,,34,,,,,,,,34,,34,,,,,,,,,,34,34,,,,,,,,,,,,,,,,,,,,,,,,,,,
,,17,,17,,,,,,,,,17,,17,,,,,,,,,17,,17,,,,,,,,,,17,17,,,,,,,,,,,,,,,,,,,,,,,,,,,
,,,46,46,,,,,,,,,,46,,46,,,,,,,,46,,46,,,,,,,,,,46,46,,,,,,,,,,,,,,,,,,,,,,,,,,,
,,,4,,4,,,,,,,,4,,,4,,,,,,,,,4,,4,,,,,,,,,4,,4,,,,,,,,,,,,,,,,,,,,,,,,,,
,,11,,,11,,,,,,,,11,,,11,,,,,,,,11,,,11,,,,,,,,,11,,11,,,,,,,,,,,,,,,,,,,,,,,,,,
,,15,,,15,,,,,,,,15,,,15,,,,,,,,15,,,15,,,,,,,,,15,,15,,,,,,,,,,,,,,,,,,,,,,,,,,
,,,2,2,,,,,,,,,2,,2,,,,,,,,,,2,2,,,,,,,,,,2,2,,,,,,,,,,,,,,,,,,,,,,,,,,,
,,,34,34,,,,,,,,,,34,,34,,,,,,,,34,,34,,,,,,,,,,34,34,,,,,,,,,,,,,,,,,,,,,,,,,,,
,,,6,6,,,,,,,,,6,,6,,,,,,,,,,6,6,,,,,,,,,,6,6,,,,,,,,,,,,,,,,,,,,,,,,,,,
,,,22,22,,,,,,,,,22,,22,,,,,,,,,,22,22,,,,,,,,,22,,22,,,,,,,,,,,,,,,,,,,,,,,,,,,
,,,8,,8,,,,,,,,8,,,8,,,,,,,,,8,,8,,,,,,,,8,,,8,,,,,,,,,,,,,,,,,,,,,,,,,,
,,,46,46,,,,,,,,,,46,,46,,,,,,,,46,,46,,,,,,,,,,46,46,,,,,,,,,,,,,,,,,,,,,,,,,,,
,,,26,26,,,,,,,,,,26,,26,,,,,,,,26,,26,,,,,,,,,26,,26,,,,,,,,,,,,,,,,,,,,,,,,,,,
,,29,,29,,,,,,,,,,29,29,,,,,,,,,,29,29,,,,,,,,,,29,29,,,,,,,,,,,,,,,,,,,,,,,,,,,
,,,24,,24,,,,,,,,24,,,24,,,,,,,,,24,,24,,,,,,,,24,,,24,,,,,,,,,,,,,,,,,,,,,,,,,,
,,,38,38,,,,,,,,,,38,,38,,,,,,,,38,,38,,,,,,,,,,38,38,,,,,,,,,,,,,,,,,,,,,,,,,,,
,,,16,,16,,,,,,,,16,,,16,,,,,,,,,16,,16,,,,,,,,16,,,16,,,,,,,,,,,,,,,,,,,,,,,,,,
,,,18,18,,,,,,,,,18,,18,,,,,,,,,,18,18,,,,,,,,,18,,18,,,,,,,,,,,,,,,,,,,,,,,,,,,
,,,10,10,,,,,,,,,10,,10,,,,,,,,,,10,10,,,,,,,,,10,,10,,,,,,,,,,,,,,,,,,,,,,,,,,,
,,47,,,47,,,,,,,,,47,,47,,,,,,,,,47,,47,,,,,,,,47,,,47,,,,,,,,,,,,,,,,,,,,,,,,,,
,,,8,,8,,,,,,,,8,,,8,,,,,,,,,8,,8,,,,,,,,8,,,8,,,,,,,,,,,,,,,,,,,,,,,,,,
,,25,,25,,,,,,,,,,25,25,,,,,,,,,,25,25,,,,,,,,,,25,25,,,,,,,,,,,,,,,,,,,,,,,,,,,
,,11,,,11,,,,,,,,11,,,11,,,,,,,,11,,,11,,,,,,,,,11,,11,,,,,,,,,,,,,,,,,,,,,,,,,,
