,,,,,,,,,,,,,,,,,,,,,,,,,,,,,,,,,,,,,,,,,,,,,,,,,,,,,,,,,,,,,,,,,-1,-1
,,10,11,10,12,,,,,,,,10,4,10,12,,,,,,,,10,11,10,12,,,,,,,,10,11,10,12,,,,,,,,,,,,,,,,,,,,,,,,,,,-1,-1
,,12,13,11,13,,,,,,,,12,8,4,8,,,,,,,,12,13,11,13,,,,,,,,12,13,11,13,,,,,,,,,,,,,,,,,,,,,,,,,,,-1,-1
,,14,15,14,16,,,,,,,,14,21,14,16,,,,,,,,14,15,14,16,,,,,,,,14,15,14,17,,,,,,,,,,,,,,,,,,,,,,,,,,,-1,-1
,,16,17,15,17,,,,,,,,16,23,21,23,,,,,,,,16,17,15,17,,,,,,,,17,16,15,16,,,,,,,,,,,,,,,,,,,,,,,,,,,-1,-1
,,18,19,18,30,,,,,,,,18,25,18,30,,,,,,,,18,19,18,30,,,,,,,,19,18,19,31,,,,,,,,,,,,,,,,,,,,,,,,,,,-1,-1
,,30,31,19,31,,,,,,,,30,27,25,27,,,,,,,,30,31,19,31,,,,,,,,31,30,18,30,,,,,,,,,,,,,,,,,,,,,,,,,,,-1,-1
,,32,33,32,34,,,,,,,,32,29,32,34,,,,,,,,32,33,32,34,,,,,,,,33,32,33,35,,,,,,,,,,,,,,,,,,,,,,,,,,,-1,-1
,,34,35,33,35,,,,,,,,34,41,29,41,,,,,,,,34,35,33,35,,,,,,,,35,34,32,34,,,,,,,,,,,,,,,,,,,,,,,,,,,-1,-1
,,36,37,36,38,,,,,,,,36,43,36,38,,,,,,,,36,37,36,38,,,,,,,,37,36,37,39,,,,,,,,,,,,,,,,,,,,,,,,,,,-1,-1
,,38,39,37,39,,,,,,,,38,45,43,45,,,,,,,,38,39,37,39,,,,,,,,39,38,36,38,,,,,,,,,,,,,,,,,,,,,,,,,,,-1,-1
,,1,3,1,5,,,,,,,,1,47,1,5,,,,,,,,1,3,1,5,,,,,,,,3,1,3,7,,,,,,,,,,,,,,,,,,,,,,,,,,,-1,-1
,,5,7,3,7,,,,,,,,5,49,47,49,,,,,,,,5,7,3,7,,,,,,,,7,5,1,5,,,,,,,,,,,,,,,,,,,,,,,,,,,-1,-1
,,4,2,4,8,,,,,,,,11,9,11,13,,,,,,,,2,4,2,6,,,,,,,,2,4,2,6,,,,,,,,,,,,,,,,,,,,,,,,,,,-1,-1
,,8,6,2,6,,,,,,,,13,2,9,2,,,,,,,,6,8,4,8,,,,,,,,6,8,4,8,,,,,,,,,,,,,,,,,,,,,,,,,,,-1,-1
,,21,20,21,23,,,,,,,,15,6,15,17,,,,,,,,20,21,20,22,,,,,,,,20,21,20,23,,,,,,,,,,,,,,,,,,,,,,,,,,,-1,-1
,,23,22,20,22,,,,,,,,17,20,6,20,,,,,,,,22,23,21,23,,,,,,,,23,22,21,22,,,,,,,,,,,,,,,,,,,,,,,,,,,-1,-1
,,25,24,25,27,,,,,,,,19,22,19,31,,,,,,,,24,25,24,26,,,,,,,,25,24,25,27,,,,,,,,,,,,,,,,,,,,,,,,,,,-1,-1
,,27,26,24,26,,,,,,,,31,24,22,24,,,,,,,,26,27,25,27,,,,,,,,27,26,24,26,,,,,,,,,,,,,,,,,,,,,,,,,,,-1,-1
,,29,28,29,41,,,,,,,,33,26,33,35,,,,,,,,28,29,28,40,,,,,,,,29,28,29,41,,,,,,,,,,,,,,,,,,,,,,,,,,,-1,-1
,,41,40,28,40,,,,,,,,35,28,26,28,,,,,,,,40,41,29,41,,,,,,,,41,40,28,40,,,,,,,,,,,,,,,,,,,,,,,,,,,-1,-1
,,43,42,43,45,,,,,,,,37,40,37,39,,,,,,,,42,43,42,44,,,,,,,,43,42,43,45,,,,,,,,,,,,,,,,,,,,,,,,,,,-1,-1
,,45,44,42,44,,,,,,,,39,42,40,42,,,,,,,,44,45,43,45,,,,,,,,45,44,42,44,,,,,,,,,,,,,,,,,,,,,,,,,,,-1,-1
,,47,46,47,49,,,,,,,,3,44,3,7,,,,,,,,46,47,46,48,,,,,,,,47,46,47,49,,,,,,,,,,,,,,,,,,,,,,,,,,,-1,-1
,,49,48,46,48,,,,,,,,7,46,44,46,,,,,,,,48,49,47,49,,,,,,,,49,48,46,48,,,,,,,,,,,,,,,,,,,,,,,,,,,-1,-1
,,9,,9,,,,,,,,,,48,48,,,,,,,,,,9,9,,,,,,,,,9,,9,,,,,,,,,,,,,,,,,,,,,,,,,,,,-1,-1
,,,,,,,,,,,,,,,,,,,,,,,,,,,,,,,,,,,,,,,,,,,,,,,,,,,,,,,,,,,,,,,,,-1,-1
,,,,,,,,,,,,,,,,,,,,,,,,,,,,,,,,,,,,,,,,,,,,,,,,,,,,,,,,,,,,,,,,,-1,-1
,,,,,,,,,,,,,,,,,,,,,,,,,,,,,,,,,,,,,,,,,,,,,,,,,,,,,,,,,,,,,,,,,-1,-1
,,,,,,,,,,,,,,,,,,,,,,,,,,,,,,,,,,,,,,,,,,,,,,,,,,,,,,,,,,,,,,,,,-1,-1
,,,,,,,,,,,,,,,,,,,,,,,,,,,,,,,,,,,,,,,,,,,,,,,,,,,,,,,,,,,,,,,,,-1,-1
,,,,,,,,,,,,,,,,,,,,,,,,,,,,,,,,,,,,,,,,,,,,,,,,,,,,,,,,,,,,,,,,,-1,-1
,,,,,,,,,,,,,,,,,,,,,,,,,,,,,,,,,,,,,,,,,,,,,,,,,,,,,,,,,,,,,,,,,-1,-1
,,,,,,,,,,,,,,,,,,,,,,,,,,,,,,,,,,,,,,,,,,,,,,,,,,,,,,,,,,,,,,,,,-1,-1
,,,,,,,,,,,,,,,,,,,,,,,,,,,,,,,,,,,,,,,,,,,,,,,,,,,,,,,,,,,,,,,,,-1,-1
,,,,,,,,,,,,,,,,,,,,,,,,,,,,,,,,,,,,,,,,,,,,,,,,,,,,,,,,,,,,,,,,,-1,-1
,,,,,,,,,,,,,,,,,,,,,,,,,,,,,,,,,,,,,,,,,,,,,,,,,,,,,,,,,,,,,,,,,-1,-1
,,,,,,,,,,,,,,,,,,,,,,,,,,,,,,,,,,,,,,,,,,,,,,,,,,,,,,,,,,,,,,,,,-1,-1
,,,,,,,,,,,,,,,,,,,,,,,,,,,,,,,,,,,,,,,,,,,,,,,,,,,,,,,,,,,,,,,,,-1,-1
,,,,,,,,,,,,,,,,,,,,,,,,,,,,,,,,,,,,,,,,,,,,,,,,,,,,,,,,,,,,,,,,,-1,-1
,,,,,,,,,,,,,,,,,,,,,,,,,,,,,,,,,,,,,,,,,,,,,,,,,,,,,,,,,,,,,,,,,-1,-1
,,,,,,,,,,,,,,,,,,,,,,,,,,,,,,,,,,,,,,,,,,,,,,,,,,,,,,,,,,,,,,,,,-1,-1
,,,,,,,,,,,,,,,,,,,,,,,,,,,,,,,,,,,,,,,,,,,,,,,,,,,,,,,,,,,,,,,,,-1,-1
,,,,,,,,,,,,,,,,,,,,,,,,,,,,,,,,,,,,,,,,,,,,,,,,,,,,,,,,,,,,,,,,,-1,-1
,,,,,,,,,,,,,,,,,,,,,,,,,,,,,,,,,,,,,,,,,,,,,,,,,,,,,,,,,,,,,,,,,-1,-1
,,,,,,,,,,,,,,,,,,,,,,,,,,,,,,,,,,,,,,,,,,,,,,,,,,,,,,,,,,,,,,,,,-1,-1
,,,,,,,,,,,,,,,,,,,,,,,,,,,,,,,,,,,,,,,,,,,,,,,,,,,,,,,,,,,,,,,,,-1,-1
,,,,,,,,,,,,,,,,,,,,,,,,,,,,,,,,,,,,,,,,,,,,,,,,,,,,,,,,,,,,,,,,,-1,-1
,,,,,,,,,,,,,,,,,,,,,,,,,,,,,,,,,,,,,,,,,,,,,,,,,,,,,,,,,,,,,,,,,-1,-1
,,,,,,,,,,,,,,,,,,,,,,,,,,,,,,,,,,,,,,,,,,,,,,,,,,,,,,,,,,,,,,,,,-1,-1
,,,,,,,,,,,,,,,,,,,,,,,,,,,,,,,,,,,,,,,,,,,,,,,,,,,,,,,,,,,,,,,,,-1,-1
,,,,,,,,,,,,,,,,,,,,,,,,,,,,,,,,,,,,,,,,,,,,,,,,,,,,,,,,,,,,,,,,,-1,-1
,,,,,,,,,,,,,,,,,,,,,,,,,,,,,,,,,,,,,,,,,,,,,,,,,,,,,,,,,,,,,,,,,-1,-1
,,,,,,,,,,,,,,,,,,,,,,,,,,,,,,,,,,,,,,,,,,,,,,,,,,,,,,,,,,,,,,,,,-1,-1
,,,,,,,,,,,,,,,,,,,,,,,,,,,,,,,,,,,,,,,,,,,,,,,,,,,,,,,,,,,,,,,,,-1,-1
,,,,,,,,,,,,,,,,,,,,,,,,,,,,,,,,,,,,,,,,,,,,,,,,,,,,,,,,,,,,,,,,,-1,-1
,,,,,,,,,,,,,,,,,,,,,,,,,,,,,,,,,,,,,,,,,,,,,,,,,,,,,,,,,,,,,,,,,-1,-1
,,,,,,,,,,,,,,,,,,,,,,,,,,,,,,,,,,,,,,,,,,,,,,,,,,,,,,,,,,,,,,,,,-1,-1
,,,,,,,,,,,,,,,,,,,,,,,,,,,,,,,,,,,,,,,,,,,,,,,,,,,,,,,,,,,,,,,,,-1,-1
