,,3,,,3,,,,,,,,,3,,3,,,,,,,,,3,,3,,,,,,,,3,,,3,,,,,,,,,,,,,,,,,,,,,,,,,,
,,,4,4,,,,,,,,,4,,4,,,,,,,,,,4,4,,,,,,,,,4,,4,,,,,,,,,,,,,,,,,,,,,,,,,,,
,,,35,35,,,,,,,,,,35,35,,,,,,,,,35,,35,,,,,,,,,,35,35,,,,,,,,,,,,,,,,,,,,,,,,,,,
,,3,,,3,,,,,,,,,3,,3,,,,,,,,,3,,3,,,,,,,,3,,,3,,,,,,,,,,,,,,,,,,,,,,,,,,
,,,18,18,,,,,,,,,18,,18,,,,,,,,,,18,18,,,,,,,,,,18,18,,,,,,,,,,,,,,,,,,,,,,,,,,,
,,,40,40,,,,,,,,,,40,40,,,,,,,,,40,,40,,,,,,,,,,40,40,,,,,,,,,,,,,,,,,,,,,,,,,,,
,,,21,,21,,,,,,,,21,,,21,,,,,,,,,21,,21,,,,,,,,21,,,21,,,,,,,,,,,,,,,,,,,,,,,,,,
,,24,,24,,,,,,,,,,24,24,,,,,,,,,,24,24,,,,,,,,,24,,24,,,,,,,,,,,,,,,,,,,,,,,,,,,
,,11,,11,,,,,,,,,,11,11,,,,,,,,,,11,11,,,,,,,,,,11,11,,,,,,,,,,,,,,,,,,,,,,,,,,,
,,,47,,47,,,,,,,,47,,,47,,,,,,,,,47,,47,,,,,,,,47,,,47,,,,,,,,,,,,,,,,,,,,,,,,,,
,,,32,,32,,,,,,,,32,,,32,,,,,,,,,32,,32,,,,,,,,32,,,32,,,,,,,,,,,,,,,,,,,,,,,,,,
,,,6,,6,,,,,,,,,6,,6,,,,,,,,6,,,6,,,,,,,,,6,,6,,,,,,,,,,,,,,,,,,,,,,,,,,
,,28,,,28,,,,,,,,,28,,28,,,,,,,,,28,,28,,,,,,,,28,,,28,,,,,,,,,,,,,,,,,,,,,,,,,,
,,,6,,6,,,,,,,,,6,,6,,,,,,,,6,,,6,,,,,,,,,6,,6,,,,,,,,,,,,,,,,,,,,,,,,,,
,,,7,7,,,,,,,,,,7,7,,,,,,,,,7,,7,,,,,,,,,,7,7,,,,,,,,,,,,,,,,,,,,,,,,,,,
,,,36,36,,,,,,,,,36,,36,,,,,,,,,,36,36,,,,,,,,,36,,36,,,,,,,,,,,,,,,,,,,,,,,,,,,
,,,13,,13,,,,,,,,,13,,13,,,,,,,,13,,,13,,,,,,,,13,,,13,,,,,,,,,,,,,,,,,,,,,,,,,,
,,30,,30,,,,,,,,,30,,30,,,,,,,,,30,,30,,,,,,,,,30,,30,,,,,,,,,,,,,,,,,,,,,,,,,,,
,,,14,,14,,,,,,,,14,,,14,,,,,,,,,14,,14,,,,,,,,,14,,14,,,,,,,,,,,,,,,,,,,,,,,,,,
,,,35,35,,,,,,,,,,35,35,,,,,,,,,35,,35,,,,,,,,,,35,35,,,,,,,,,,,,,,,,,,,,,,,,,,,
,,,26,,26,,,,,,,,,26,,26,,,,,,,,26,,,26,,,,,,,,,26,,26,,,,,,,,,,,,,,,,,,,,,,,,,,
,,,25,25,,,,,,,,,25,,25,,,,,,,,,,25,25,,,,,,,,,25,,25,,,,,,,,,,,,,,,,,,,,,,,,,,,
,,28,,,28,,,,,,,,,28,,28,,,,,,,,,28,,28,,,,,,,,28,,,28,,,,,,,,,,,,,,,,,,,,,,,,,,
,,28,,,28,,,,,,,,,28,,28,,,,,,,,,28,,28,,,,,,,,28,,,28,,,,,,,,,,,,,,,,,,,,,,,,,,
,,33,,,33,,,,,,,,,33,,33,,,,,,,,,33,,33,,,,,,,,33,,,33,,,,,,,,,,,,,,,,,,,,,,,,,,
,,,43,43,,,,,,,,,43,,43,,,,,,,,,,43,43,,,,,,,,,43,,43,,,,,,,,,,,,,,,,,,,,,,,,,,,
,,27,,27,,,,,,,,,27,,27,,,,,,,,,27,,27,,,,,,,,,,27,27,,,,,,,,,,,,,,,,,,,,,,,,,,,
,,46,,,46,,,,,,,,,46,,46,,,,,,,,,46,,46,,,,,,,,46,,,46,,,,,,,,,,,,,,,,,,,,,,,,,,
,,37,,37,,,,,,,,,,37,37,,,,,,,,,,37,37,,,,,,,,,37,,37,,,,,,,,,,,,,,,,,,,,,,,,,,,
,,,25,25,,,,,,,,,25,,25,,,,,,,,,,25,25,,,,,,,,,25,,25,,,,,,,,,,,,,,,,,,,,,,,,,,,
,,34,,,34,,,,,,,,34,,,34,,,,,,,,34,,,34,,,,,,,,,34,,34,,,,,,,,,,,,,,,,,,,,,,,,,,
,,27,,27,,,,,,,,,27,,27,,,,,,,,,27,,27,,,,,,,,,,27,27,,,,,,,,,,,,,,,,,,,,,,,,,,,
,,,47,,47,,,,,,,,47,,,47,,,,,,,,,47,,47,,,,,,,,47,,,47,,,,,,,,,,,,,,,,,,,,,,,,,,
,,15,,,15,,,,,,,,,15,,15,,,,,,,,,15,,15,,,,,,,,,15,,15,,,,,,,,,,,,,,,,,,,,,,,,,,
,,,7,7,,,,,,,,,,7,7,,,,,,,,,7,,7,,,,,,,,,,7,7,,,,,,,,,,,,,,,,,,,,,,,,,,,
,,5,,,5,,,,,,,,5,,,5,,,,,,,,5,,,5,,,,,,,,,5,,5,,,,,,,,,,,,,,,,,,,,,,,,,,
,,,9,9,,,,,,,,,,9,9,,,,,,,,,9,,9,,,,,,,,,9,,9,,,,,,,,,,,,,,,,,,,,,,,,,,,
,,34,,,34,,,,,,,,34,,,34,,,,,,,,34,,,34,,,,,,,,,34,,34,,,,,,,,,,,,,,,,,,,,,,,,,,
,,,7,7,,,,,,,,,,7,7,,,,,,,,,7,,7,,,,,,,,,,7,7,,,,,,,,,,,,,,,,,,,,,,,,,,,
,,,35,35,,,,,,,,,,35,35,,,,,,,,,35,,35,,,,,,,,,,35,35,,,,,,,,,,,,,,,,,,,,,,,,,,,
,,19,,19,,,,,,,,,,19,19,,,,,,,,,,19,19,,,,,,,,,,19,19,,,,,,,,,,,,,,,,,,,,,,,,,,,
,,,4,4,,,,,,,,,4,,4,,,,,,,,,,4,4,,,,,,,,,4,,4,,,,,,,,,,,,,,,,,,,,,,,,,,,
,,,31,,31,,,,,,,,,31,,31,,,,,,,,31,,,31,,,,,,,,,31,,31,,,,,,,,,,,,,,,,,,,,,,,,,,
,,20,,,20,,,,,,,,,20,,20,,,,,,,,,20,,20,,,,,,,,20,,,20,,,,,,,,,,,,,,,,,,,,,,,,,,
,,42,,42,,,,,,,,,,42,42,,,,,,,,,,42,42,,,,,,,,,42,,42,,,,,,,,,,,,,,,,,,,,,,,,,,,
,,,1,,1,,,,,,,,1,,,1,,,,,,,,,1,,1,,,,,,,,1,,,1,,,,,,,,,,,,,,,,,,,,,,,,,,
,,41,,,41,,,,,,,,41,,,41,,,,,,,,41,,,41,,,,,,,,,41,,41,,,,,,,,,,,,,,,,,,,,,,,,,,
,,49,,,49,,,,,,,,49,,,49,,,,,,,,49,,,49,,,,,,,,,49,,49,,,,,,,,,,,,,,,,,,,,,,,,,,
,,,31,,31,,,,,,,,,31,,31,,,,,,,,31,,,31,,,,,,,,,31,,31,,,,,,,,,,,,,,,,,,,,,,,,,,
,,23,,,23,,,,,,,,23,,,23,,,,,,,,23,,,23,,,,,,,,,23,,23,,,,,,,,,,,,,,,,,,,,,,,,,,
,,,9,9,,,,,,,,,,9,9,,,,,,,,,9,,9,,,,,,,,,9,,9,,,,,,,,,,,,,,,,,,,,,,,,,,,
,,12,,12,,,,,,,,,12,,12,,,,,,,,,12,,12,,,,,,,,,12,,12,,,,,,,,,,,,,,,,,,,,,,,,,,,
,,,10,10,,,,,,,,,10,,10,,,,,,,,,,10,10,,,,,,,,,,10,10,,,,,,,,,,,,,,,,,,,,,,,,,,,
,,49,,,49,,,,,,,,49,,,49,,,,,,,,49,,,49,,,,,,,,,49,,49,,,,,,,,,,,,,,,,,,,,,,,,,,
,,,7,7,,,,,,,,,,7,7,,,,,,,,,7,,7,,,,,,,,,,7,7,,,,,,,,,,,,,,,,,,,,,,,,,,,
,,,44,,44,,,,,,,,,44,,44,,,,,,,,44,,,44,,,,,,,,,44,,44,,,,,,,,,,,,,,,,,,,,,,,,,,
,,,7,7,,,,,,,,,,7,7,,,,,,,,,7,,7,,,,,,,,,,7,7,,,,,,,,,,,,,,,,,,,,,,,,,,,
,,2,,2,,,,,,,,,,2,2,,,,,,,,,,2,2,,,,,,,,,2,,2,,,,,,,,,,,,,,,,,,,,,,,,,,,
,,,47,,47,,,,,,,,47,,,47,,,,,,,,,47,,47,,,,,,,,47,,,47,,,,,,,,,,,,,,,,,,,,,,,,,,
,,,13,,13,,,,,,,,,13,,13,,,,,,,,13,,,13,,,,,,,,13,,,13,,,,,,,,,,,,,,,,,,,,,,,,,,
,,46,,,46,,,,,,,,,46,,46,,,,,,,,,46,,46,,,,,,,,46,,,46,,,,,,,,,,,,,,,,,,,,,,,,,,
,,,7,7,,,,,,,,,,7,7,,,,,,,,,7,,7,,,,,,,,,,7,7,,,,,,,,,,,,,,,,,,,,,,,,,,,
,,37,,37,,,,,,,,,,37,37,,,,,,,,,,37,37,,,,,,,,,37,,37,,,,,,,,,,,,,,,,,,,,,,,,,,,
,,,7,7,,,,,,,,,,7,7,,,,,,,,,7,,7,,,,,,,,,,7,7,,,,,,,,,,,,,,,,,,,,,,,,,,,
,,,36,36,,,,,,,,,36,,36,,,,,,,,,,36,36,,,,,,,,,36,,36,,,,,,,,,,,,,,,,,,,,,,,,,,,
,,42,,42,,,,,,,,,,42,42,,,,,,,,,,42,42,,,,,,,,,42,,42,,,,,,,,,,,,,,,,,,,,,,,,,,,
,,28,,,28,,,,,,,,,28,,28,,,,,,,,,28,,28,,,,,,,,28,,,28,,,,,,,,,,,,,,,,,,,,,,,,,,
,,,44,,44,,,,,,,,,44,,44,,,,,,,,44,,,44,,,,,,,,,44,,44,,,,,,,,,,,,,,,,,,,,,,,,,,
,,,31,,31,,,,,,,,,31,,31,,,,,,,,31,,,31,,,,,,,,,31,,31,,,,,,,,,,,,,,,,,,,,,,,,,,
,,27,,27,,,,,,,,,27,,27,,,,,,,,,27,,27,,,,,,,,,,27,27,,,,,,,,,,,,,,,,,,,,,,,,,,,
,,23,,,23,,,,,,,,23,,,23,,,,,,,,23,,,23,,,,,,,,,23,,23,,,,,,,,,,,,,,,,,,,,,,,,,,
,,42,,42,,,,,,,,,,42,42,,,,,,,,,,42,42,,,,,,,,,42,,42,,,,,,,,,,,,,,,,,,,,,,,,,,,
,,,35,35,,,,,,,,,,35,35,,,,,,,,,35,,35,,,,,,,,,,35,35,,,,,,,,,,,,,,,,,,,,,,,,,,,
,,,48,48,,,,,,,,,,48,48,,,,,,,,,48,,48,,,,,,,,,,48,48,,,,,,,,,,,,,,,,,,,,,,,,,,,
,,3,,,3,,,,,,,,,3,,3,,,,,,,,,3,,3,,,,,,,,3,,,3,,,,,,,,,,,,,,,,,,,,,,,,,,
,,,26,,26,,,,,,,,,26,,26,,,,,,,,26,,,26,,,,,,,,,26,,26,,,,,,,,,,,,,,,,,,,,,,,,,,
,,8,,8,,,,,,,,,8,,8,,,,,,,,,8,,8,,,,,,,,,,8,8,,,,,,,,,,,,,,,,,,,,,,,,,,,
,,15,,,15,,,,,,,,,15,,15,,,,,,,,,15,,15,,,,,,,,,15,,15,,,,,,,,,,,,,,,,,,,,,,,,,,
,,49,,,49,,,,,,,,49,,,49,,,,,,,,49,,,49,,,,,,,,,49,,49,,,,,,,,,,,,,,,,,,,,,,,,,,
,,,35,35,,,,,,,,,,35,35,,,,,,,,,35,,35,,,,,,,,,,35,35,,,,,,,,,,,,,,,,,,,,,,,,,,,
,,33,,,33,,,,,,,,,33,,33,,,,,,,,,33,,33,,,,,,,,33,,,33,,,,,,,,,,,,,,,,,,,,,,,,,,
,,37,,37,,,,,,,,,,37,37,,,,,,,,,,37,37,,,,,,,,,37,,37,,,,,,,,,,,,,,,,,,,,,,,,,,,
,,38,,38,,,,,,,,,38,,38,,,,,,,,,38,,38,,,,,,,,,,38,38,,,,,,,,,,,,,,,,,,,,,,,,,,,
,,,18,18,,,,,,,,,18,,18,,,,,,,,,,18,18,,,,,,,,,,18,18,,,,,,,,,,,,,,,,,,,,,,,,,,,
,,24,,24,,,,,,,,,,24,24,,,,,,,,,,24,24,,,,,,,,,24,,24,,,,,,,,,,,,,,,,,,,,,,,,,,,
,,19,,19,,,,,,,,,,19,19,,,,,,,,,,19,19,,,,,,,,,,19,19,,,,,,,,,,,,,,,,,,,,,,,,,,,
,,33,,,33,,,,,,,,,33,,33,,,,,,,,,33,,33,,,,,,,,33,,,33,,,,,,,,,,,,,,,,,,,,,,,,,,
,,,13,,13,,,,,,,,,13,,13,,,,,,,,13,,,13,,,,,,,,13,,,13,,,,,,,,,,,,,,,,,,,,,,,,,,
,,45,,45,,,,,,,,,45,,45,,,,,,,,,45,,45,,,,,,,,,,45,45,,,,,,,,,,,,,,,,,,,,,,,,,,,
,,46,,,46,,,,,,,,,46,,46,,,,,,,,,46,,46,,,,,,,,46,,,46,,,,,,,,,,,,,,,,,,,,,,,,,,
,,,18,18,,,,,,,,,18,,18,,,,,,,,,,18,18,,,,,,,,,,18,18,,,,,,,,,,,,,,,,,,,,,,,,,,,
,,12,,12,,,,,,,,,12,,12,,,,,,,,,12,,12,,,,,,,,,12,,12,,,,,,,,,,,,,,,,,,,,,,,,,,,
,,,22,22,,,,,,,,,,22,22,,,,,,,,,22,,22,,,,,,,,,,22,22,,,,,,,,,,,,,,,,,,,,,,,,,,,
,,,10,10,,,,,,,,,10,,10,,,,,,,,,,10,10,,,,,,,,,,10,10,,,,,,,,,,,,,,,,,,,,,,,,,,,
,,,22,22,,,,,,,,,,22,22,,,,,,,,,22,,22,,,,,,,,,,22,22,,,,,,,,,,,,,,,,,,,,,,,,,,,
,,8,,8,,,,,,,,,8,,8,,,,,,,,,8,,8,,,,,,,,,,8,8,,,,,,,,,,,,,,,,,,,,,,,,,,,
,,33,,,33,,,,,,,,,33,,33,,,,,,,,,33,,33,,,,,,,,33,,,33,,,,,,,,,,,,,,,,,,,,,,,,,,
,,,1,,1,,,,,,,,1,,,1,,,,,,,,,1,,1,,,,,,,,1,,,1,,,,,,,,,,,,,,,,,,,,,,,,,,
,,,6,,6,,,,,,,,,6,,6,,,,,,,,6,,,6,,,,,,,,,6,,6,,,,,,,,,,,,,,,,,,,,,,,,,,
,,12,,12,,,,,,,,,12,,12,,,,,,,,,12,,12,,,,,,,,,12,,12,,,,,,,,,,,,,,,,,,,,,,,,,,,
,,,36,36,,,,,,,,,36,,36,,,,,,,,,,36,36,,,,,,,,,36,,36,,,,,,,,,,,,,,,,,,,,,,,,,,,
,,,48,48,,,,,,,,,,48,48,,,,,,,,,48,,48,,,,,,,,,,48,48,,,,,,,,,,,,,,,,,,,,,,,,,,,
,,,39,,39,,,,,,,,,39,,39,,,,,,,,39,,,39,,,,,,,,,39,,39,,,,,,,,,,,,,,,,,,,,,,,,,,
,,,36,36,,,,,,,,,36,,36,,,,,,,,,,36,36,,,,,,,,,36,,36,,,,,,,,,,,,,,,,,,,,,,,,,,,
,,12,,12,,,,,,,,,12,,12,,,,,,,,,12,,12,,,,,,,,,12,,12,,,,,,,,,,,,,,,,,,,,,,,,,,,
,,,36,36,,,,,,,,,36,,36,,,,,,,,,,36,36,,,,,,,,,36,,36,,,,,,,,,,,,,,,,,,,,,,,,,,,
,,,1,,1,,,,,,,,1,,,1,,,,,,,,,1,,1,,,,,,,,1,,,1,,,,,,,,,,,,,,,,,,,,,,,,,,
,,34,,,34,,,,,,,,34,,,34,,,,,,,,34,,,34,,,,,,,,,34,,34,,,,,,,,,,,,,,,,,,,,,,,,,,
,,,17,17,,,,,,,,,,17,17,,,,,,,,,17,,17,,,,,,,,,17,,17,,,,,,,,,,,,,,,,,,,,,,,,,,,
,,46,,,46,,,,,,,,,46,,46,,,,,,,,,46,,46,,,,,,,,46,,,46,,,,,,,,,,,,,,,,,,,,,,,,,,
,,37,,37,,,,,,,,,,37,37,,,,,,,,,,37,37,,,,,,,,,37,,37,,,,,,,,,,,,,,,,,,,,,,,,,,,
,,,10,10,,,,,,,,,10,,10,,,,,,,,,,10,10,,,,,,,,,,10,10,,,,,,,,,,,,,,,,,,,,,,,,,,,
,,24,,24,,,,,,,,,,24,24,,,,,,,,,,24,24,,,,,,,,,24,,24,,,,,,,,,,,,,,,,,,,,,,,,,,,
,,,18,18,,,,,,,,,18,,18,,,,,,,,,,18,18,,,,,,,,,,18,18,,,,,,,,,,,,,,,,,,,,,,,,,,,
,,23,,,23,,,,,,,,23,,,23,,,,,,,,23,,,23,,,,,,,,,23,,23,,,,,,,,,,,,,,,,,,,,,,,,,,
,,,10,10,,,,,,,,,10,,10,,,,,,,,,,10,10,,,,,,,,,,10,10,,,,,,,,,,,,,,,,,,,,,,,,,,,
,,,7,7,,,,,,,,,,7,7,,,,,,,,,7,,7,,,,,,,,,,7,7,,,,,,,,,,,,,,,,,,,,,,,,,,,
,,,14,,14,,,,,,,,14,,,14,,,,,,,,,14,,14,,,,,,,,,14,,14,,,,,,,,,,,,,,,,,,,,,,,,,,
,,,40,40,,,,,,,,,,40,40,,,,,,,,,40,,40,,,,,,,,,,40,40,,,,,,,,,,,,,,,,,,,,,,,,,,,
,,,26,,26,,,,,,,,,26,,26,,,,,,,,26,,,26,,,,,,,,,26,,26,,,,,,,,,,,,,,,,,,,,,,,,,,
,,,29,,29,,,,,,,,29,,,29,,,,,,,,,29,,29,,,,,,,,29,,,29,,,,,,,,,,,,,,,,,,,,,,,,,,
,,24,,24,,,,,,,,,,24,24,,,,,,,,,,24,24,,,,,,,,,24,,24,,,,,,,,,,,,,,,,,,,,,,,,,,,
,,,39,,39,,,,,,,,,39,,39,,,,,,,,39,,,39,,,,,,,,,39,,39,,,,,,,,,,,,,,,,,,,,,,,,,,
,,,40,40,,,,,,,,,,40,40,,,,,,,,,40,,40,,,,,,,,,,40,40,,,,,,,,,,,,,,,,,,,,,,,,,,,
,,45,,45,,,,,,,,,45,,45,,,,,,,,,45,,45,,,,,,,,,,45,45,,,,,,,,,,,,,,,,,,,,,,,,,,,
,,,44,,44,,,,,,,,,44,,44,,,,,,,,44,,,44,,,,,,,,,44,,44,,,,,,,,,,,,,,,,,,,,,,,,,,
,,46,,,46,,,,,,,,,46,,46,,,,,,,,,46,,46,,,,,,,,46,,,46,,,,,,,,,,,,,,,,,,,,,,,,,,
,,8,,8,,,,,,,,,8,,8,,,,,,,,,8,,8,,,,,,,,,,8,8,,,,,,,,,,,,,,,,,,,,,,,,,,,
,,15,,,15,,,,,,,,,15,,15,,,,,,,,,15,,15,,,,,,,,,15,,15,,,,,,,,,,,,,,,,,,,,,,,,,,
,,,7,7,,,,,,,,,,7,7,,,,,,,,,7,,7,,,,,,,,,,7,7,,,,,,,,,,,,,,,,,,,,,,,,,,,
