,,3,,3,,,3,,,,,,,3,3,,3,,,,,,,,3,3,,,3,,,,,,,3,3,,,3,,,,,,,,,,,,,,,,,,,,,,,,
,,10,,,10,10,,,,,,,,10,,10,,10,,,,,,,10,,10,10,,,,,,,10,,,10,10,,,,,,,,,,,,,,,,,,,,,,,,,
,,30,,,30,30,,,,,,,30,,,30,30,,,,,,,30,,,30,30,,,,,,,,30,,30,30,,,,,,,,,,,,,,,,,,,,,,,,,
,,,47,47,,47,,,,,,,,47,,47,47,,,,,,,47,,47,,47,,,,,,,,47,47,,47,,,,,,,,,,,,,,,,,,,,,,,,,
,,1,,,1,,1,,,,,,,1,,1,1,,,,,,,,1,,1,,1,,,,,,1,,,1,,1,,,,,,,,,,,,,,,,,,,,,,,,
,,,41,41,,41,,,,,,,,41,,41,41,,,,,,,41,,41,,41,,,,,,,,41,41,,41,,,,,,,,,,,,,,,,,,,,,,,,,
,,49,,49,,,49,,,,,,49,,49,,,49,,,,,,49,,49,,,49,,,,,,,49,49,,,49,,,,,,,,,,,,,,,,,,,,,,,,
,,7,,7,,7,,,,,,,,7,7,,,7,,,,,,,7,7,,7,,,,,,,7,,7,,7,,,,,,,,,,,,,,,,,,,,,,,,,
,,43,,43,,,43,,,,,,43,,43,,,43,,,,,,43,,43,,,43,,,,,,,43,43,,,43,,,,,,,,,,,,,,,,,,,,,,,,
,,25,,,25,25,,,,,,,25,,,25,25,,,,,,,25,,,25,25,,,,,,,,25,,25,25,,,,,,,,,,,,,,,,,,,,,,,,,
,,15,,15,,15,,,,,,,,15,15,,,15,,,,,,,15,15,,15,,,,,,,15,,15,,15,,,,,,,,,,,,,,,,,,,,,,,,,
,,,37,,37,,37,,,,,,,37,37,,,37,,,,,,37,,,37,,37,,,,,,,37,,37,,37,,,,,,,,,,,,,,,,,,,,,,,,
,,,47,47,,47,,,,,,,,47,,47,47,,,,,,,47,,47,,47,,,,,,,,47,47,,47,,,,,,,,,,,,,,,,,,,,,,,,,
,,5,,5,,5,,,,,,,5,,5,,5,,,,,,,5,,5,,5,,,,,,,,5,5,,5,,,,,,,,,,,,,,,,,,,,,,,,,
,,43,,43,,,43,,,,,,43,,43,,,43,,,,,,43,,43,,,43,,,,,,,43,43,,,43,,,,,,,,,,,,,,,,,,,,,,,,
,,12,,12,,12,,,,,,,12,,12,,12,,,,,,,12,,12,,12,,,,,,,12,,12,,12,,,,,,,,,,,,,,,,,,,,,,,,,
,,15,,15,,15,,,,,,,,15,15,,,15,,,,,,,15,15,,15,,,,,,,15,,15,,15,,,,,,,,,,,,,,,,,,,,,,,,,
,,,41,41,,41,,,,,,,,41,,41,41,,,,,,,41,,41,,41,,,,,,,,41,41,,41,,,,,,,,,,,,,,,,,,,,,,,,,
,,,38,38,,,38,,,,,,,38,,38,,38,,,,,,38,,38,,,38,,,,,,,38,38,,,38,,,,,,,,,,,,,,,,,,,,,,,,
,,18,,,18,,18,,,,,,,18,,18,18,,,,,,,,18,,18,,18,,,,,,18,,,18,,18,,,,,,,,,,,,,,,,,,,,,,,,
,,14,,,14,14,,,,,,,,14,,14,,14,,,,,,,14,,14,14,,,,,,,14,,,14,14,,,,,,,,,,,,,,,,,,,,,,,,,
,,6,,,6,6,,,,,,,,6,,6,,6,,,,,,,6,,6,6,,,,,,,6,,,6,6,,,,,,,,,,,,,,,,,,,,,,,,,
,,25,,,25,25,,,,,,,25,,,25,25,,,,,,,25,,,25,25,,,,,,,,25,,25,25,,,,,,,,,,,,,,,,,,,,,,,,,
,,,23,,23,23,,,,,,,23,,,23,,23,,,,,,,23,,23,23,,,,,,,23,,,23,23,,,,,,,,,,,,,,,,,,,,,,,,,
,,,45,,45,45,,,,,,,,45,45,,45,,,,,,,45,,,45,45,,,,,,,,45,,45,45,,,,,,,,,,,,,,,,,,,,,,,,,
,,,38,38,,,38,,,,,,,38,,38,,38,,,,,,38,,38,,,38,,,,,,,38,38,,,38,,,,,,,,,,,,,,,,,,,,,,,,
,,3,,3,,,3,,,,,,,3,3,,3,,,,,,,,3,3,,,3,,,,,,,3,3,,,3,,,,,,,,,,,,,,,,,,,,,,,,
,,,35,,35,,35,,,,,,,35,35,,,35,,,,,,35,,,35,,35,,,,,,35,,,35,,35,,,,,,,,,,,,,,,,,,,,,,,,
,,4,,4,,4,,,,,,,,4,4,,,4,,,,,,,4,4,,4,,,,,,,4,,4,,4,,,,,,,,,,,,,,,,,,,,,,,,,
,,,33,,33,,33,,,,,,33,,,33,33,,,,,,,,33,,33,,33,,,,,,33,,,33,,33,,,,,,,,,,,,,,,,,,,,,,,,
,,,34,34,,,34,,,,,,,34,,34,,34,,,,,,34,,34,,,34,,,,,,34,,34,,,34,,,,,,,,,,,,,,,,,,,,,,,,
,,46,,46,,,46,,,,,,46,,46,,,46,,,,,,46,,46,,,46,,,,,,,46,46,,,46,,,,,,,,,,,,,,,,,,,,,,,,
,,,37,,37,,37,,,,,,,37,37,,,37,,,,,,37,,,37,,37,,,,,,,37,,37,,37,,,,,,,,,,,,,,,,,,,,,,,,
,,9,,,9,,9,,,,,,9,,,9,,9,,,,,,9,,,9,,9,,,,,,,9,,9,,9,,,,,,,,,,,,,,,,,,,,,,,,
,,,32,,32,32,,,,,,,32,,,32,,32,,,,,,,32,,32,32,,,,,,,,32,,32,32,,,,,,,,,,,,,,,,,,,,,,,,,
,,,24,24,,,24,,,,,,24,,24,,24,,,,,,,,24,24,,,24,,,,,,24,,24,,,24,,,,,,,,,,,,,,,,,,,,,,,,
,,39,,,39,,39,,,,,,39,,,39,,39,,,,,,39,,,39,,39,,,,,,,39,,39,,39,,,,,,,,,,,,,,,,,,,,,,,,
,,,24,24,,,24,,,,,,24,,24,,24,,,,,,,,24,24,,,24,,,,,,24,,24,,,24,,,,,,,,,,,,,,,,,,,,,,,,
,,20,,20,,20,,,,,,,20,,20,,20,,,,,,,20,,20,,20,,,,,,,20,,20,,20,,,,,,,,,,,,,,,,,,,,,,,,,
,,,37,,37,,37,,,,,,,37,37,,,37,,,,,,37,,,37,,37,,,,,,,37,,37,,37,,,,,,,,,,,,,,,,,,,,,,,,
,,43,,43,,,43,,,,,,43,,43,,,43,,,,,,43,,43,,,43,,,,,,,43,43,,,43,,,,,,,,,,,,,,,,,,,,,,,,
,,3,,3,,,3,,,,,,,3,3,,3,,,,,,,,3,3,,,3,,,,,,,3,3,,,3,,,,,,,,,,,,,,,,,,,,,,,,
,,,31,31,,,31,,,,,,31,,31,,31,,,,,,,,31,31,,,31,,,,,,31,,31,,,31,,,,,,,,,,,,,,,,,,,,,,,,
,,5,,5,,5,,,,,,,5,,5,,5,,,,,,,5,,5,,5,,,,,,,,5,5,,5,,,,,,,,,,,,,,,,,,,,,,,,,
,,7,,7,,7,,,,,,,,7,7,,,7,,,,,,,7,7,,7,,,,,,,7,,7,,7,,,,,,,,,,,,,,,,,,,,,,,,,
,,10,,,10,10,,,,,,,,10,,10,,10,,,,,,,10,,10,10,,,,,,,10,,,10,10,,,,,,,,,,,,,,,,,,,,,,,,,
,,,16,16,,16,,,,,,,16,,16,,,16,,,,,,,16,16,,16,,,,,,,,16,16,,16,,,,,,,,,,,,,,,,,,,,,,,,,
,,8,,8,,,8,,,,,,,8,8,,8,,,,,,,,8,8,,,8,,,,,,,8,8,,,8,,,,,,,,,,,,,,,,,,,,,,,,
,,,48,,48,48,,,,,,,,48,48,,48,,,,,,,48,,,48,48,,,,,,,,48,,48,48,,,,,,,,,,,,,,,,,,,,,,,,,
,,,27,27,,,27,,,,,,27,,27,,27,,,,,,,,27,27,,,27,,,,,,27,,27,,,27,,,,,,,,,,,,,,,,,,,,,,,,
,,,38,38,,,38,,,,,,,38,,38,,38,,,,,,38,,38,,,38,,,,,,,38,38,,,38,,,,,,,,,,,,,,,,,,,,,,,,
,,3,,3,,,3,,,,,,,3,3,,3,,,,,,,,3,3,,,3,,,,,,,3,3,,,3,,,,,,,,,,,,,,,,,,,,,,,,
,,,37,,37,,37,,,,,,,37,37,,,37,,,,,,37,,,37,,37,,,,,,,37,,37,,37,,,,,,,,,,,,,,,,,,,,,,,,
,,43,,43,,,43,,,,,,43,,43,,,43,,,,,,43,,43,,,43,,,,,,,43,43,,,43,,,,,,,,,,,,,,,,,,,,,,,,
,,39,,,39,,39,,,,,,39,,,39,,39,,,,,,39,,,39,,39,,,,,,,39,,39,,39,,,,,,,,,,,,,,,,,,,,,,,,
,,,47,47,,47,,,,,,,,47,,47,47,,,,,,,47,,47,,47,,,,,,,,47,47,,47,,,,,,,,,,,,,,,,,,,,,,,,,
,,,32,,32,32,,,,,,,32,,,32,,32,,,,,,,32,,32,32,,,,,,,,32,,32,32,,,,,,,,,,,,,,,,,,,,,,,,,
,,9,,,9,,9,,,,,,9,,,9,,9,,,,,,9,,,9,,9,,,,,,,9,,9,,9,,,,,,,,,,,,,,,,,,,,,,,,
,,,35,,35,,35,,,,,,,35,35,,,35,,,,,,35,,,35,,35,,,,,,35,,,35,,35,,,,,,,,,,,,,,,,,,,,,,,,
,,,40,,40,,40,,,,,,,40,40,,40,,,,,,,40,,,40,,40,,,,,,,40,,40,,40,,,,,,,,,,,,,,,,,,,,,,,,
,,6,,,6,6,,,,,,,,6,,6,,6,,,,,,,6,,6,6,,,,,,,6,,,6,6,,,,,,,,,,,,,,,,,,,,,,,,,
,,,28,,28,,28,,,,,,28,,,28,28,,,,,,,,28,,28,,28,,,,,,28,,,28,,28,,,,,,,,,,,,,,,,,,,,,,,,
,,,19,,19,19,,,,,,,19,,,19,,19,,,,,,,19,,19,19,,,,,,,19,,,19,19,,,,,,,,,,,,,,,,,,,,,,,,,
,,,41,41,,41,,,,,,,,41,,41,41,,,,,,,41,,41,,41,,,,,,,,41,41,,41,,,,,,,,,,,,,,,,,,,,,,,,,
,,43,,43,,,43,,,,,,43,,43,,,43,,,,,,43,,43,,,43,,,,,,,43,43,,,43,,,,,,,,,,,,,,,,,,,,,,,,
,,,31,31,,,31,,,,,,31,,31,,31,,,,,,,,31,31,,,31,,,,,,31,,31,,,31,,,,,,,,,,,,,,,,,,,,,,,,
,,30,,,30,30,,,,,,,30,,,30,30,,,,,,,30,,,30,30,,,,,,,,30,,30,30,,,,,,,,,,,,,,,,,,,,,,,,,
,,,31,31,,,31,,,,,,31,,31,,31,,,,,,,,31,31,,,31,,,,,,31,,31,,,31,,,,,,,,,,,,,,,,,,,,,,,,
,,10,,,10,10,,,,,,,,10,,10,,10,,,,,,,10,,10,10,,,,,,,10,,,10,10,,,,,,,,,,,,,,,,,,,,,,,,,
,,,47,47,,47,,,,,,,,47,,47,47,,,,,,,47,,47,,47,,,,,,,,47,47,,47,,,,,,,,,,,,,,,,,,,,,,,,,
,,,48,,48,48,,,,,,,,48,48,,48,,,,,,,48,,,48,48,,,,,,,,48,,48,48,,,,,,,,,,,,,,,,,,,,,,,,,
,,,24,24,,,24,,,,,,24,,24,,24,,,,,,,,24,24,,,24,,,,,,24,,24,,,24,,,,,,,,,,,,,,,,,,,,,,,,
,,,48,,48,48,,,,,,,,48,48,,48,,,,,,,48,,,48,48,,,,,,,,48,,48,48,,,,,,,,,,,,,,,,,,,,,,,,,
,,49,,49,,,49,,,,,,49,,49,,,49,,,,,,49,,49,,,49,,,,,,,49,49,,,49,,,,,,,,,,,,,,,,,,,,,,,,
,,14,,,14,14,,,,,,,,14,,14,,14,,,,,,,14,,14,14,,,,,,,14,,,14,14,,,,,,,,,,,,,,,,,,,,,,,,,
,,,40,,40,,40,,,,,,,40,40,,40,,,,,,,40,,,40,,40,,,,,,,40,,40,,40,,,,,,,,,,,,,,,,,,,,,,,,
,,39,,,39,,39,,,,,,39,,,39,,39,,,,,,39,,,39,,39,,,,,,,39,,39,,39,,,,,,,,,,,,,,,,,,,,,,,,
,,,48,,48,48,,,,,,,,48,48,,48,,,,,,,48,,,48,48,,,,,,,,48,,48,48,,,,,,,,,,,,,,,,,,,,,,,,,
,,13,,13,,13,,,,,,,,13,13,,,13,,,,,,,13,13,,13,,,,,,,13,,13,,13,,,,,,,,,,,,,,,,,,,,,,,,,
,,,26,,26,,26,,,,,,26,,,26,26,,,,,,,,26,,26,,26,,,,,,26,,,26,,26,,,,,,,,,,,,,,,,,,,,,,,,
,,,24,24,,,24,,,,,,24,,24,,24,,,,,,,,24,24,,,24,,,,,,24,,24,,,24,,,,,,,,,,,,,,,,,,,,,,,,
,,,28,,28,,28,,,,,,28,,,28,28,,,,,,,,28,,28,,28,,,,,,28,,,28,,28,,,,,,,,,,,,,,,,,,,,,,,,
,,22,,,22,,22,,,,,,,22,,22,22,,,,,,,,22,,22,,22,,,,,,,22,,22,,22,,,,,,,,,,,,,,,,,,,,,,,,
,,,37,,37,,37,,,,,,,37,37,,,37,,,,,,37,,,37,,37,,,,,,,37,,37,,37,,,,,,,,,,,,,,,,,,,,,,,,
,,,47,47,,47,,,,,,,,47,,47,47,,,,,,,47,,47,,47,,,,,,,,47,47,,47,,,,,,,,,,,,,,,,,,,,,,,,,
,,,34,34,,,34,,,,,,,34,,34,,34,,,,,,34,,34,,,34,,,,,,34,,34,,,34,,,,,,,,,,,,,,,,,,,,,,,,
,,15,,15,,15,,,,,,,,15,15,,,15,,,,,,,15,15,,15,,,,,,,15,,15,,15,,,,,,,,,,,,,,,,,,,,,,,,,
,,,17,17,,17,,,,,,,17,,17,,,17,,,,,,,17,17,,17,,,,,,,,17,17,,17,,,,,,,,,,,,,,,,,,,,,,,,,
,,5,,5,,5,,,,,,,5,,5,,5,,,,,,,5,,5,,5,,,,,,,,5,5,,5,,,,,,,,,,,,,,,,,,,,,,,,,
,,,28,,28,,28,,,,,,28,,,28,28,,,,,,,,28,,28,,28,,,,,,28,,,28,,28,,,,,,,,,,,,,,,,,,,,,,,,
,,12,,12,,12,,,,,,,12,,12,,12,,,,,,,12,,12,,12,,,,,,,12,,12,,12,,,,,,,,,,,,,,,,,,,,,,,,,
,,8,,8,,,8,,,,,,,8,8,,8,,,,,,,,8,8,,,8,,,,,,,8,8,,,8,,,,,,,,,,,,,,,,,,,,,,,,
,,,27,27,,,27,,,,,,27,,27,,27,,,,,,,,27,27,,,27,,,,,,27,,27,,,27,,,,,,,,,,,,,,,,,,,,,,,,
,,43,,43,,,43,,,,,,43,,43,,,43,,,,,,43,,43,,,43,,,,,,,43,43,,,43,,,,,,,,,,,,,,,,,,,,,,,,
,,5,,5,,5,,,,,,,5,,5,,5,,,,,,,5,,5,,5,,,,,,,,5,5,,5,,,,,,,,,,,,,,,,,,,,,,,,,
,,25,,,25,25,,,,,,,25,,,25,25,,,,,,,25,,,25,25,,,,,,,,25,,25,25,,,,,,,,,,,,,,,,,,,,,,,,,
,,2,,,2,2,,,,,,,2,,,2,2,,,,,,,2,,,2,2,,,,,,,2,,,2,2,,,,,,,,,,,,,,,,,,,,,,,,,
,,,48,,48,48,,,,,,,,48,48,,48,,,,,,,48,,,48,48,,,,,,,,48,,48,48,,,,,,,,,,,,,,,,,,,,,,,,,
,,,48,,48,48,,,,,,,,48,48,,48,,,,,,,48,,,48,48,,,,,,,,48,,48,48,,,,,,,,,,,,,,,,,,,,,,,,,
,,,19,,19,19,,,,,,,19,,,19,,19,,,,,,,19,,19,19,,,,,,,19,,,19,19,,,,,,,,,,,,,,,,,,,,,,,,,
,,,36,36,,,36,,,,,,,36,,36,,36,,,,,,36,,36,,,36,,,,,,36,,36,,,36,,,,,,,,,,,,,,,,,,,,,,,,
,,,33,,33,,33,,,,,,33,,,33,33,,,,,,,,33,,33,,33,,,,,,33,,,33,,33,,,,,,,,,,,,,,,,,,,,,,,,
,,13,,13,,13,,,,,,,,13,13,,,13,,,,,,,13,13,,13,,,,,,,13,,13,,13,,,,,,,,,,,,,,,,,,,,,,,,,
,,,27,27,,,27,,,,,,27,,27,,27,,,,,,,,27,27,,,27,,,,,,27,,27,,,27,,,,,,,,,,,,,,,,,,,,,,,,
,,,34,34,,,34,,,,,,,34,,34,,34,,,,,,34,,34,,,34,,,,,,34,,34,,,34,,,,,,,,,,,,,,,,,,,,,,,,
,,6,,,6,6,,,,,,,,6,,6,,6,,,,,,,6,,6,6,,,,,,,6,,,6,6,,,,,,,,,,,,,,,,,,,,,,,,,
,,,27,27,,,27,,,,,,27,,27,,27,,,,,,,,27,27,,,27,,,,,,27,,27,,,27,,,,,,,,,,,,,,,,,,,,,,,,
,,7,,7,,7,,,,,,,,7,7,,,7,,,,,,,7,7,,7,,,,,,,7,,7,,7,,,,,,,,,,,,,,,,,,,,,,,,,
,,30,,,30,30,,,,,,,30,,,30,30,,,,,,,30,,,30,30,,,,,,,,30,,30,30,,,,,,,,,,,,,,,,,,,,,,,,,
,,5,,5,,5,,,,,,,5,,5,,5,,,,,,,5,,5,,5,,,,,,,,5,5,,5,,,,,,,,,,,,,,,,,,,,,,,,,
,,,44,44,,44,,,,,,,,44,,44,44,,,,,,,44,,44,,44,,,,,,,,44,44,,44,,,,,,,,,,,,,,,,,,,,,,,,,
,,30,,,30,30,,,,,,,30,,,30,30,,,,,,,30,,,30,30,,,,,,,,30,,30,30,,,,,,,,,,,,,,,,,,,,,,,,,
,,22,,,22,,22,,,,,,,22,,22,22,,,,,,,,22,,22,,22,,,,,,,22,,22,,22,,,,,,,,,,,,,,,,,,,,,,,,
,,14,,,14,14,,,,,,,,14,,14,,14,,,,,,,14,,14,14,,,,,,,14,,,14,14,,,,,,,,,,,,,,,,,,,,,,,,,
,,,17,17,,17,,,,,,,17,,17,,,17,,,,,,,17,17,,17,,,,,,,,17,17,,17,,,,,,,,,,,,,,,,,,,,,,,,,
,,8,,8,,,8,,,,,,,8,8,,8,,,,,,,,8,8,,,8,,,,,,,8,8,,,8,,,,,,,,,,,,,,,,,,,,,,,,
,,25,,,25,25,,,,,,,25,,,25,25,,,,,,,25,,,25,25,,,,,,,,25,,25,25,,,,,,,,,,,,,,,,,,,,,,,,,
,,,34,34,,,34,,,,,,,34,,34,,34,,,,,,34,,34,,,34,,,,,,34,,34,,,34,,,,,,,,,,,,,,,,,,,,,,,,
,,30,,,30,30,,,,,,,30,,,30,30,,,,,,,30,,,30,30,,,,,,,,30,,30,30,,,,,,,,,,,,,,,,,,,,,,,,,
,,49,,49,,,49,,,,,,49,,49,,,49,,,,,,49,,49,,,49,,,,,,,49,49,,,49,,,,,,,,,,,,,,,,,,,,,,,,
,,,48,,48,48,,,,,,,,48,48,,48,,,,,,,48,,,48,48,,,,,,,,48,,48,48,,,,,,,,,,,,,,,,,,,,,,,,,
,,9,,,9,,9,,,,,,9,,,9,,9,,,,,,9,,,9,,9,,,,,,,9,,9,,9,,,,,,,,,,,,,,,,,,,,,,,,
,,,44,44,,44,,,,,,,,44,,44,44,,,,,,,44,,44,,44,,,,,,,,44,44,,44,,,,,,,,,,,,,,,,,,,,,,,,,
,,1,,,1,,1,,,,,,,1,,1,1,,,,,,,,1,,1,,1,,,,,,1,,,1,,1,,,,,,,,,,,,,,,,,,,,,,,,
,,46,,46,,,46,,,,,,46,,46,,,46,,,,,,46,,46,,,46,,,,,,,46,46,,,46,,,,,,,,,,,,,,,,,,,,,,,,
,,20,,20,,20,,,,,,,20,,20,,20,,,,,,,20,,20,,20,,,,,,,20,,20,,20,,,,,,,,,,,,,,,,,,,,,,,,,
,,,36,36,,,36,,,,,,,36,,36,,36,,,,,,36,,36,,,36,,,,,,36,,36,,,36,,,,,,,,,,,,,,,,,,,,,,,,
,,,37,,37,,37,,,,,,,37,37,,,37,,,,,,37,,,37,,37,,,,,,,37,,37,,37,,,,,,,,,,,,,,,,,,,,,,,,
,,,17,17,,17,,,,,,,17,,17,,,17,,,,,,,17,17,,17,,,,,,,,17,17,,17,,,,,,,,,,,,,,,,,,,,,,,,,
,,,33,,33,,33,,,,,,33,,,33,33,,,,,,,,33,,33,,33,,,,,,33,,,33,,33,,,,,,,,,,,,,,,,,,,,,,,,
,,,41,41,,41,,,,,,,,41,,41,41,,,,,,,41,,41,,41,,,,,,,,41,41,,41,,,,,,,,,,,,,,,,,,,,,,,,,
,,,19,,19,19,,,,,,,19,,,19,,19,,,,,,,19,,19,19,,,,,,,19,,,19,19,,,,,,,,,,,,,,,,,,,,,,,,,
,,,34,34,,,34,,,,,,,34,,34,,34,,,,,,34,,34,,,34,,,,,,34,,34,,,34,,,,,,,,,,,,,,,,,,,,,,,,
,,15,,15,,15,,,,,,,,15,15,,,15,,,,,,,15,15,,15,,,,,,,15,,15,,15,,,,,,,,,,,,,,,,,,,,,,,,,
,,30,,,30,30,,,,,,,30,,,30,30,,,,,,,30,,,30,30,,,,,,,,30,,30,30,,,,,,,,,,,,,,,,,,,,,,,,,
,,,38,38,,,38,,,,,,,38,,38,,38,,,,,,38,,38,,,38,,,,,,,38,38,,,38,,,,,,,,,,,,,,,,,,,,,,,,
,,49,,49,,,49,,,,,,49,,49,,,49,,,,,,49,,49,,,49,,,,,,,49,49,,,49,,,,,,,,,,,,,,,,,,,,,,,,
,,,26,,26,,26,,,,,,26,,,26,26,,,,,,,,26,,26,,26,,,,,,26,,,26,,26,,,,,,,,,,,,,,,,,,,,,,,,
,,,40,,40,,40,,,,,,,40,40,,40,,,,,,,40,,,40,,40,,,,,,,40,,40,,40,,,,,,,,,,,,,,,,,,,,,,,,
,,,21,21,,21,,,,,,,21,,21,,,21,,,,,,,21,21,,21,,,,,,,21,,21,,21,,,,,,,,,,,,,,,,,,,,,,,,,
,,20,,20,,20,,,,,,,20,,20,,20,,,,,,,20,,20,,20,,,,,,,20,,20,,20,,,,,,,,,,,,,,,,,,,,,,,,,
,,,16,16,,16,,,,,,,16,,16,,,16,,,,,,,16,16,,16,,,,,,,,16,16,,16,,,,,,,,,,,,,,,,,,,,,,,,,
,,,32,,32,32,,,,,,,32,,,32,,32,,,,,,,32,,32,32,,,,,,,,32,,32,32,,,,,,,,,,,,,,,,,,,,,,,,,
,,,36,36,,,36,,,,,,,36,,36,,36,,,,,,36,,36,,,36,,,,,,36,,36,,,36,,,,,,,,,,,,,,,,,,,,,,,,
,,13,,13,,13,,,,,,,,13,13,,,13,,,,,,,13,13,,13,,,,,,,13,,13,,13,,,,,,,,,,,,,,,,,,,,,,,,,
,,9,,,9,,9,,,,,,9,,,9,,9,,,,,,9,,,9,,9,,,,,,,9,,9,,9,,,,,,,,,,,,,,,,,,,,,,,,
,,2,,,2,2,,,,,,,2,,,2,2,,,,,,,2,,,2,2,,,,,,,2,,,2,2,,,,,,,,,,,,,,,,,,,,,,,,,
,,20,,20,,20,,,,,,,20,,20,,20,,,,,,,20,,20,,20,,,,,,,20,,20,,20,,,,,,,,,,,,,,,,,,,,,,,,,
,,,27,27,,,27,,,,,,27,,27,,27,,,,,,,,27,27,,,27,,,,,,27,,27,,,27,,,,,,,,,,,,,,,,,,,,,,,,
,,,47,47,,47,,,,,,,,47,,47,47,,,,,,,47,,47,,47,,,,,,,,47,47,,47,,,,,,,,,,,,,,,,,,,,,,,,,
,,39,,,39,,39,,,,,,39,,,39,,39,,,,,,39,,,39,,39,,,,,,,39,,39,,39,,,,,,,,,,,,,,,,,,,,,,,,
,,5,,5,,5,,,,,,,5,,5,,5,,,,,,,5,,5,,5,,,,,,,,5,5,,5,,,,,,,,,,,,,,,,,,,,,,,,,
,,,21,21,,21,,,,,,,21,,21,,,21,,,,,,,21,21,,21,,,,,,,21,,21,,21,,,,,,,,,,,,,,,,,,,,,,,,,
,,46,,46,,,46,,,,,,46,,46,,,46,,,,,,46,,46,,,46,,,,,,,46,46,,,46,,,,,,,,,,,,,,,,,,,,,,,,
,,,17,17,,17,,,,,,,17,,17,,,17,,,,,,,17,17,,17,,,,,,,,17,17,,17,,,,,,,,,,,,,,,,,,,,,,,,,
,,,33,,33,,33,,,,,,33,,,33,33,,,,,,,,33,,33,,33,,,,,,33,,,33,,33,,,,,,,,,,,,,,,,,,,,,,,,
,,,44,44,,44,,,,,,,,44,,44,44,,,,,,,44,,44,,44,,,,,,,,44,44,,44,,,,,,,,,,,,,,,,,,,,,,,,,
,,6,,,6,6,,,,,,,,6,,6,,6,,,,,,,6,,6,6,,,,,,,6,,,6,6,,,,,,,,,,,,,,,,,,,,,,,,,
,,,45,,45,45,,,,,,,,45,45,,45,,,,,,,45,,,45,45,,,,,,,,45,,45,45,,,,,,,,,,,,,,,,,,,,,,,,,
,,39,,,39,,39,,,,,,39,,,39,,39,,,,,,39,,,39,,39,,,,,,,39,,39,,39,,,,,,,,,,,,,,,,,,,,,,,,
,,,19,,19,19,,,,,,,19,,,19,,19,,,,,,,19,,19,19,,,,,,,19,,,19,19,,,,,,,,,,,,,,,,,,,,,,,,,
,,11,,,11,,11,,,,,,11,,,11,,11,,,,,,11,,,11,,11,,,,,,,11,,11,,11,,,,,,,,,,,,,,,,,,,,,,,,
,,,45,,45,45,,,,,,,,45,45,,45,,,,,,,45,,,45,45,,,,,,,,45,,45,45,,,,,,,,,,,,,,,,,,,,,,,,,
,,5,,5,,5,,,,,,,5,,5,,5,,,,,,,5,,5,,5,,,,,,,,5,5,,5,,,,,,,,,,,,,,,,,,,,,,,,,
,,,34,34,,,34,,,,,,,34,,34,,34,,,,,,34,,34,,,34,,,,,,34,,34,,,34,,,,,,,,,,,,,,,,,,,,,,,,
,,,38,38,,,38,,,,,,,38,,38,,38,,,,,,38,,38,,,38,,,,,,,38,38,,,38,,,,,,,,,,,,,,,,,,,,,,,,
,,,27,27,,,27,,,,,,27,,27,,27,,,,,,,,27,27,,,27,,,,,,27,,27,,,27,,,,,,,,,,,,,,,,,,,,,,,,
,,,27,27,,,27,,,,,,27,,27,,27,,,,,,,,27,27,,,27,,,,,,27,,27,,,27,,,,,,,,,,,,,,,,,,,,,,,,
,,14,,,14,14,,,,,,,,14,,14,,14,,,,,,,14,,14,14,,,,,,,14,,,14,14,,,,,,,,,,,,,,,,,,,,,,,,,
,,6,,,6,6,,,,,,,,6,,6,,6,,,,,,,6,,6,6,,,,,,,6,,,6,6,,,,,,,,,,,,,,,,,,,,,,,,,
,,11,,,11,,11,,,,,,11,,,11,,11,,,,,,11,,,11,,11,,,,,,,11,,11,,11,,,,,,,,,,,,,,,,,,,,,,,,
,,3,,3,,,3,,,,,,,3,3,,3,,,,,,,,3,3,,,3,,,,,,,3,3,,,3,,,,,,,,,,,,,,,,,,,,,,,,
,,6,,,6,6,,,,,,,,6,,6,,6,,,,,,,6,,6,6,,,,,,,6,,,6,6,,,,,,,,,,,,,,,,,,,,,,,,,
,,13,,13,,13,,,,,,,,13,13,,,13,,,,,,,13,13,,13,,,,,,,13,,13,,13,,,,,,,,,,,,,,,,,,,,,,,,,
,,,42,,42,42,,,,,,,,42,42,,42,,,,,,,42,,,42,42,,,,,,,,42,,42,42,,,,,,,,,,,,,,,,,,,,,,,,,
,,14,,,14,14,,,,,,,,14,,14,,14,,,,,,,14,,14,14,,,,,,,14,,,14,14,,,,,,,,,,,,,,,,,,,,,,,,,
,,46,,46,,,46,,,,,,46,,46,,,46,,,,,,46,,46,,,46,,,,,,,46,46,,,46,,,,,,,,,,,,,,,,,,,,,,,,
,,30,,,30,30,,,,,,,30,,,30,30,,,,,,,30,,,30,30,,,,,,,,30,,30,30,,,,,,,,,,,,,,,,,,,,,,,,,
,,30,,,30,30,,,,,,,30,,,30,30,,,,,,,30,,,30,30,,,,,,,,30,,30,30,,,,,,,,,,,,,,,,,,,,,,,,,
,,5,,5,,5,,,,,,,5,,5,,5,,,,,,,5,,5,,5,,,,,,,,5,5,,5,,,,,,,,,,,,,,,,,,,,,,,,,
,,7,,7,,7,,,,,,,,7,7,,,7,,,,,,,7,7,,7,,,,,,,7,,7,,7,,,,,,,,,,,,,,,,,,,,,,,,,
,,6,,,6,6,,,,,,,,6,,6,,6,,,,,,,6,,6,6,,,,,,,6,,,6,6,,,,,,,,,,,,,,,,,,,,,,,,,
,,49,,49,,,49,,,,,,49,,49,,,49,,,,,,49,,49,,,49,,,,,,,49,49,,,49,,,,,,,,,,,,,,,,,,,,,,,,
,,,35,,35,,35,,,,,,,35,35,,,35,,,,,,35,,,35,,35,,,,,,35,,,35,,35,,,,,,,,,,,,,,,,,,,,,,,,
,,15,,15,,15,,,,,,,,15,15,,,15,,,,,,,15,15,,15,,,,,,,15,,15,,15,,,,,,,,,,,,,,,,,,,,,,,,,
,,,27,27,,,27,,,,,,27,,27,,27,,,,,,,,27,27,,,27,,,,,,27,,27,,,27,,,,,,,,,,,,,,,,,,,,,,,,
,,15,,15,,15,,,,,,,,15,15,,,15,,,,,,,15,15,,15,,,,,,,15,,15,,15,,,,,,,,,,,,,,,,,,,,,,,,,
,,7,,7,,7,,,,,,,,7,7,,,7,,,,,,,7,7,,7,,,,,,,7,,7,,7,,,,,,,,,,,,,,,,,,,,,,,,,
,,,36,36,,,36,,,,,,,36,,36,,36,,,,,,36,,36,,,36,,,,,,36,,36,,,36,,,,,,,,,,,,,,,,,,,,,,,,
,,,21,21,,21,,,,,,,21,,21,,,21,,,,,,,21,21,,21,,,,,,,21,,21,,21,,,,,,,,,,,,,,,,,,,,,,,,,
,,,47,47,,47,,,,,,,,47,,47,47,,,,,,,47,,47,,47,,,,,,,,47,47,,47,,,,,,,,,,,,,,,,,,,,,,,,,
,,8,,8,,,8,,,,,,,8,8,,8,,,,,,,,8,8,,,8,,,,,,,8,8,,,8,,,,,,,,,,,,,,,,,,,,,,,,
,,,44,44,,44,,,,,,,,44,,44,44,,,,,,,44,,44,,44,,,,,,,,44,44,,44,,,,,,,,,,,,,,,,,,,,,,,,,
,,49,,49,,,49,,,,,,49,,49,,,49,,,,,,49,,49,,,49,,,,,,,49,49,,,49,,,,,,,,,,,,,,,,,,,,,,,,
,,14,,,14,14,,,,,,,,14,,14,,14,,,,,,,14,,14,14,,,,,,,14,,,14,14,,,,,,,,,,,,,,,,,,,,,,,,,
,,,19,,19,19,,,,,,,19,,,19,,19,,,,,,,19,,19,19,,,,,,,19,,,19,19,,,,,,,,,,,,,,,,,,,,,,,,,
,,,28,,28,,28,,,,,,28,,,28,28,,,,,,,,28,,28,,28,,,,,,28,,,28,,28,,,,,,,,,,,,,,,,,,,,,,,,
,,11,,,11,,11,,,,,,11,,,11,,11,,,,,,11,,,11,,11,,,,,,,11,,11,,11,,,,,,,,,,,,,,,,,,,,,,,,
,,,32,,32,32,,,,,,,32,,,32,,32,,,,,,,32,,32,32,,,,,,,,32,,32,32,,,,,,,,,,,,,,,,,,,,,,,,,
,,15,,15,,15,,,,,,,,15,15,,,15,,,,,,,15,15,,15,,,,,,,15,,15,,15,,,,,,,,,,,,,,,,,,,,,,,,,
,,18,,,18,,18,,,,,,,18,,18,18,,,,,,,,18,,18,,18,,,,,,18,,,18,,18,,,,,,,,,,,,,,,,,,,,,,,,
,,,47,47,,47,,,,,,,,47,,47,47,,,,,,,47,,47,,47,,,,,,,,47,47,,47,,,,,,,,,,,,,,,,,,,,,,,,,
,,6,,,6,6,,,,,,,,6,,6,,6,,,,,,,6,,6,6,,,,,,,6,,,6,6,,,,,,,,,,,,,,,,,,,,,,,,,
,,1,,,1,,1,,,,,,,1,,1,1,,,,,,,,1,,1,,1,,,,,,1,,,1,,1,,,,,,,,,,,,,,,,,,,,,,,,
,,,32,,32,32,,,,,,,32,,,32,,32,,,,,,,32,,32,32,,,,,,,,32,,32,32,,,,,,,,,,,,,,,,,,,,,,,,,
,,29,,29,,,29,,,,,,,29,29,,29,,,,,,,,29,29,,,29,,,,,,29,,29,,,29,,,,,,,,,,,,,,,,,,,,,,,,
,,,23,,23,23,,,,,,,23,,,23,,23,,,,,,,23,,23,23,,,,,,,23,,,23,23,,,,,,,,,,,,,,,,,,,,,,,,,
,,,24,24,,,24,,,,,,24,,24,,24,,,,,,,,24,24,,,24,,,,,,24,,24,,,24,,,,,,,,,,,,,,,,,,,,,,,,
,,7,,7,,7,,,,,,,,7,7,,,7,,,,,,,7,7,,7,,,,,,,7,,7,,7,,,,,,,,,,,,,,,,,,,,,,,,,
,,,48,,48,48,,,,,,,,48,48,,48,,,,,,,48,,,48,48,,,,,,,,48,,48,48,,,,,,,,,,,,,,,,,,,,,,,,,
,,8,,8,,,8,,,,,,,8,8,,8,,,,,,,,8,8,,,8,,,,,,,8,8,,,8,,,,,,,,,,,,,,,,,,,,,,,,
,,18,,,18,,18,,,,,,,18,,18,18,,,,,,,,18,,18,,18,,,,,,18,,,18,,18,,,,,,,,,,,,,,,,,,,,,,,,
,,,42,,42,42,,,,,,,,42,42,,42,,,,,,,42,,,42,42,,,,,,,,42,,42,42,,,,,,,,,,,,,,,,,,,,,,,,,
,,18,,,18,,18,,,,,,,18,,18,18,,,,,,,,18,,18,,18,,,,,,18,,,18,,18,,,,,,,,,,,,,,,,,,,,,,,,
,,,33,,33,,33,,,,,,33,,,33,33,,,,,,,,33,,33,,33,,,,,,33,,,33,,33,,,,,,,,,,,,,,,,,,,,,,,,
,,,33,,33,,33,,,,,,33,,,33,33,,,,,,,,33,,33,,33,,,,,,33,,,33,,33,,,,,,,,,,,,,,,,,,,,,,,,
,,43,,43,,,43,,,,,,43,,43,,,43,,,,,,43,,43,,,43,,,,,,,43,43,,,43,,,,,,,,,,,,,,,,,,,,,,,,
,,6,,,6,6,,,,,,,,6,,6,,6,,,,,,,6,,6,6,,,,,,,6,,,6,6,,,,,,,,,,,,,,,,,,,,,,,,,
,,46,,46,,,46,,,,,,46,,46,,,46,,,,,,46,,46,,,46,,,,,,,46,46,,,46,,,,,,,,,,,,,,,,,,,,,,,,
,,,44,44,,44,,,,,,,,44,,44,44,,,,,,,44,,44,,44,,,,,,,,44,44,,44,,,,,,,,,,,,,,,,,,,,,,,,,
,,,44,44,,44,,,,,,,,44,,44,44,,,,,,,44,,44,,44,,,,,,,,44,44,,44,,,,,,,,,,,,,,,,,,,,,,,,,
,,,33,,33,,33,,,,,,33,,,33,33,,,,,,,,33,,33,,33,,,,,,33,,,33,,33,,,,,,,,,,,,,,,,,,,,,,,,
,,,16,16,,16,,,,,,,16,,16,,,16,,,,,,,16,16,,16,,,,,,,,16,16,,16,,,,,,,,,,,,,,,,,,,,,,,,,
,,,31,31,,,31,,,,,,31,,31,,31,,,,,,,,31,31,,,31,,,,,,31,,31,,,31,,,,,,,,,,,,,,,,,,,,,,,,
,,,16,16,,16,,,,,,,16,,16,,,16,,,,,,,16,16,,16,,,,,,,,16,16,,16,,,,,,,,,,,,,,,,,,,,,,,,,
,,22,,,22,,22,,,,,,,22,,22,22,,,,,,,,22,,22,,22,,,,,,,22,,22,,22,,,,,,,,,,,,,,,,,,,,,,,,
,,39,,,39,,39,,,,,,39,,,39,,39,,,,,,39,,,39,,39,,,,,,,39,,39,,39,,,,,,,,,,,,,,,,,,,,,,,,
,,13,,13,,13,,,,,,,,13,13,,,13,,,,,,,13,13,,13,,,,,,,13,,13,,13,,,,,,,,,,,,,,,,,,,,,,,,,
,,14,,,14,14,,,,,,,,14,,14,,14,,,,,,,14,,14,14,,,,,,,14,,,14,14,,,,,,,,,,,,,,,,,,,,,,,,,
,,11,,,11,,11,,,,,,11,,,11,,11,,,,,,11,,,11,,11,,,,,,,11,,11,,11,,,,,,,,,,,,,,,,,,,,,,,,
,,,32,,32,32,,,,,,,32,,,32,,32,,,,,,,32,,32,32,,,,,,,,32,,32,32,,,,,,,,,,,,,,,,,,,,,,,,,
,,12,,12,,12,,,,,,,12,,12,,12,,,,,,,12,,12,,12,,,,,,,12,,12,,12,,,,,,,,,,,,,,,,,,,,,,,,,
,,,27,27,,,27,,,,,,27,,27,,27,,,,,,,,27,27,,,27,,,,,,27,,27,,,27,,,,,,,,,,,,,,,,,,,,,,,,
,,10,,,10,10,,,,,,,,10,,10,,10,,,,,,,10,,10,10,,,,,,,10,,,10,10,,,,,,,,,,,,,,,,,,,,,,,,,
,,14,,,14,14,,,,,,,,14,,14,,14,,,,,,,14,,14,14,,,,,,,14,,,14,14,,,,,,,,,,,,,,,,,,,,,,,,,
,,,26,,26,,26,,,,,,26,,,26,26,,,,,,,,26,,26,,26,,,,,,26,,,26,,26,,,,,,,,,,,,,,,,,,,,,,,,
,,,35,,35,,35,,,,,,,35,35,,,35,,,,,,35,,,35,,35,,,,,,35,,,35,,35,,,,,,,,,,,,,,,,,,,,,,,,
,,,27,27,,,27,,,,,,27,,27,,27,,,,,,,,27,27,,,27,,,,,,27,,27,,,27,,,,,,,,,,,,,,,,,,,,,,,,
,,,19,,19,19,,,,,,,19,,,19,,19,,,,,,,19,,19,19,,,,,,,19,,,19,19,,,,,,,,,,,,,,,,,,,,,,,,,
,,,37,,37,,37,,,,,,,37,37,,,37,,,,,,37,,,37,,37,,,,,,,37,,37,,37,,,,,,,,,,,,,,,,,,,,,,,,
,,,34,34,,,34,,,,,,,34,,34,,34,,,,,,34,,34,,,34,,,,,,34,,34,,,34,,,,,,,,,,,,,,,,,,,,,,,,
,,14,,,14,14,,,,,,,,14,,14,,14,,,,,,,14,,14,14,,,,,,,14,,,14,14,,,,,,,,,,,,,,,,,,,,,,,,,
,,5,,5,,5,,,,,,,5,,5,,5,,,,,,,5,,5,,5,,,,,,,,5,5,,5,,,,,,,,,,,,,,,,,,,,,,,,,
,,29,,29,,,29,,,,,,,29,29,,29,,,,,,,,29,29,,,29,,,,,,29,,29,,,29,,,,,,,,,,,,,,,,,,,,,,,,
,,7,,7,,7,,,,,,,,7,7,,,7,,,,,,,7,7,,7,,,,,,,7,,7,,7,,,,,,,,,,,,,,,,,,,,,,,,,
,,,19,,19,19,,,,,,,19,,,19,,19,,,,,,,19,,19,19,,,,,,,19,,,19,19,,,,,,,,,,,,,,,,,,,,,,,,,
,,14,,,14,14,,,,,,,,14,,14,,14,,,,,,,14,,14,14,,,,,,,14,,,14,14,,,,,,,,,,,,,,,,,,,,,,,,,
,,6,,,6,6,,,,,,,,6,,6,,6,,,,,,,6,,6,6,,,,,,,6,,,6,6,,,,,,,,,,,,,,,,,,,,,,,,,
,,,38,38,,,38,,,,,,,38,,38,,38,,,,,,38,,38,,,38,,,,,,,38,38,,,38,,,,,,,,,,,,,,,,,,,,,,,,
,,,31,31,,,31,,,,,,31,,31,,31,,,,,,,,31,31,,,31,,,,,,31,,31,,,31,,,,,,,,,,,,,,,,,,,,,,,,
,,9,,,9,,9,,,,,,9,,,9,,9,,,,,,9,,,9,,9,,,,,,,9,,9,,9,,,,,,,,,,,,,,,,,,,,,,,,
,,,40,,40,,40,,,,,,,40,40,,40,,,,,,,40,,,40,,40,,,,,,,40,,40,,40,,,,,,,,,,,,,,,,,,,,,,,,
,,6,,,6,6,,,,,,,,6,,6,,6,,,,,,,6,,6,6,,,,,,,6,,,6,6,,,,,,,,,,,,,,,,,,,,,,,,,
,,10,,,10,10,,,,,,,,10,,10,,10,,,,,,,10,,10,10,,,,,,,10,,,10,10,,,,,,,,,,,,,,,,,,,,,,,,,
,,,47,47,,47,,,,,,,,47,,47,47,,,,,,,47,,47,,47,,,,,,,,47,47,,47,,,,,,,,,,,,,,,,,,,,,,,,,
,,46,,46,,,46,,,,,,46,,46,,,46,,,,,,46,,46,,,46,,,,,,,46,46,,,46,,,,,,,,,,,,,,,,,,,,,,,,
,,,41,41,,41,,,,,,,,41,,41,41,,,,,,,41,,41,,41,,,,,,,,41,41,,41,,,,,,,,,,,,,,,,,,,,,,,,,
,,2,,,2,2,,,,,,,2,,,2,2,,,,,,,2,,,2,2,,,,,,,2,,,2,2,,,,,,,,,,,,,,,,,,,,,,,,,
,,,44,44,,44,,,,,,,,44,,44,44,,,,,,,44,,44,,44,,,,,,,,44,44,,44,,,,,,,,,,,,,,,,,,,,,,,,,
,,,31,31,,,31,,,,,,31,,31,,31,,,,,,,,31,31,,,31,,,,,,31,,31,,,31,,,,,,,,,,,,,,,,,,,,,,,,
,,,23,,23,23,,,,,,,23,,,23,,23,,,,,,,23,,23,23,,,,,,,23,,,23,23,,,,,,,,,,,,,,,,,,,,,,,,,
,,3,,3,,,3,,,,,,,3,3,,3,,,,,,,,3,3,,,3,,,,,,,3,3,,,3,,,,,,,,,,,,,,,,,,,,,,,,
,,,44,44,,44,,,,,,,,44,,44,44,,,,,,,44,,44,,44,,,,,,,,44,44,,44,,,,,,,,,,,,,,,,,,,,,,,,,
,,15,,15,,15,,,,,,,,15,15,,,15,,,,,,,15,15,,15,,,,,,,15,,15,,15,,,,,,,,,,,,,,,,,,,,,,,,,
,,49,,49,,,49,,,,,,49,,49,,,49,,,,,,49,,49,,,49,,,,,,,49,49,,,49,,,,,,,,,,,,,,,,,,,,,,,,
,,,33,,33,,33,,,,,,33,,,33,33,,,,,,,,33,,33,,33,,,,,,33,,,33,,33,,,,,,,,,,,,,,,,,,,,,,,,
,,5,,5,,5,,,,,,,5,,5,,5,,,,,,,5,,5,,5,,,,,,,,5,5,,5,,,,,,,,,,,,,,,,,,,,,,,,,
,,39,,,39,,39,,,,,,39,,,39,,39,,,,,,39,,,39,,39,,,,,,,39,,39,,39,,,,,,,,,,,,,,,,,,,,,,,,
,,,38,38,,,38,,,,,,,38,,38,,38,,,,,,38,,38,,,38,,,,,,,38,38,,,38,,,,,,,,,,,,,,,,,,,,,,,,
,,,45,,45,45,,,,,,,,45,45,,45,,,,,,,45,,,45,45,,,,,,,,45,,45,45,,,,,,,,,,,,,,,,,,,,,,,,,
,,18,,,18,,18,,,,,,,18,,18,18,,,,,,,,18,,18,,18,,,,,,18,,,18,,18,,,,,,,,,,,,,,,,,,,,,,,,
,,,16,16,,16,,,,,,,16,,16,,,16,,,,,,,16,16,,16,,,,,,,,16,16,,16,,,,,,,,,,,,,,,,,,,,,,,,,
,,12,,12,,12,,,,,,,12,,12,,12,,,,,,,12,,12,,12,,,,,,,12,,12,,12,,,,,,,,,,,,,,,,,,,,,,,,,
,,20,,20,,20,,,,,,,20,,20,,20,,,,,,,20,,20,,20,,,,,,,20,,20,,20,,,,,,,,,,,,,,,,,,,,,,,,,
,,6,,,6,6,,,,,,,,6,,6,,6,,,,,,,6,,6,6,,,,,,,6,,,6,6,,,,,,,,,,,,,,,,,,,,,,,,,
,,,36,36,,,36,,,,,,,36,,36,,36,,,,,,36,,36,,,36,,,,,,36,,36,,,36,,,,,,,,,,,,,,,,,,,,,,,,
,,,47,47,,47,,,,,,,,47,,47,47,,,,,,,47,,47,,47,,,,,,,,47,47,,47,,,,,,,,,,,,,,,,,,,,,,,,,
,,,41,41,,41,,,,,,,,41,,41,41,,,,,,,41,,41,,41,,,,,,,,41,41,,41,,,,,,,,,,,,,,,,,,,,,,,,,
,,,26,,26,,26,,,,,,26,,,26,26,,,,,,,,26,,26,,26,,,,,,26,,,26,,26,,,,,,,,,,,,,,,,,,,,,,,,
,,,17,17,,17,,,,,,,17,,17,,,17,,,,,,,17,17,,17,,,,,,,,17,17,,17,,,,,,,,,,,,,,,,,,,,,,,,,
,,,37,,37,,37,,,,,,,37,37,,,37,,,,,,37,,,37,,37,,,,,,,37,,37,,37,,,,,,,,,,,,,,,,,,,,,,,,
,,49,,49,,,49,,,,,,49,,49,,,49,,,,,,49,,49,,,49,,,,,,,49,49,,,49,,,,,,,,,,,,,,,,,,,,,,,,
,,,34,34,,,34,,,,,,,34,,34,,34,,,,,,34,,34,,,34,,,,,,34,,34,,,34,,,,,,,,,,,,,,,,,,,,,,,,
,,,26,,26,,26,,,,,,26,,,26,26,,,,,,,,26,,26,,26,,,,,,26,,,26,,26,,,,,,,,,,,,,,,,,,,,,,,,
,,,40,,40,,40,,,,,,,40,40,,40,,,,,,,40,,,40,,40,,,,,,,40,,40,,40,,,,,,,,,,,,,,,,,,,,,,,,
,,29,,29,,,29,,,,,,,29,29,,29,,,,,,,,29,29,,,29,,,,,,29,,29,,,29,,,,,,,,,,,,,,,,,,,,,,,,
,,25,,,25,25,,,,,,,25,,,25,25,,,,,,,25,,,25,25,,,,,,,,25,,25,25,,,,,,,,,,,,,,,,,,,,,,,,,
,,2,,,2,2,,,,,,,2,,,2,2,,,,,,,2,,,2,2,,,,,,,2,,,2,2,,,,,,,,,,,,,,,,,,,,,,,,,
,,,47,47,,47,,,,,,,,47,,47,47,,,,,,,47,,47,,47,,,,,,,,47,47,,47,,,,,,,,,,,,,,,,,,,,,,,,,
,,15,,15,,15,,,,,,,,15,15,,,15,,,,,,,15,15,,15,,,,,,,15,,15,,15,,,,,,,,,,,,,,,,,,,,,,,,,
