,,,,,,,,,,,,,,,,,,,,,,,,,,,,,,,,,,,,,,,,,,,,,,,,,
,,,,,,,,,,,,,,,,,,,,,,,,,,,,,,,,,,,,,,,,,,,,,,,,,
,,,,,,,,,,,,,,,,,,,,,,,,,,,,,,,,,,,,,,,,,,,,,,,,,
,,,,,,,,,,,,,,,,,,,,,,,,,,,,,,,,,,,,,,,,,,,,,,,,,
,,,,,,,,,,,,,,,,,,,,,,,,,,,,,,,,,,,,,,,,,,,,,,,,,
,,,,,,,,,,,,,,,,,,,,,,,,,,,,,,,,,,,,,,,,,,,,,,,,,
,,,,,,,,,,,,,,,,,,,,,,,,,,,,,,,,,,,,,,,,,,,,,,,,,
45,-1,-1,-1,21,,,,,,,,,,,,45,-1,-1,-1,21,,,,,,,,,,,,,,45,-1,-1,-1,38,,,,,,,,,,,
3,-1,-1,-1,35,,,,,,,,,,,,15,-1,-1,-1,47,,,,,,,,,,,,,,15,-1,-1,-1,8,,,,,,,,,,,
17,-1,-1,-1,43,,,,,,,,,,,,41,-1,-1,-1,17,,,,,,,,,,,,,,41,-1,-1,-1,28,,,,,,,,,,,
25,-1,-1,-1,44,,,,,,,,,,,,11,-1,-1,-1,37,,,,,,,,,,,,,,11,-1,-1,-1,48,,,,,,,,,,,
26,-1,-1,-1,2,,,,,,,,,,,,31,-1,-1,-1,7,,,,,,,,,,,,,,31,-1,-1,-1,18,,,,,,,,,,,
34,-1,-1,-1,10,,,,,,,,,,,,44,-1,-1,-1,20,,,,,,,,,,,,,,27,-1,-1,-1,20,,,,,,,,,,,
42,-1,-1,-1,18,,,,,,,,,,,,14,-1,-1,-1,40,,,,,,,,,,,,,,1,-1,-1,-1,40,,,,,,,,,,,
15,-1,-1,-1,37,,,,,,,,,,,,34,-1,-1,-1,10,,,,,,,,,,,,,,23,-1,-1,-1,10,,,,,,,,,,,
31,-1,-1,-1,40,,,,,,,,,,,,4,-1,-1,-1,30,,,,,,,,,,,,,,43,-1,-1,-1,30,,,,,,,,,,,
4,-1,-1,-1,,,,,,,,,,,,,24,-1,-1,-1,,,,,,,,,,,,,,,13,-1,-1,-1,,,,,,,,,,,,
,,,,27,,,,,,,,,,,,,,,,27,,,,,,,,,,,,,,,,,,44,,,,,,,,,,,
39,,,,41,,,,,,,,,,,,39,,,,1,,,,,,,,,,,,,,39,,,,14,,,,,,,,,,,
1,,,,49,,,,,,,,,,,,9,,,,23,,,,,,,,,,,,,,9,,,,34,,,,,,,,,,,
11,,,,7,,,,,,,,,,,,35,,,,43,,,,,,,,,,,,,,35,,,,4,,,,,,,,,,,
19,,,,8,,,,,,,,,,,,5,,,,13,,,,,,,,,,,,,,5,,,,24,,,,,,,,,,,
20,,,,16,,,,,,,,,,,,25,,,,26,,,,,,,,,,,,,,25,,,,26,,,,,,,,,,,
28,,,,24,,,,,,,,,,,,38,,,,46,,,,,,,,,,,,,,21,,,,46,,,,,,,,,,,
36,,,,23,,,,,,,,,,,,8,,,,16,,,,,,,,,,,,,,47,,,,16,,,,,,,,,,,
9,,,,46,,,,,,,,,,,,28,,,,36,,,,,,,,,,,,,,17,,,,36,,,,,,,,,,,
38,,,,6,,,,,,,,,,,,48,,,,6,,,,,,,,,,,,,,37,,,,6,,,,,,,,,,,
48,,,,,,,,,,,,,,,,18,,,,,,,,,,,,,,,,,,7,,,,,,,,,,,,,,,
,,,,33,,,,,,,,,,,,,,,,33,,,,,,,,,,,,,,,,,,33,,,,,,,,,,,
22,,,,47,,,,,,,,,,,,32,,,,3,,,,,,,,,,,,,,32,,,,3,,,,,,,,,,,
30,,,,5,,,,,,,,,,,,2,,,,29,,,,,,,,,,,,,,2,,,,29,,,,,,,,,,,
29,,,,13,,,,,,,,,,,,22,,,,49,,,,,,,,,,,,,,22,,,,49,,,,,,,,,,,
32,,,,14,,,,,,,,,,,,42,,,,19,,,,,,,,,,,,,,42,,,,19,,,,,,,,,,,
12,,,,,,,,,,,,,,,,12,,,,,,,,,,,,,,,,,,12,,,,,,,,,,,,,,,
,,,,,,,,,,,,,,,,,,,,,,,,,,,,,,,,,,,,,,,,,,,,,,,,,
,,,,,,,,,,,,,,,,,,,,,,,,,,,,,,,,,,,,,,,,,,,,,,,,,
,,,,,,,,,,,,,,,,,,,,,,,,,,,,,,,,,,,,,,,,,,,,,,,,,
,,,,,,,,,,,,,,,,,,,,,,,,,,,,,,,,,,,,,,,,,,,,,,,,,
,,,,,,,,,,,,,,,,,,,,,,,,,,,,,,,,,,,,,,,,,,,,,,,,,
,,,,,,,,,,,,,,,,,,,,,,,,,,,,,,,,,,,,,,,,,,,,,,,,,
,,,,,,,,,,,,,,,,,,,,,,,,,,,,,,,,,,,,,,,,,,,,,,,,,
,,,,,,,,,,,,,,,,,,,,,,,,,,,,,,,,,,,,,,,,,,,,,,,,,
,,,,,,,,,,,,,,,,,,,,,,,,,,,,,,,,,,,,,,,,,,,,,,,,,
,,,,,,,,,,,,,,,,,,,,,,,,,,,,,,,,,,,,,,,,,,,,,,,,,
,,,,,,,,,,,,,,,,,,,,,,,,,,,,,,,,,,,,,,,,,,,,,,,,,
,,,,,,,,,,,,,,,,,,,,,,,,,,,,,,,,,,,,,,,,,,,,,,,,,
,,,,,,,,,,,,,,,,,,,,,,,,,,,,,,,,,,,,,,,,,,,,,,,,,
,,,,,,,,,,,,,,,,,,,,,,,,,,,,,,,,,,,,,,,,,,,,,,,,,
,,,,,,,,,,,,,,,,,,,,,,,,,,,,,,,,,,,,,,,,,,,,,,,,,
,,,,,,,,,,,,,,,,,,,,,,,,,,,,,,,,,,,,,,,,,,,,,,,,,
,,,,,,,,,,,,,,,,,,,,,,,,,,,,,,,,,,,,,,,,,,,,,,,,,
,,,,,,,,,,,,,,,,,,,,,,,,,,,,,,,,,,,,,,,,,,,,,,,,,
,,,,,,,,,,,,,,,,,,,,,,,,,,,,,,,,,,,,,,,,,,,,,,,,,
,,,,,,,,,,,,,,,,,,,,,,,,,,,,,,,,,,,,,,,,,,,,,,,,,
,,,,,,,,,,,,,,,,,,,,,,,,,,,,,,,,,,,,,,,,,,,,,,,,,
,,,,,,,,,,,,,,,,,,,,,,,,,,,,,,,,,,,,,,,,,,,,,,,,,
,,,,,,,,,,,,,,,,,,,,,,,,,,,,,,,,,,,,,,,,,,,,,,,,,
,,,,,,,,,,,,,,,,,,,,,,,,,,,,,,,,,,,,,,,,,,,,,,,,,
,,,,,,,,,,,,,,,,,,,,,,,,,,,,,,,,,,,,,,,,,,,,,,,,,
