,,3,,,3,,,,,,,,3,,,3,,,,,,,,3,,,3,,,,,,3,,,3,,,,,,,,,,,,,,,,,,,,,,,,,,,,
,,4,,,4,,,,,,,,4,,,4,,,,,,,,4,,,4,,,,,,4,,,4,,,,,,,,,,,,,,,,,,,,,,,,,,,,
,,,39,,39,,,,,,,,,39,39,,,,,,,,,39,,,39,,,,,,,39,,39,,,,,,,,,,,,,,,,,,,,,,,,,,,,
,,,29,29,,,,,,,,,,29,,29,,,,,,,,29,,29,,,,,,,,29,29,,,,,,,,,,,,,,,,,,,,,,,,,,,,,
,,13,,13,,,,,,,,,13,,13,,,,,,,,,13,,13,,,,,,,13,,13,,,,,,,,,,,,,,,,,,,,,,,,,,,,,
,,21,,,21,,,,,,,,21,,,21,,,,,,,,21,,,21,,,,,,21,,,21,,,,,,,,,,,,,,,,,,,,,,,,,,,,
,,40,,,40,,,,,,,,,40,,40,,,,,,,,,40,,40,,,,,,,40,,40,,,,,,,,,,,,,,,,,,,,,,,,,,,,
,,,49,,49,,,,,,,,,49,49,,,,,,,,,49,,,49,,,,,,,49,,49,,,,,,,,,,,,,,,,,,,,,,,,,,,,
,,11,,,11,,,,,,,,11,,,11,,,,,,,,11,,,11,,,,,,11,,,11,,,,,,,,,,,,,,,,,,,,,,,,,,,,
,,,47,47,,,,,,,,,,47,,47,,,,,,,,47,,47,,,,,,,,47,47,,,,,,,,,,,,,,,,,,,,,,,,,,,,,
,,32,,,32,,,,,,,,,32,,32,,,,,,,,,32,,32,,,,,,,32,,32,,,,,,,,,,,,,,,,,,,,,,,,,,,,
,,,17,,17,,,,,,,,17,,,17,,,,,,,,,17,,17,,,,,,17,,,17,,,,,,,,,,,,,,,,,,,,,,,,,,,,
,,10,,,10,,,,,,,,10,,,10,,,,,,,,10,,,10,,,,,,10,,,10,,,,,,,,,,,,,,,,,,,,,,,,,,,,
,,,25,,25,,,,,,,,25,,,25,,,,,,,,,25,,25,,,,,,25,,,25,,,,,,,,,,,,,,,,,,,,,,,,,,,,
,,,27,,27,,,,,,,,27,,,27,,,,,,,,,27,,27,,,,,,27,,,27,,,,,,,,,,,,,,,,,,,,,,,,,,,,
,,21,,,21,,,,,,,,21,,,21,,,,,,,,21,,,21,,,,,,21,,,21,,,,,,,,,,,,,,,,,,,,,,,,,,,,
,,10,,,10,,,,,,,,10,,,10,,,,,,,,10,,,10,,,,,,10,,,10,,,,,,,,,,,,,,,,,,,,,,,,,,,,
,,,18,18,,,,,,,,,18,,18,,,,,,,,,,18,18,,,,,,,18,,18,,,,,,,,,,,,,,,,,,,,,,,,,,,,,
,,23,,23,,,,,,,,,,23,23,,,,,,,,,,23,23,,,,,,,,23,23,,,,,,,,,,,,,,,,,,,,,,,,,,,,,
,,14,,,14,,,,,,,,,14,,14,,,,,,,,,14,,14,,,,,,,14,,14,,,,,,,,,,,,,,,,,,,,,,,,,,,,
,,,26,26,,,,,,,,,26,,26,,,,,,,,,,26,26,,,,,,,26,,26,,,,,,,,,,,,,,,,,,,,,,,,,,,,,
,,,25,,25,,,,,,,,25,,,25,,,,,,,,,25,,25,,,,,,25,,,25,,,,,,,,,,,,,,,,,,,,,,,,,,,,
,,,35,,35,,,,,,,,35,,,35,,,,,,,,,35,,35,,,,,,35,,,35,,,,,,,,,,,,,,,,,,,,,,,,,,,,
,,,17,,17,,,,,,,,17,,,17,,,,,,,,,17,,17,,,,,,17,,,17,,,,,,,,,,,,,,,,,,,,,,,,,,,,
,,20,,20,,,,,,,,,20,,20,,,,,,,,,20,,20,,,,,,,20,,20,,,,,,,,,,,,,,,,,,,,,,,,,,,,,
,,6,,,6,,,,,,,,,6,,6,,,,,,,,,6,,6,,,,,,,6,,6,,,,,,,,,,,,,,,,,,,,,,,,,,,,
,,,19,19,,,,,,,,,,19,,19,,,,,,,,19,,19,,,,,,,,19,19,,,,,,,,,,,,,,,,,,,,,,,,,,,,,
,,,46,,46,,,,,,,,,46,46,,,,,,,,,46,,,46,,,,,,,46,,46,,,,,,,,,,,,,,,,,,,,,,,,,,,,
,,,37,37,,,,,,,,,,37,,37,,,,,,,,37,,37,,,,,,,,37,37,,,,,,,,,,,,,,,,,,,,,,,,,,,,,
,,,45,,45,,,,,,,,,45,45,,,,,,,,,45,,,45,,,,,,,45,,45,,,,,,,,,,,,,,,,,,,,,,,,,,,,
,,14,,,14,,,,,,,,,14,,14,,,,,,,,,14,,14,,,,,,,14,,14,,,,,,,,,,,,,,,,,,,,,,,,,,,,
,,4,,,4,,,,,,,,4,,,4,,,,,,,,4,,,4,,,,,,4,,,4,,,,,,,,,,,,,,,,,,,,,,,,,,,,
,,14,,,14,,,,,,,,,14,,14,,,,,,,,,14,,14,,,,,,,14,,14,,,,,,,,,,,,,,,,,,,,,,,,,,,,
,,,46,,46,,,,,,,,,46,46,,,,,,,,,46,,,46,,,,,,,46,,46,,,,,,,,,,,,,,,,,,,,,,,,,,,,
,,5,,5,,,,,,,,,,5,5,,,,,,,,,,5,5,,,,,,,,5,5,,,,,,,,,,,,,,,,,,,,,,,,,,,,,
,,,37,37,,,,,,,,,,37,,37,,,,,,,,37,,37,,,,,,,,37,37,,,,,,,,,,,,,,,,,,,,,,,,,,,,,
,,6,,,6,,,,,,,,,6,,6,,,,,,,,,6,,6,,,,,,,6,,6,,,,,,,,,,,,,,,,,,,,,,,,,,,,
,,11,,,11,,,,,,,,11,,,11,,,,,,,,11,,,11,,,,,,11,,,11,,,,,,,,,,,,,,,,,,,,,,,,,,,,
,,7,,,7,,,,,,,,,7,7,,,,,,,,,,7,7,,,,,,,,7,,7,,,,,,,,,,,,,,,,,,,,,,,,,,,,
,,,35,,35,,,,,,,,35,,,35,,,,,,,,,35,,35,,,,,,35,,,35,,,,,,,,,,,,,,,,,,,,,,,,,,,,
,,,19,19,,,,,,,,,,19,,19,,,,,,,,19,,19,,,,,,,,19,19,,,,,,,,,,,,,,,,,,,,,,,,,,,,,
,,21,,,21,,,,,,,,21,,,21,,,,,,,,21,,,21,,,,,,21,,,21,,,,,,,,,,,,,,,,,,,,,,,,,,,,
,,,34,34,,,,,,,,,34,,34,,,,,,,,,,34,34,,,,,,,34,,34,,,,,,,,,,,,,,,,,,,,,,,,,,,,,
,,,17,,17,,,,,,,,17,,,17,,,,,,,,,17,,17,,,,,,17,,,17,,,,,,,,,,,,,,,,,,,,,,,,,,,,
,,6,,,6,,,,,,,,,6,,6,,,,,,,,,6,,6,,,,,,,6,,6,,,,,,,,,,,,,,,,,,,,,,,,,,,,
,,,28,,28,,,,,,,,,28,28,,,,,,,,,28,,,28,,,,,,,28,,28,,,,,,,,,,,,,,,,,,,,,,,,,,,,
,,,38,,38,,,,,,,,,38,38,,,,,,,,,38,,,38,,,,,,,38,,38,,,,,,,,,,,,,,,,,,,,,,,,,,,,
,,13,,13,,,,,,,,,13,,13,,,,,,,,,13,,13,,,,,,,13,,13,,,,,,,,,,,,,,,,,,,,,,,,,,,,,
,,4,,,4,,,,,,,,4,,,4,,,,,,,,4,,,4,,,,,,4,,,4,,,,,,,,,,,,,,,,,,,,,,,,,,,,
,,24,,,24,,,,,,,,,24,,24,,,,,,,,,24,,24,,,,,,,24,,24,,,,,,,,,,,,,,,,,,,,,,,,,,,,
,,,9,,9,,,,,,,,9,,,9,,,,,,,,,9,,9,,,,,,9,,,9,,,,,,,,,,,,,,,,,,,,,,,,,,,,
,,12,,12,,,,,,,,,12,,12,,,,,,,,,12,,12,,,,,,,12,,12,,,,,,,,,,,,,,,,,,,,,,,,,,,,,
,,40,,,40,,,,,,,,,40,,40,,,,,,,,,40,,40,,,,,,,40,,40,,,,,,,,,,,,,,,,,,,,,,,,,,,,
,,42,,,42,,,,,,,,,42,,42,,,,,,,,,42,,42,,,,,,,42,,42,,,,,,,,,,,,,,,,,,,,,,,,,,,,
,,21,,,21,,,,,,,,21,,,21,,,,,,,,21,,,21,,,,,,21,,,21,,,,,,,,,,,,,,,,,,,,,,,,,,,,
,,15,,15,,,,,,,,,,15,15,,,,,,,,,,15,15,,,,,,,,15,15,,,,,,,,,,,,,,,,,,,,,,,,,,,,,
,,10,,,10,,,,,,,,10,,,10,,,,,,,,10,,,10,,,,,,10,,,10,,,,,,,,,,,,,,,,,,,,,,,,,,,,
,,2,,2,,,,,,,,,2,,2,,,,,,,,,2,,2,,,,,,,2,,2,,,,,,,,,,,,,,,,,,,,,,,,,,,,,
,,,47,47,,,,,,,,,,47,,47,,,,,,,,47,,47,,,,,,,,47,47,,,,,,,,,,,,,,,,,,,,,,,,,,,,,
,,,37,37,,,,,,,,,,37,,37,,,,,,,,37,,37,,,,,,,,37,37,,,,,,,,,,,,,,,,,,,,,,,,,,,,,
,,,19,19,,,,,,,,,,19,,19,,,,,,,,19,,19,,,,,,,,19,19,,,,,,,,,,,,,,,,,,,,,,,,,,,,,
,,,44,44,,,,,,,,,44,,44,,,,,,,,,,44,44,,,,,,,44,,44,,,,,,,,,,,,,,,,,,,,,,,,,,,,,
,,41,,41,,,,,,,,,,41,41,,,,,,,,,,41,41,,,,,,,,41,41,,,,,,,,,,,,,,,,,,,,,,,,,,,,,
,,30,,30,,,,,,,,,30,,30,,,,,,,,,30,,30,,,,,,,30,,30,,,,,,,,,,,,,,,,,,,,,,,,,,,,,
,,2,,2,,,,,,,,,2,,2,,,,,,,,,2,,2,,,,,,,2,,2,,,,,,,,,,,,,,,,,,,,,,,,,,,,,
,,21,,,21,,,,,,,,21,,,21,,,,,,,,21,,,21,,,,,,21,,,21,,,,,,,,,,,,,,,,,,,,,,,,,,,,
,,,49,,49,,,,,,,,,49,49,,,,,,,,,49,,,49,,,,,,,49,,49,,,,,,,,,,,,,,,,,,,,,,,,,,,,
,,,27,,27,,,,,,,,27,,,27,,,,,,,,,27,,27,,,,,,27,,,27,,,,,,,,,,,,,,,,,,,,,,,,,,,,
,,31,,31,,,,,,,,,,31,31,,,,,,,,,,31,31,,,,,,,,31,31,,,,,,,,,,,,,,,,,,,,,,,,,,,,,
,,,27,,27,,,,,,,,27,,,27,,,,,,,,,27,,27,,,,,,27,,,27,,,,,,,,,,,,,,,,,,,,,,,,,,,,
,,23,,23,,,,,,,,,,23,23,,,,,,,,,,23,23,,,,,,,,23,23,,,,,,,,,,,,,,,,,,,,,,,,,,,,,
,,,26,26,,,,,,,,,26,,26,,,,,,,,,,26,26,,,,,,,26,,26,,,,,,,,,,,,,,,,,,,,,,,,,,,,,
,,,46,,46,,,,,,,,,46,46,,,,,,,,,46,,,46,,,,,,,46,,46,,,,,,,,,,,,,,,,,,,,,,,,,,,,
,,,16,16,,,,,,,,,16,,16,,,,,,,,,,16,16,,,,,,,16,,16,,,,,,,,,,,,,,,,,,,,,,,,,,,,,
,,,44,44,,,,,,,,,44,,44,,,,,,,,,,44,44,,,,,,,44,,44,,,,,,,,,,,,,,,,,,,,,,,,,,,,,
,,15,,15,,,,,,,,,,15,15,,,,,,,,,,15,15,,,,,,,,15,15,,,,,,,,,,,,,,,,,,,,,,,,,,,,,
,,15,,15,,,,,,,,,,15,15,,,,,,,,,,15,15,,,,,,,,15,15,,,,,,,,,,,,,,,,,,,,,,,,,,,,,
,,,27,,27,,,,,,,,27,,,27,,,,,,,,,27,,27,,,,,,27,,,27,,,,,,,,,,,,,,,,,,,,,,,,,,,,
,,4,,,4,,,,,,,,4,,,4,,,,,,,,4,,,4,,,,,,4,,,4,,,,,,,,,,,,,,,,,,,,,,,,,,,,
,,,34,34,,,,,,,,,34,,34,,,,,,,,,,34,34,,,,,,,34,,34,,,,,,,,,,,,,,,,,,,,,,,,,,,,,
,,33,,33,,,,,,,,,,33,33,,,,,,,,,,33,33,,,,,,,,33,33,,,,,,,,,,,,,,,,,,,,,,,,,,,,,
,,,37,37,,,,,,,,,,37,,37,,,,,,,,37,,37,,,,,,,,37,37,,,,,,,,,,,,,,,,,,,,,,,,,,,,,
,,5,,5,,,,,,,,,,5,5,,,,,,,,,,5,5,,,,,,,,5,5,,,,,,,,,,,,,,,,,,,,,,,,,,,,,
,,,35,,35,,,,,,,,35,,,35,,,,,,,,,35,,35,,,,,,35,,,35,,,,,,,,,,,,,,,,,,,,,,,,,,,,
,,23,,23,,,,,,,,,,23,23,,,,,,,,,,23,23,,,,,,,,23,23,,,,,,,,,,,,,,,,,,,,,,,,,,,,,
,,41,,41,,,,,,,,,,41,41,,,,,,,,,,41,41,,,,,,,,41,41,,,,,,,,,,,,,,,,,,,,,,,,,,,,,
,,,38,,38,,,,,,,,,38,38,,,,,,,,,38,,,38,,,,,,,38,,38,,,,,,,,,,,,,,,,,,,,,,,,,,,,
,,13,,13,,,,,,,,,13,,13,,,,,,,,,13,,13,,,,,,,13,,13,,,,,,,,,,,,,,,,,,,,,,,,,,,,,
,,,45,,45,,,,,,,,,45,45,,,,,,,,,45,,,45,,,,,,,45,,45,,,,,,,,,,,,,,,,,,,,,,,,,,,,
,,,48,48,,,,,,,,,,48,,48,,,,,,,,48,,48,,,,,,,,48,48,,,,,,,,,,,,,,,,,,,,,,,,,,,,,
,,,47,47,,,,,,,,,,47,,47,,,,,,,,47,,47,,,,,,,,47,47,,,,,,,,,,,,,,,,,,,,,,,,,,,,,
,,13,,13,,,,,,,,,13,,13,,,,,,,,,13,,13,,,,,,,13,,13,,,,,,,,,,,,,,,,,,,,,,,,,,,,,
,,,16,16,,,,,,,,,16,,16,,,,,,,,,,16,16,,,,,,,16,,16,,,,,,,,,,,,,,,,,,,,,,,,,,,,,
,,,37,37,,,,,,,,,,37,,37,,,,,,,,37,,37,,,,,,,,37,37,,,,,,,,,,,,,,,,,,,,,,,,,,,,,
,,12,,12,,,,,,,,,12,,12,,,,,,,,,12,,12,,,,,,,12,,12,,,,,,,,,,,,,,,,,,,,,,,,,,,,,
,,24,,,24,,,,,,,,,24,,24,,,,,,,,,24,,24,,,,,,,24,,24,,,,,,,,,,,,,,,,,,,,,,,,,,,,
,,6,,,6,,,,,,,,,6,,6,,,,,,,,,6,,6,,,,,,,6,,6,,,,,,,,,,,,,,,,,,,,,,,,,,,,
,,,17,,17,,,,,,,,17,,,17,,,,,,,,,17,,17,,,,,,17,,,17,,,,,,,,,,,,,,,,,,,,,,,,,,,,
,,6,,,6,,,,,,,,,6,,6,,,,,,,,,6,,6,,,,,,,6,,6,,,,,,,,,,,,,,,,,,,,,,,,,,,,
,,12,,12,,,,,,,,,12,,12,,,,,,,,,12,,12,,,,,,,12,,12,,,,,,,,,,,,,,,,,,,,,,,,,,,,,
,,,36,36,,,,,,,,,,36,,36,,,,,,,,36,,36,,,,,,,,36,36,,,,,,,,,,,,,,,,,,,,,,,,,,,,,
,,,9,,9,,,,,,,,9,,,9,,,,,,,,,9,,9,,,,,,9,,,9,,,,,,,,,,,,,,,,,,,,,,,,,,,,
,,32,,,32,,,,,,,,,32,,32,,,,,,,,,32,,32,,,,,,,32,,32,,,,,,,,,,,,,,,,,,,,,,,,,,,,
,,10,,,10,,,,,,,,10,,,10,,,,,,,,10,,,10,,,,,,10,,,10,,,,,,,,,,,,,,,,,,,,,,,,,,,,
,,41,,41,,,,,,,,,,41,41,,,,,,,,,,41,41,,,,,,,,41,41,,,,,,,,,,,,,,,,,,,,,,,,,,,,,
,,,46,,46,,,,,,,,,46,46,,,,,,,,,46,,,46,,,,,,,46,,46,,,,,,,,,,,,,,,,,,,,,,,,,,,,
,,,26,26,,,,,,,,,26,,26,,,,,,,,,,26,26,,,,,,,26,,26,,,,,,,,,,,,,,,,,,,,,,,,,,,,,
,,1,,1,,,,,,,,,1,,1,,,,,,,,,1,,1,,,,,,,1,,1,,,,,,,,,,,,,,,,,,,,,,,,,,,,,
,,,38,,38,,,,,,,,,38,38,,,,,,,,,38,,,38,,,,,,,38,,38,,,,,,,,,,,,,,,,,,,,,,,,,,,,
,,22,,,22,,,,,,,,22,,,22,,,,,,,,22,,,22,,,,,,22,,,22,,,,,,,,,,,,,,,,,,,,,,,,,,,,
,,,37,37,,,,,,,,,,37,,37,,,,,,,,37,,37,,,,,,,,37,37,,,,,,,,,,,,,,,,,,,,,,,,,,,,,
,,10,,,10,,,,,,,,10,,,10,,,,,,,,10,,,10,,,,,,10,,,10,,,,,,,,,,,,,,,,,,,,,,,,,,,,
,,,49,,49,,,,,,,,,49,49,,,,,,,,,49,,,49,,,,,,,49,,49,,,,,,,,,,,,,,,,,,,,,,,,,,,,
,,,43,,43,,,,,,,,43,,,43,,,,,,,,,43,,43,,,,,,43,,,43,,,,,,,,,,,,,,,,,,,,,,,,,,,,
,,,28,,28,,,,,,,,,28,28,,,,,,,,,28,,,28,,,,,,,28,,28,,,,,,,,,,,,,,,,,,,,,,,,,,,,
,,30,,30,,,,,,,,,30,,30,,,,,,,,,30,,30,,,,,,,30,,30,,,,,,,,,,,,,,,,,,,,,,,,,,,,,
,,,26,26,,,,,,,,,26,,26,,,,,,,,,,26,26,,,,,,,26,,26,,,,,,,,,,,,,,,,,,,,,,,,,,,,,
,,14,,,14,,,,,,,,,14,,14,,,,,,,,,14,,14,,,,,,,14,,14,,,,,,,,,,,,,,,,,,,,,,,,,,,,
,,40,,,40,,,,,,,,,40,,40,,,,,,,,,40,,40,,,,,,,40,,40,,,,,,,,,,,,,,,,,,,,,,,,,,,,
,,30,,30,,,,,,,,,30,,30,,,,,,,,,30,,30,,,,,,,30,,30,,,,,,,,,,,,,,,,,,,,,,,,,,,,,
,,30,,30,,,,,,,,,30,,30,,,,,,,,,30,,30,,,,,,,30,,30,,,,,,,,,,,,,,,,,,,,,,,,,,,,,
,,,48,48,,,,,,,,,,48,,48,,,,,,,,48,,48,,,,,,,,48,48,,,,,,,,,,,,,,,,,,,,,,,,,,,,,
,,,25,,25,,,,,,,,25,,,25,,,,,,,,,25,,25,,,,,,25,,,25,,,,,,,,,,,,,,,,,,,,,,,,,,,,
,,,17,,17,,,,,,,,17,,,17,,,,,,,,,17,,17,,,,,,17,,,17,,,,,,,,,,,,,,,,,,,,,,,,,,,,
,,2,,2,,,,,,,,,2,,2,,,,,,,,,2,,2,,,,,,,2,,2,,,,,,,,,,,,,,,,,,,,,,,,,,,,,
,,20,,20,,,,,,,,,20,,20,,,,,,,,,20,,20,,,,,,,20,,20,,,,,,,,,,,,,,,,,,,,,,,,,,,,,
,,22,,,22,,,,,,,,22,,,22,,,,,,,,22,,,22,,,,,,22,,,22,,,,,,,,,,,,,,,,,,,,,,,,,,,,
,,4,,,4,,,,,,,,4,,,4,,,,,,,,4,,,4,,,,,,4,,,4,,,,,,,,,,,,,,,,,,,,,,,,,,,,
,,15,,15,,,,,,,,,,15,15,,,,,,,,,,15,15,,,,,,,,15,15,,,,,,,,,,,,,,,,,,,,,,,,,,,,,
,,7,,,7,,,,,,,,,7,7,,,,,,,,,,7,7,,,,,,,,7,,7,,,,,,,,,,,,,,,,,,,,,,,,,,,,
