,,,3,3,,,,,,,,,3,,3,,,,,,,,,,3,3,,,,,,,,,3,,3,,,,,,,,,,,,,,,,,,,,,,,,,,,
,,4,,4,,,,,,,,,,4,4,,,,,,,,,,4,4,,,,,,,,,,4,4,,,,,,,,,,,,,,,,,,,,,,,,,,,
,,10,,10,,,,,,,,,10,,10,,,,,,,,,10,,10,,,,,,,,,10,,10,,,,,,,,,,,,,,,,,,,,,,,,,,,
,,,7,,7,,,,,,,,7,,,7,,,,,,,,,7,,7,,,,,,,,7,,,7,,,,,,,,,,,,,,,,,,,,,,,,,,
,,47,,47,,,,,,,,,,47,47,,,,,,,,,,47,47,,,,,,,,,47,,47,,,,,,,,,,,,,,,,,,,,,,,,,,,
,,,17,,17,,,,,,,,17,,,17,,,,,,,,,17,,17,,,,,,,,17,,,17,,,,,,,,,,,,,,,,,,,,,,,,,,
,,,46,46,,,,,,,,,,46,,46,,,,,,,,46,,46,,,,,,,,,,46,46,,,,,,,,,,,,,,,,,,,,,,,,,,,
,,27,,,27,,,,,,,,,27,,27,,,,,,,,,27,,27,,,,,,,,27,,,27,,,,,,,,,,,,,,,,,,,,,,,,,,
,,41,,,41,,,,,,,,,41,,41,,,,,,,,,41,,41,,,,,,,,41,,,41,,,,,,,,,,,,,,,,,,,,,,,,,,
,,,37,37,,,,,,,,,37,,37,,,,,,,,,,37,37,,,,,,,,,37,,37,,,,,,,,,,,,,,,,,,,,,,,,,,,
,,,2,2,,,,,,,,,,2,,2,,,,,,,,2,,2,,,,,,,,,2,,2,,,,,,,,,,,,,,,,,,,,,,,,,,,
,,47,,47,,,,,,,,,,47,47,,,,,,,,,,47,47,,,,,,,,,47,,47,,,,,,,,,,,,,,,,,,,,,,,,,,,
,,,44,,44,,,,,,,,,44,44,,,,,,,,,44,,,44,,,,,,,,,44,,44,,,,,,,,,,,,,,,,,,,,,,,,,,
,,,7,,7,,,,,,,,7,,,7,,,,,,,,,7,,7,,,,,,,,7,,,7,,,,,,,,,,,,,,,,,,,,,,,,,,
,,,31,,31,,,,,,,,31,,,31,,,,,,,,,31,,31,,,,,,,,31,,,31,,,,,,,,,,,,,,,,,,,,,,,,,,
,,,17,,17,,,,,,,,17,,,17,,,,,,,,,17,,17,,,,,,,,17,,,17,,,,,,,,,,,,,,,,,,,,,,,,,,
,,23,,,23,,,,,,,,,23,,23,,,,,,,,,23,,23,,,,,,,,23,,,23,,,,,,,,,,,,,,,,,,,,,,,,,,
,,27,,,27,,,,,,,,,27,,27,,,,,,,,,27,,27,,,,,,,,27,,,27,,,,,,,,,,,,,,,,,,,,,,,,,,
,,,3,3,,,,,,,,,3,,3,,,,,,,,,,3,3,,,,,,,,,3,,3,,,,,,,,,,,,,,,,,,,,,,,,,,,
,,,37,37,,,,,,,,,37,,37,,,,,,,,,,37,37,,,,,,,,,37,,37,,,,,,,,,,,,,,,,,,,,,,,,,,,
,,,44,,44,,,,,,,,,44,44,,,,,,,,,44,,,44,,,,,,,,,44,,44,,,,,,,,,,,,,,,,,,,,,,,,,,
,,47,,47,,,,,,,,,,47,47,,,,,,,,,,47,47,,,,,,,,,47,,47,,,,,,,,,,,,,,,,,,,,,,,,,,,
,,,15,15,,,,,,,,,15,,15,,,,,,,,,,15,15,,,,,,,,,,15,15,,,,,,,,,,,,,,,,,,,,,,,,,,,
,,,7,,7,,,,,,,,7,,,7,,,,,,,,,7,,7,,,,,,,,7,,,7,,,,,,,,,,,,,,,,,,,,,,,,,,
,,49,,,49,,,,,,,,,49,,49,,,,,,,,,49,,49,,,,,,,,49,,,49,,,,,,,,,,,,,,,,,,,,,,,,,,
,,,17,,17,,,,,,,,17,,,17,,,,,,,,,17,,17,,,,,,,,17,,,17,,,,,,,,,,,,,,,,,,,,,,,,,,
,,,33,33,,,,,,,,,33,,33,,,,,,,,,,33,33,,,,,,,,,33,,33,,,,,,,,,,,,,,,,,,,,,,,,,,,
,,27,,,27,,,,,,,,,27,,27,,,,,,,,,27,,27,,,,,,,,27,,,27,,,,,,,,,,,,,,,,,,,,,,,,,,
,,5,,,5,,,,,,,,5,,,5,,,,,,,,5,,,5,,,,,,,,,5,,5,,,,,,,,,,,,,,,,,,,,,,,,,,
,,,37,37,,,,,,,,,37,,37,,,,,,,,,,37,37,,,,,,,,,37,,37,,,,,,,,,,,,,,,,,,,,,,,,,,,
,,,39,,39,,,,,,,,39,,,39,,,,,,,,,39,,39,,,,,,,,39,,,39,,,,,,,,,,,,,,,,,,,,,,,,,,
,,47,,47,,,,,,,,,,47,47,,,,,,,,,,47,47,,,,,,,,,47,,47,,,,,,,,,,,,,,,,,,,,,,,,,,,
,,38,,,38,,,,,,,,38,,,38,,,,,,,,38,,,38,,,,,,,,,38,,38,,,,,,,,,,,,,,,,,,,,,,,,,,
,,,7,,7,,,,,,,,7,,,7,,,,,,,,,7,,7,,,,,,,,7,,,7,,,,,,,,,,,,,,,,,,,,,,,,,,
,,45,,,45,,,,,,,,,45,,45,,,,,,,,,45,,45,,,,,,,,45,,,45,,,,,,,,,,,,,,,,,,,,,,,,,,
,,,17,,17,,,,,,,,17,,,17,,,,,,,,,17,,17,,,,,,,,17,,,17,,,,,,,,,,,,,,,,,,,,,,,,,,
,,18,,18,,,,,,,,,18,,18,,,,,,,,,18,,18,,,,,,,,,,18,18,,,,,,,,,,,,,,,,,,,,,,,,,,,
,,27,,,27,,,,,,,,,27,,27,,,,,,,,,27,,27,,,,,,,,27,,,27,,,,,,,,,,,,,,,,,,,,,,,,,,
,,16,,,16,,,,,,,,16,,,16,,,,,,,,16,,,16,,,,,,,,,16,,16,,,,,,,,,,,,,,,,,,,,,,,,,,
,,,37,37,,,,,,,,,37,,37,,,,,,,,,,37,37,,,,,,,,,37,,37,,,,,,,,,,,,,,,,,,,,,,,,,,,
,,12,,,12,,,,,,,,12,,,12,,,,,,,,12,,,12,,,,,,,,12,,,12,,,,,,,,,,,,,,,,,,,,,,,,,,
,,47,,47,,,,,,,,,,47,47,,,,,,,,,,47,47,,,,,,,,,47,,47,,,,,,,,,,,,,,,,,,,,,,,,,,,
,,,20,20,,,,,,,,,,20,,20,,,,,,,,20,,20,,,,,,,,,20,,20,,,,,,,,,,,,,,,,,,,,,,,,,,,
,,,7,,7,,,,,,,,7,,,7,,,,,,,,,7,,7,,,,,,,,7,,,7,,,,,,,,,,,,,,,,,,,,,,,,,,
,,,6,,6,,,,,,,,,6,6,,,,,,,,,6,,,6,,,,,,,,6,,,6,,,,,,,,,,,,,,,,,,,,,,,,,,
,,,17,,17,,,,,,,,17,,,17,,,,,,,,,17,,17,,,,,,,,17,,,17,,,,,,,,,,,,,,,,,,,,,,,,,,
,,36,,36,,,,,,,,,36,,36,,,,,,,,,36,,36,,,,,,,,,,36,36,,,,,,,,,,,,,,,,,,,,,,,,,,,
,,27,,,27,,,,,,,,,27,,27,,,,,,,,,27,,27,,,,,,,,27,,,27,,,,,,,,,,,,,,,,,,,,,,,,,,
,,47,,47,,,,,,,,,,47,47,,,,,,,,,,47,47,,,,,,,,,47,,47,,,,,,,,,,,,,,,,,,,,,,,,,,,
,,,37,37,,,,,,,,,37,,37,,,,,,,,,,37,37,,,,,,,,,37,,37,,,,,,,,,,,,,,,,,,,,,,,,,,,
,,41,,,41,,,,,,,,,41,,41,,,,,,,,,41,,41,,,,,,,,41,,,41,,,,,,,,,,,,,,,,,,,,,,,,,,
,,47,,47,,,,,,,,,,47,47,,,,,,,,,,47,47,,,,,,,,,47,,47,,,,,,,,,,,,,,,,,,,,,,,,,,,
,,,26,,26,,,,,,,,,26,26,,,,,,,,,26,,,26,,,,,,,,,26,,26,,,,,,,,,,,,,,,,,,,,,,,,,,
,,,7,,7,,,,,,,,7,,,7,,,,,,,,,7,,7,,,,,,,,7,,,7,,,,,,,,,,,,,,,,,,,,,,,,,,
,,,17,,17,,,,,,,,17,,,17,,,,,,,,,17,,17,,,,,,,,17,,,17,,,,,,,,,,,,,,,,,,,,,,,,,,
,,,17,,17,,,,,,,,17,,,17,,,,,,,,,17,,17,,,,,,,,17,,,17,,,,,,,,,,,,,,,,,,,,,,,,,,
,,,37,37,,,,,,,,,37,,37,,,,,,,,,,37,37,,,,,,,,,37,,37,,,,,,,,,,,,,,,,,,,,,,,,,,,
,,27,,,27,,,,,,,,,27,,27,,,,,,,,,27,,27,,,,,,,,27,,,27,,,,,,,,,,,,,,,,,,,,,,,,,,
,,49,,,49,,,,,,,,,49,,49,,,,,,,,,49,,49,,,,,,,,49,,,49,,,,,,,,,,,,,,,,,,,,,,,,,,
,,38,,,38,,,,,,,,38,,,38,,,,,,,,38,,,38,,,,,,,,,38,,38,,,,,,,,,,,,,,,,,,,,,,,,,,
,,34,,,34,,,,,,,,34,,,34,,,,,,,,34,,,34,,,,,,,,,34,,34,,,,,,,,,,,,,,,,,,,,,,,,,,
,,,7,,7,,,,,,,,7,,,7,,,,,,,,,7,,7,,,,,,,,7,,,7,,,,,,,,,,,,,,,,,,,,,,,,,,
,,,26,,26,,,,,,,,,26,26,,,,,,,,,26,,,26,,,,,,,,,26,,26,,,,,,,,,,,,,,,,,,,,,,,,,,
,,,17,,17,,,,,,,,17,,,17,,,,,,,,,17,,17,,,,,,,,17,,,17,,,,,,,,,,,,,,,,,,,,,,,,,,
,,,40,,40,,,,,,,,,40,40,,,,,,,,,40,,,40,,,,,,,,,40,,40,,,,,,,,,,,,,,,,,,,,,,,,,,
,,27,,,27,,,,,,,,,27,,27,,,,,,,,,27,,27,,,,,,,,27,,,27,,,,,,,,,,,,,,,,,,,,,,,,,,
,,29,,29,,,,,,,,,,29,29,,,,,,,,,,29,29,,,,,,,,,29,,29,,,,,,,,,,,,,,,,,,,,,,,,,,,
,,,37,37,,,,,,,,,37,,37,,,,,,,,,,37,37,,,,,,,,,37,,37,,,,,,,,,,,,,,,,,,,,,,,,,,,
,,25,,25,,,,,,,,,,25,25,,,,,,,,,,25,25,,,,,,,,,25,,25,,,,,,,,,,,,,,,,,,,,,,,,,,,
,,47,,47,,,,,,,,,,47,47,,,,,,,,,,47,47,,,,,,,,,47,,47,,,,,,,,,,,,,,,,,,,,,,,,,,,
,,,2,2,,,,,,,,,,2,,2,,,,,,,,2,,2,,,,,,,,,2,,2,,,,,,,,,,,,,,,,,,,,,,,,,,,
,,,7,,7,,,,,,,,7,,,7,,,,,,,,,7,,7,,,,,,,,7,,,7,,,,,,,,,,,,,,,,,,,,,,,,,,
,,47,,47,,,,,,,,,,47,47,,,,,,,,,,47,47,,,,,,,,,47,,47,,,,,,,,,,,,,,,,,,,,,,,,,,,
,,,17,,17,,,,,,,,17,,,17,,,,,,,,,17,,17,,,,,,,,17,,,17,,,,,,,,,,,,,,,,,,,,,,,,,,
,,,15,15,,,,,,,,,15,,15,,,,,,,,,,15,15,,,,,,,,,,15,15,,,,,,,,,,,,,,,,,,,,,,,,,,,
