1,,,,1,,,,1,,,,1,,,,1,,,,1,,,,1,,,,1,,,,1,,,,1,,,,1,,,,1,,,,1,,,,,,,,,,,,,,,,
,49,,,,49,,,,49,,,,49,,,,49,,,,49,,,,49,,,,49,,,,49,,,,49,,,,49,,,,49,,,,49,,,,,,,,,,,,,,,
1,,,,1,,,,1,,,,1,,,,1,,,,1,,,,1,,,,1,,,,1,,,,1,,,,1,,,,1,,,,1,,,,,,,,,,,,,,,,
,49,,,,49,,,,49,,,,49,,,,49,,,,49,,,,49,,,,49,,,,49,,,,49,,,,49,,,,49,,,,49,,,,,,,,,,,,,,,
,4,,,,4,,,,4,,,,4,,,,4,,,,4,,,,4,,,,4,,,,4,,,,4,,,,4,,,4,,,,4,,,,,,,,,,,,,,,,
,4,,,,4,,,,4,,,,4,,,,4,,,,4,,,,4,,,,4,,,,4,,,,4,,,,4,,,4,,,,4,,,,,,,,,,,,,,,,
,4,,,,4,,,,4,,,,4,,,,4,,,,4,,,,4,,,,4,,,,4,,,,4,,,,4,,,4,,,,4,,,,,,,,,,,,,,,,
,4,,,,4,,,,4,,,,4,,,,4,,,,4,,,,4,,,,4,,,,4,,,,4,,,,4,,,4,,,,4,,,,,,,,,,,,,,,,
,2,,,,2,,,,2,,,,2,,,,2,,,,2,,,,2,,,,2,,,,2,,,,2,,,,2,,,,2,,,2,,,,,,,,,,,,,,,,
,2,,,,2,,,,2,,,,2,,,,2,,,,2,,,,2,,,,2,,,,2,,,,2,,,,2,,,,2,,,2,,,,,,,,,,,,,,,,
7,,,,7,,,,7,,,,7,,,,7,,,,7,,,,7,,,,7,,,,7,,,,7,,,,,7,,,,7,,,,7
7,,,,7,,,,7,,,,7,,,,7,,,,7,,,,7,,,,7,,,,7,,,,7,,,,,7,,,,7,,,,7
