,,,,,,,,,,,,,,,,,,,,,,,,,,,,,,,,,,,,,,,,,,,,,,,,,
,,,,,,,,,,,,,,,,,,,,,,,,,,,,,,,,,,,,,,,,,,,,,,,,,
,,,,,,,,,,,,,,,,,,,,,,,,,,,,,,,,,,,,,,,,,,,,,,,,,
,,,,,,,,,,,,,,,,,,,,,,,,,,,,,,,,,,,,,,,,,,,,,,,,,
,,,,,,,,,,,,,,,,,,,,,,,,,,,,,,,,,,,,,,,,,,,,,,,,,
,,,,,,,,,,,,,,,,,,,,,,,,,,,,,,,,,,,,,,,,,,,,,,,,,
,,,,,,,,,,,,,,,,,,,,,,,,,,,,,,,,,,,,,,,,,,,,,,,,,
1,3,5,1,15,29,,,,,,,,,,,1,3,5,1,11,21,,,,,,,,,,,,,1,3,5,1,11,21,,,,,,,,,,
15,17,19,3,17,31,,,,,,,,,,,11,13,15,3,13,23,,,,,,,,,,,,,11,13,15,3,13,23,,,,,,,,,,
29,31,33,5,19,33,,,,,,,,,,,21,23,25,5,15,25,,,,,,,,,,,,,21,23,25,5,15,25,,,,,,,,,,
43,45,47,43,8,22,,,,,,,,,,,31,33,35,31,41,2,,,,,,,,,,,,,31,33,35,31,41,7,,,,,,,,,,
8,10,12,45,10,24,,,,,,,,,,,41,43,45,33,43,4,,,,,,,,,,,,,41,43,45,33,43,9,,,,,,,,,,
22,24,26,47,12,26,,,,,,,,,,,2,4,6,35,45,6,,,,,,,,,,,,,7,9,6,35,45,6,,,,,,,,,,
36,38,40,36,11,41,,,,,,,,,,,12,14,16,12,22,32,,,,,,,,,,,,,17,19,16,17,27,37,,,,,,,,,,
11,13,25,38,13,4,,,,,,,,,,,22,24,26,14,24,34,,,,,,,,,,,,,27,29,26,19,29,39,,,,,,,,,,
41,4,6,40,25,6,,,,,,,,,,,32,34,36,16,26,36,,,,,,,,,,,,,37,39,36,16,26,36,,,,,,,,,,
32,34,46,32,7,23,,,,,,,,,,,42,44,46,42,7,19,,,,,,,,,,,,,47,49,46,47,2,14,,,,,,,,,,
7,9,21,34,9,35,,,,,,,,,,,7,9,17,44,9,27,,,,,,,,,,,,,2,4,12,49,4,22,,,,,,,,,,
23,35,37,46,21,37,,,,,,,,,,,19,27,29,46,17,29,,,,,,,,,,,,,14,22,24,46,12,24,,,,,,,,,,
49,2,14,49,16,42,,,,,,,,,,,37,39,47,37,49,18,,,,,,,,,,,,,32,34,42,32,44,18,,,,,,,,,,
16,28,30,2,28,44,,,,,,,,,,,49,8,10,39,8,20,,,,,,,,,,,,,44,8,10,34,8,20,,,,,,,,,,
42,44,27,14,30,27,,,,,,,,,,,18,20,28,47,10,28,,,,,,,,,,,,,18,20,28,42,10,28,,,,,,,,,,
39,18,20,20,18,39,,,,,,,,,,,30,38,40,40,38,30,,,,,,,,,,,,,30,38,40,40,38,30,,,,,,,,,,
48,,,48,,,,,,,,,,,,,48,,,48,,,,,,,,,,,,,,,48,,,48,,,,,,,,,,,,
,,,,,,,,,,,,,,,,,,,,,,,,,,,,,,,,,,,,,,,,,,,,,,,,,
,,,,,,,,,,,,,,,,,,,,,,,,,,,,,,,,,,,,,,,,,,,,,,,,,
,,,,,,,,,,,,,,,,,,,,,,,,,,,,,,,,,,,,,,,,,,,,,,,,,
,,,,,,,,,,,,,,,,,,,,,,,,,,,,,,,,,,,,,,,,,,,,,,,,,
,,,,,,,,,,,,,,,,,,,,,,,,,,,,,,,,,,,,,,,,,,,,,,,,,
,,,,,,,,,,,,,,,,,,,,,,,,,,,,,,,,,,,,,,,,,,,,,,,,,
,,,,,,,,,,,,,,,,,,,,,,,,,,,,,,,,,,,,,,,,,,,,,,,,,
,,,,,,,,,,,,,,,,,,,,,,,,,,,,,,,,,,,,,,,,,,,,,,,,,
,,,,,,,,,,,,,,,,,,,,,,,,,,,,,,,,,,,,,,,,,,,,,,,,,
,,,,,,,,,,,,,,,,,,,,,,,,,,,,,,,,,,,,,,,,,,,,,,,,,
,,,,,,,,,,,,,,,,,,,,,,,,,,,,,,,,,,,,,,,,,,,,,,,,,
,,,,,,,,,,,,,,,,,,,,,,,,,,,,,,,,,,,,,,,,,,,,,,,,,
,,,,,,,,,,,,,,,,,,,,,,,,,,,,,,,,,,,,,,,,,,,,,,,,,
,,,,,,,,,,,,,,,,,,,,,,,,,,,,,,,,,,,,,,,,,,,,,,,,,
,,,,,,,,,,,,,,,,,,,,,,,,,,,,,,,,,,,,,,,,,,,,,,,,,
,,,,,,,,,,,,,,,,,,,,,,,,,,,,,,,,,,,,,,,,,,,,,,,,,
,,,,,,,,,,,,,,,,,,,,,,,,,,,,,,,,,,,,,,,,,,,,,,,,,
,,,,,,,,,,,,,,,,,,,,,,,,,,,,,,,,,,,,,,,,,,,,,,,,,
,,,,,,,,,,,,,,,,,,,,,,,,,,,,,,,,,,,,,,,,,,,,,,,,,
,,,,,,,,,,,,,,,,,,,,,,,,,,,,,,,,,,,,,,,,,,,,,,,,,
,,,,,,,,,,,,,,,,,,,,,,,,,,,,,,,,,,,,,,,,,,,,,,,,,
,,,,,,,,,,,,,,,,,,,,,,,,,,,,,,,,,,,,,,,,,,,,,,,,,
,,,,,,,,,,,,,,,,,,,,,,,,,,,,,,,,,,,,,,,,,,,,,,,,,
,,,,,,,,,,,,,,,,,,,,,,,,,,,,,,,,,,,,,,,,,,,,,,,,,
,,,,,,,,,,,,,,,,,,,,,,,,,,,,,,,,,,,,,,,,,,,,,,,,,
,,,,,,,,,,,,,,,,,,,,,,,,,,,,,,,,,,,,,,,,,,,,,,,,,
,,,,,,,,,,,,,,,,,,,,,,,,,,,,,,,,,,,,,,,,,,,,,,,,,
,,,,,,,,,,,,,,,,,,,,,,,,,,,,,,,,,,,,,,,,,,,,,,,,,
,,,,,,,,,,,,,,,,,,,,,,,,,,,,,,,,,,,,,,,,,,,,,,,,,
,,,,,,,,,,,,,,,,,,,,,,,,,,,,,,,,,,,,,,,,,,,,,,,,,
,,,,,,,,,,,,,,,,,,,,,,,,,,,,,,,,,,,,,,,,,,,,,,,,,
,,,,,,,,,,,,,,,,,,,,,,,,,,,,,,,,,,,,,,,,,,,,,,,,,
,,,,,,,,,,,,,,,,,,,,,,,,,,,,,,,,,,,,,,,,,,,,,,,,,
,,,,,,,,,,,,,,,,,,,,,,,,,,,,,,,,,,,,,,,,,,,,,,,,,
,,,,,,,,,,,,,,,,,,,,,,,,,,,,,,,,,,,,,,,,,,,,,,,,,
