1,33,1,3,1,5,,,,1,5,1,3,1,17,,,,,,,,,,,,,,,,,,,,,,,,,,,,,,,,,,,
3,2,5,7,9,13,我,,,9,13,5,7,2,18,,j好黄昏,,,,,,恶,,,,,,,,,,,,阿,,,,,,,,,,,,,,,
5,4,9,11,17,21,,,,17,21,9,11,3,19,,,,,,,,,,,4,3,,,第法,,23,7,,,4,23,,,,,,,,,,,,,
7,6,13,15,25,29,,,,25,29,13,15,4,20,,,,额,,,,,,,5,4,,,,,12,24,,,3,12,,,,,,,,,,,,,
9,8,17,19,33,4,,,,33,4,17,19,5,21,,,,,,,,,,第,1,7,,,,,4,12,,,5,21,,,,,,,,,,,,,
11,10,21,23,8,12,,,,8,12,21,23,6,22,,,,,,,萨,,,,6,5,,,,,34,21,,,25,25,,,,,,,,,,,,,
13,12,25,27,16,20,诉,,,16,20,25,27,7,23,,,,,,,,,,,,,第,,,,15,7,,,34,6,,,,,,,,,,,,,
15,14,29,31,24,28,,,,24,28,29,31,8,24,,我,,,,都,,,,,,,,,,,9,8,,,,,,,,,,,,,,,,,
17,16,33,2,32,3,,,,32,3,33,2,9,25,,,,,,,,,,,,,,,,,,,,,,,,,,,,,,,,,,,
19,18,4,6,7,11,,,,7,11,4,6,10,26,,,,,,,,,,,,,,,,,,,,,,,,,,,,,,,,,,,
21,20,8,10,15,19,,,,15,19,8,10,11,27,,,,,,,,,,,,,,,,,,,,,,,,,,,,,,,,,,,
23,22,12,14,23,27,,,,23,27,12,14,12,28,,,,,,,,,,,,,,,,,,,,,,,,,,,,,,,,,,,
25,24,16,18,31,2,,,,31,2,16,18,13,29,,,,,,,,,,,,,,,,,,,,,,,,,,,,,,,,,,,
27,26,20,22,6,10,,,,6,10,20,22,14,30,,,,,,,,,,,,,,,,,,,,,,,,,,,,,,,,,,,
29,28,24,26,14,18,,,,14,18,24,26,15,31,,,,,,,,,,,,,,,,,,,,,,,,,,,,,,,,,,,
31,30,28,30,22,26,,,,22,26,28,30,16,32,,,,,,,,,,,,,,,,,,,,,,,,,,,,,,,,,,,
,32,32,,30,,,,,30,,32,,,33,,,,,,,,,,,,,,,,,,,,,,,,,,,,,,,,,,,
,,,,,,,,,,,,,,,,,,,,,,,,,,,,,,,,,,,,,,,,,,,,,,,,,
,,,,,,,,,,,,,,,,,,,,,,,,,,,,,,,,,,,,,,,,,,,,,,,,,
,,,,,,,,,,,,,,,,,,,,,,,,,,,,,,,,,,,,,,,,,,,,,,,,,
,,,,,,,,,,,,,,,,,,,,,,,,,,,,,,,,,,,,,,,,,,,,,,,,,
,,,,,,,,,,,,,,,,,,,,,,,,,,,,,,,,,,,,,,,,,,,,,,,,,
,,,,,,,,,,,,,,,,,,,,,,,,,,,,,,,,,,,,,,,,,,,,,,,,,
,,,,,,,,,,,,,,,,,,,,,,,,,,,,,,,,,,,,,,,,,,,,,,,,,
,,,,,,,,,,,,,,,,,,,,,,,,,,,,,,,,,,,,,,,,,,,,,,,,,
,,,,,,,,,,,,,,,,,,,,,,,,,,,,,,,,,,,,,,,,,,,,,,,,,
,,,,,,,,,,,,,,,,,,,,,,,,,,,,,,,,,,,,,,,,,,,,,,,,,
,,,,,,,,,,,,,,,,,,,,,,,,,,,,,,,,,,,,,,,,,,,,,,,,,
,,,,,,,,,,,,,,,,,,,,,,,,,,,,,,,,,,,,,,,,,,,,,,,,,
,,,,,,,,,,,,,,,,,,,,,,,,,,,,,,,,,,,,,,,,,,,,,,,,,
,,,,,,,,,,,,,,,,,,,,,,,,,,,,,,,,,,,,,,,,,,,,,,,,,
,,,,,,,,,,,,,,,,,,,,,,,,,,,,,,,,,,,,,,,,,,,,,,,,,
,,,,,,,,,,,,,,,,,,,,,,,,,,,,,,,,,,,,,,,,,,,,,,,,,
,,,,,,,,,,,,,,,,,,,,,,,,,,,,,,,,,,,,,,,,,,,,,,,,,
,,,,,,,,,,,,,,,,,,,,,,,,,,,,,,,,,,,,,,,,,,,,,,,,,
,,,,,,,,,,,,,,,,,,,,,,,,,,,,,,,,,,,,,,,,,,,,,,,,,
,,,,,,,,,,,,,,,,,,,,,,,,,,,,,,,,,,,,,,,,,,,,,,,,,
,,,,,,,,,,,,,,,,,,,,,,,,,,,,,,,,,,,,,,,,,,,,,,,,,
,,,,,,,,,,,,,,,,,,,,,,,,,,,,,,,,,,,,,,,,,,,,,,,,,
,,,,,,,,,,,,,,,,,,,,,,,,,,,,,,,,,,,,,,,,,,,,,,,,,
,,,,,,,,,,,,,,,,,,,,,,,,,,,,,,,,,,,,,,,,,,,,,,,,,
,,,,,,,,,,,,,,,,,,,,,,,,,,,,,,,,,,,,,,,,,,,,,,,,,
,,,,,,,,,,,,,,,,,,,,,,,,,,,,,,,,,,,,,,,,,,,,,,,,,
,,,,,,,,,,,,,,,,,,,,,,,,,,,,,,,,,,,,,,,,,,,,,,,,,
,,,,,,,,,,,,,,,,,,,,,,,,,,,,,,,,,,,,,,,,,,,,,,,,,
,,,,,,,,,,,,,,,,,,,,,,,,,,,,,,,,,,,,,,,,,,,,,,,,,
,,,,,,,,,,,,,,,,,,,,,,,,,,,,,,,,,,,,,,,,,,,,,,,,,
,,,,,,,,,,,,,,,,,,,,,,,,,,,,,,,,,,,,,,,,,,,,,,,,,
,,,,,,,,,,,,,,,,,,,,,,,,,,,,,,,,,,,,,,,,,,,,,,,,,
,,,,,,,,,,,,,,,,,,,,,,,,,,,,,,,,,,,,,,,,,,,,,,,,,
,,,,,,,,,,,,,,,,,,,,,,,,,,,,,,,,,,,,,,,,,,,,,,,,,
,,,,,,,,,,,,,,,,,,,,,,,,,,,,,,,,,,,,,,,,,,,,,,,,,
,,,,,,,,,,,,,,,,,,,,,,,,,,,,,,,,,,,,,,,,,,,,,,,,,
,,,,,,,,,,,,,,,,,,,,,,,,,,,,,,,,,,,,,,,,,,,,,,,,,
,,,,,,,,,,,,,,,,,,,,,,,,,,,,,,,,,,,,,,,,,,,,,,,,,
,,,,,,,,,,,,,,,,,,,,,,,,,,,,,,,,,,,,,,,,,,,,,,,,,
,,,,,,,,,,,,,,,,,,,,,,,,,,,,,,,,,,,,,,,,,,,,,,,,,
,,,,,,,,,,,,,,,,,,,,,,,,,,,,,,,,,,,,,,,,,,,,,,,,,
,,,,,,,,,,,,,,,,,,,,,,,,,,,,,,,,,,,,,,,,,,,,,,,,,
