,,3,,3,,,,,,,,,,3,3,,,,,,,,,,3,3,,,,,,,,,3,,3,,,,,,,,,,,,,,,,,,,,,,,,,,,
,,4,,,4,,,,,,,,4,,,4,,,,,,,,4,,,4,,,,,,,,,4,,4,,,,,,,,,,,,,,,,,,,,,,,,,,
,,10,,,10,,,,,,,,10,,,10,,,,,,,,10,,,10,,,,,,,,,10,,10,,,,,,,,,,,,,,,,,,,,,,,,,,
,,2,,,2,,,,,,,,,2,,2,,,,,,,,,2,,2,,,,,,,,2,,,2,,,,,,,,,,,,,,,,,,,,,,,,,,
,,,47,47,,,,,,,,,,47,47,,,,,,,,,47,,47,,,,,,,,,,47,47,,,,,,,,,,,,,,,,,,,,,,,,,,,
,,12,,12,,,,,,,,,,12,12,,,,,,,,,,12,12,,,,,,,,,12,,12,,,,,,,,,,,,,,,,,,,,,,,,,,,
,,,46,,46,,,,,,,,,46,,46,,,,,,,,46,,,46,,,,,,,,,46,,46,,,,,,,,,,,,,,,,,,,,,,,,,,
,,,22,22,,,,,,,,,22,,22,,,,,,,,,,22,22,,,,,,,,,22,,22,,,,,,,,,,,,,,,,,,,,,,,,,,,
,,41,,,41,,,,,,,,41,,,41,,,,,,,,41,,,41,,,,,,,,41,,,41,,,,,,,,,,,,,,,,,,,,,,,,,,
,,,32,32,,,,,,,,,,32,32,,,,,,,,,32,,32,,,,,,,,,32,,32,,,,,,,,,,,,,,,,,,,,,,,,,,,
,,2,,,2,,,,,,,,,2,,2,,,,,,,,,2,,2,,,,,,,,2,,,2,,,,,,,,,,,,,,,,,,,,,,,,,,
,,42,,42,,,,,,,,,,42,42,,,,,,,,,,42,42,,,,,,,,,,42,42,,,,,,,,,,,,,,,,,,,,,,,,,,,
,,44,,44,,,,,,,,,44,,44,,,,,,,,,44,,44,,,,,,,,,,44,44,,,,,,,,,,,,,,,,,,,,,,,,,,,
,,2,,,2,,,,,,,,,2,,2,,,,,,,,,2,,2,,,,,,,,2,,,2,,,,,,,,,,,,,,,,,,,,,,,,,,
,,,31,,31,,,,,,,,,31,,31,,,,,,,,31,,,31,,,,,,,,31,,,31,,,,,,,,,,,,,,,,,,,,,,,,,,
,,12,,12,,,,,,,,,,12,12,,,,,,,,,,12,12,,,,,,,,,12,,12,,,,,,,,,,,,,,,,,,,,,,,,,,,
,,,23,,23,,,,,,,,23,,,23,,,,,,,,,23,,23,,,,,,,,23,,,23,,,,,,,,,,,,,,,,,,,,,,,,,,
,,,22,22,,,,,,,,,22,,22,,,,,,,,,,22,22,,,,,,,,,22,,22,,,,,,,,,,,,,,,,,,,,,,,,,,,
,,3,,3,,,,,,,,,,3,3,,,,,,,,,,3,3,,,,,,,,,3,,3,,,,,,,,,,,,,,,,,,,,,,,,,,,
,,,32,32,,,,,,,,,,32,32,,,,,,,,,32,,32,,,,,,,,,32,,32,,,,,,,,,,,,,,,,,,,,,,,,,,,
,,44,,44,,,,,,,,,44,,44,,,,,,,,,44,,44,,,,,,,,,,44,44,,,,,,,,,,,,,,,,,,,,,,,,,,,
,,42,,42,,,,,,,,,,42,42,,,,,,,,,,42,42,,,,,,,,,,42,42,,,,,,,,,,,,,,,,,,,,,,,,,,,
,,,15,15,,,,,,,,,15,,15,,,,,,,,,,15,15,,,,,,,,,,15,15,,,,,,,,,,,,,,,,,,,,,,,,,,,
,,2,,,2,,,,,,,,,2,,2,,,,,,,,,2,,2,,,,,,,,2,,,2,,,,,,,,,,,,,,,,,,,,,,,,,,
,,49,,,49,,,,,,,,,49,,49,,,,,,,,,49,,49,,,,,,,,49,,,49,,,,,,,,,,,,,,,,,,,,,,,,,,
,,12,,12,,,,,,,,,,12,12,,,,,,,,,,12,12,,,,,,,,,12,,12,,,,,,,,,,,,,,,,,,,,,,,,,,,
,,,33,,33,,,,,,,,,33,,33,,,,,,,,33,,,33,,,,,,,,,33,,33,,,,,,,,,,,,,,,,,,,,,,,,,,
,,,22,22,,,,,,,,,22,,22,,,,,,,,,,22,22,,,,,,,,,22,,22,,,,,,,,,,,,,,,,,,,,,,,,,,,
,,5,,,5,,,,,,,,,5,,5,,,,,,,,,5,,5,,,,,,,,5,,,5,,,,,,,,,,,,,,,,,,,,,,,,,,
,,,32,32,,,,,,,,,,32,32,,,,,,,,,32,,32,,,,,,,,,32,,32,,,,,,,,,,,,,,,,,,,,,,,,,,,
,,,39,39,,,,,,,,,,39,39,,,,,,,,,39,,39,,,,,,,,,,39,39,,,,,,,,,,,,,,,,,,,,,,,,,,,
,,42,,42,,,,,,,,,,42,42,,,,,,,,,,42,42,,,,,,,,,,42,42,,,,,,,,,,,,,,,,,,,,,,,,,,,
,,38,,,38,,,,,,,,38,,,38,,,,,,,,38,,,38,,,,,,,,,38,,38,,,,,,,,,,,,,,,,,,,,,,,,,,
,,2,,,2,,,,,,,,,2,,2,,,,,,,,,2,,2,,,,,,,,2,,,2,,,,,,,,,,,,,,,,,,,,,,,,,,
,,45,,45,,,,,,,,,45,,45,,,,,,,,,45,,45,,,,,,,,,45,,45,,,,,,,,,,,,,,,,,,,,,,,,,,,
,,12,,12,,,,,,,,,,12,12,,,,,,,,,,12,12,,,,,,,,,12,,12,,,,,,,,,,,,,,,,,,,,,,,,,,,
,,,18,,18,,,,,,,,18,,,18,,,,,,,,,18,,18,,,,,,,,18,,,18,,,,,,,,,,,,,,,,,,,,,,,,,,
,,,22,22,,,,,,,,,22,,22,,,,,,,,,,22,22,,,,,,,,,22,,22,,,,,,,,,,,,,,,,,,,,,,,,,,,
,,,16,,16,,,,,,,,16,,,16,,,,,,,,,16,,16,,,,,,,,16,,,16,,,,,,,,,,,,,,,,,,,,,,,,,,
,,,32,32,,,,,,,,,,32,32,,,,,,,,,32,,32,,,,,,,,,32,,32,,,,,,,,,,,,,,,,,,,,,,,,,,,
,,12,,12,,,,,,,,,,12,12,,,,,,,,,,12,12,,,,,,,,,12,,12,,,,,,,,,,,,,,,,,,,,,,,,,,,
,,42,,42,,,,,,,,,,42,42,,,,,,,,,,42,42,,,,,,,,,,42,42,,,,,,,,,,,,,,,,,,,,,,,,,,,
,,20,,20,,,,,,,,,20,,20,,,,,,,,,20,,20,,,,,,,,,,20,20,,,,,,,,,,,,,,,,,,,,,,,,,,,
,,2,,,2,,,,,,,,,2,,2,,,,,,,,,2,,2,,,,,,,,2,,,2,,,,,,,,,,,,,,,,,,,,,,,,,,
,,6,,6,,,,,,,,,,6,6,,,,,,,,,,6,6,,,,,,,,,6,,6,,,,,,,,,,,,,,,,,,,,,,,,,,,
,,12,,12,,,,,,,,,,12,12,,,,,,,,,,12,12,,,,,,,,,12,,12,,,,,,,,,,,,,,,,,,,,,,,,,,,
,,,36,36,,,,,,,,,,36,36,,,,,,,,,36,,36,,,,,,,,,,36,36,,,,,,,,,,,,,,,,,,,,,,,,,,,
,,,22,22,,,,,,,,,22,,22,,,,,,,,,,22,22,,,,,,,,,22,,22,,,,,,,,,,,,,,,,,,,,,,,,,,,
,,,47,47,,,,,,,,,,47,47,,,,,,,,,47,,47,,,,,,,,,,47,47,,,,,,,,,,,,,,,,,,,,,,,,,,,
,,,32,32,,,,,,,,,,32,32,,,,,,,,,32,,32,,,,,,,,,32,,32,,,,,,,,,,,,,,,,,,,,,,,,,,,
,,41,,,41,,,,,,,,41,,,41,,,,,,,,41,,,41,,,,,,,,41,,,41,,,,,,,,,,,,,,,,,,,,,,,,,,
,,42,,42,,,,,,,,,,42,42,,,,,,,,,,42,42,,,,,,,,,,42,42,,,,,,,,,,,,,,,,,,,,,,,,,,,
,,26,,26,,,,,,,,,26,,26,,,,,,,,,26,,26,,,,,,,,,,26,26,,,,,,,,,,,,,,,,,,,,,,,,,,,
,,2,,,2,,,,,,,,,2,,2,,,,,,,,,2,,2,,,,,,,,2,,,2,,,,,,,,,,,,,,,,,,,,,,,,,,
,,,17,17,,,,,,,,,17,,17,,,,,,,,,,17,17,,,,,,,,,17,,17,,,,,,,,,,,,,,,,,,,,,,,,,,,
,,12,,12,,,,,,,,,,12,12,,,,,,,,,,12,12,,,,,,,,,12,,12,,,,,,,,,,,,,,,,,,,,,,,,,,,
,,,37,,37,,,,,,,,,37,,37,,,,,,,,37,,,37,,,,,,,,,37,,37,,,,,,,,,,,,,,,,,,,,,,,,,,
,,,22,22,,,,,,,,,22,,22,,,,,,,,,,22,22,,,,,,,,,22,,22,,,,,,,,,,,,,,,,,,,,,,,,,,,
,,49,,,49,,,,,,,,,49,,49,,,,,,,,,49,,49,,,,,,,,49,,,49,,,,,,,,,,,,,,,,,,,,,,,,,,
,,,32,32,,,,,,,,,,32,32,,,,,,,,,32,,32,,,,,,,,,32,,32,,,,,,,,,,,,,,,,,,,,,,,,,,,
,,,34,34,,,,,,,,,,34,34,,,,,,,,,34,,34,,,,,,,,,,34,34,,,,,,,,,,,,,,,,,,,,,,,,,,,
,,2,,,2,,,,,,,,,2,,2,,,,,,,,,2,,2,,,,,,,,2,,,2,,,,,,,,,,,,,,,,,,,,,,,,,,
,,26,,26,,,,,,,,,26,,26,,,,,,,,,26,,26,,,,,,,,,,26,26,,,,,,,,,,,,,,,,,,,,,,,,,,,
,,12,,12,,,,,,,,,,12,12,,,,,,,,,,12,12,,,,,,,,,12,,12,,,,,,,,,,,,,,,,,,,,,,,,,,,
,,,40,,40,,,,,,,,,40,,40,,,,,,,,40,,,40,,,,,,,,,40,,40,,,,,,,,,,,,,,,,,,,,,,,,,,
,,,22,22,,,,,,,,,22,,22,,,,,,,,,,22,22,,,,,,,,,22,,22,,,,,,,,,,,,,,,,,,,,,,,,,,,
,,,29,,29,,,,,,,,29,,,29,,,,,,,,,29,,29,,,,,,,,29,,,29,,,,,,,,,,,,,,,,,,,,,,,,,,
,,,32,32,,,,,,,,,,32,32,,,,,,,,,32,,32,,,,,,,,,32,,32,,,,,,,,,,,,,,,,,,,,,,,,,,,
,,,25,25,,,,,,,,,25,,25,,,,,,,,,,25,25,,,,,,,,,25,,25,,,,,,,,,,,,,,,,,,,,,,,,,,,
,,42,,42,,,,,,,,,,42,42,,,,,,,,,,42,42,,,,,,,,,,42,42,,,,,,,,,,,,,,,,,,,,,,,,,,,
,,2,,,2,,,,,,,,,2,,2,,,,,,,,,2,,2,,,,,,,,2,,,2,,,,,,,,,,,,,,,,,,,,,,,,,,
,,2,,,2,,,,,,,,,2,,2,,,,,,,,,2,,2,,,,,,,,2,,,2,,,,,,,,,,,,,,,,,,,,,,,,,,
,,,47,47,,,,,,,,,,47,47,,,,,,,,,47,,47,,,,,,,,,,47,47,,,,,,,,,,,,,,,,,,,,,,,,,,,
,,12,,12,,,,,,,,,,12,12,,,,,,,,,,12,12,,,,,,,,,12,,12,,,,,,,,,,,,,,,,,,,,,,,,,,,
,,,15,15,,,,,,,,,15,,15,,,,,,,,,,15,15,,,,,,,,,,15,15,,,,,,,,,,,,,,,,,,,,,,,,,,,
