,,3,,3,,,,,,,,,3,,3,,,,,,,,,3,,3,,,,,,,,,,3,3,,,,,,,,,,,,,,,,,,,,,,,,,,,
,,4,,4,,,,,,,,,4,,4,,,,,,,,,4,,4,,,,,,,,,,4,4,,,,,,,,,,,,,,,,,,,,,,,,,,,
,,10,,,10,,,,,,,,,10,,10,,,,,,,,,10,,10,,,,,,,,10,,,10,,,,,,,,,,,,,,,,,,,,,,,,,,
,,3,,3,,,,,,,,,3,,3,,,,,,,,,3,,3,,,,,,,,,,3,3,,,,,,,,,,,,,,,,,,,,,,,,,,,
,,47,,,47,,,,,,,,,47,,47,,,,,,,,,47,,47,,,,,,,,47,,,47,,,,,,,,,,,,,,,,,,,,,,,,,,
,,13,,13,,,,,,,,,,13,13,,,,,,,,,,13,13,,,,,,,,,13,,13,,,,,,,,,,,,,,,,,,,,,,,,,,,
,,46,,,46,,,,,,,,,46,,46,,,,,,,,,46,,46,,,,,,,,,46,,46,,,,,,,,,,,,,,,,,,,,,,,,,,
,,,23,23,,,,,,,,,23,,23,,,,,,,,,,23,23,,,,,,,,,23,,23,,,,,,,,,,,,,,,,,,,,,,,,,,,
,,41,,,41,,,,,,,,41,,,41,,,,,,,,41,,,41,,,,,,,,,41,,41,,,,,,,,,,,,,,,,,,,,,,,,,,
,,,33,,33,,,,,,,,33,,,33,,,,,,,,,33,,33,,,,,,,,33,,,33,,,,,,,,,,,,,,,,,,,,,,,,,,
,,2,,2,,,,,,,,,2,,2,,,,,,,,,2,,2,,,,,,,,,2,,2,,,,,,,,,,,,,,,,,,,,,,,,,,,
,,43,,,43,,,,,,,,43,,,43,,,,,,,,43,,,43,,,,,,,,,43,,43,,,,,,,,,,,,,,,,,,,,,,,,,,
,,44,,,44,,,,,,,,44,,,44,,,,,,,,44,,,44,,,,,,,,,44,,44,,,,,,,,,,,,,,,,,,,,,,,,,,
,,3,,3,,,,,,,,,3,,3,,,,,,,,,3,,3,,,,,,,,,,3,3,,,,,,,,,,,,,,,,,,,,,,,,,,,
,,,31,,31,,,,,,,,31,,,31,,,,,,,,,31,,31,,,,,,,,31,,,31,,,,,,,,,,,,,,,,,,,,,,,,,,
,,13,,13,,,,,,,,,,13,13,,,,,,,,,,13,13,,,,,,,,,13,,13,,,,,,,,,,,,,,,,,,,,,,,,,,,
,,,23,23,,,,,,,,,23,,23,,,,,,,,,,23,23,,,,,,,,,23,,23,,,,,,,,,,,,,,,,,,,,,,,,,,,
,,,23,23,,,,,,,,,23,,23,,,,,,,,,,23,23,,,,,,,,,23,,23,,,,,,,,,,,,,,,,,,,,,,,,,,,
,,3,,3,,,,,,,,,3,,3,,,,,,,,,3,,3,,,,,,,,,,3,3,,,,,,,,,,,,,,,,,,,,,,,,,,,
,,,33,,33,,,,,,,,33,,,33,,,,,,,,,33,,33,,,,,,,,33,,,33,,,,,,,,,,,,,,,,,,,,,,,,,,
,,44,,,44,,,,,,,,44,,,44,,,,,,,,44,,,44,,,,,,,,,44,,44,,,,,,,,,,,,,,,,,,,,,,,,,,
,,43,,,43,,,,,,,,43,,,43,,,,,,,,43,,,43,,,,,,,,,43,,43,,,,,,,,,,,,,,,,,,,,,,,,,,
,,,15,15,,,,,,,,,,15,15,,,,,,,,,15,,15,,,,,,,,,,15,15,,,,,,,,,,,,,,,,,,,,,,,,,,,
,,3,,3,,,,,,,,,3,,3,,,,,,,,,3,,3,,,,,,,,,,3,3,,,,,,,,,,,,,,,,,,,,,,,,,,,
,,49,,49,,,,,,,,,,49,49,,,,,,,,,,49,49,,,,,,,,,49,,49,,,,,,,,,,,,,,,,,,,,,,,,,,,
,,13,,13,,,,,,,,,,13,13,,,,,,,,,,13,13,,,,,,,,,13,,13,,,,,,,,,,,,,,,,,,,,,,,,,,,
,,,33,,33,,,,,,,,33,,,33,,,,,,,,,33,,33,,,,,,,,33,,,33,,,,,,,,,,,,,,,,,,,,,,,,,,
,,,23,23,,,,,,,,,23,,23,,,,,,,,,,23,23,,,,,,,,,23,,23,,,,,,,,,,,,,,,,,,,,,,,,,,,
,,5,,5,,,,,,,,,5,,5,,,,,,,,,5,,5,,,,,,,,,,5,5,,,,,,,,,,,,,,,,,,,,,,,,,,,
,,,33,,33,,,,,,,,33,,,33,,,,,,,,,33,,33,,,,,,,,33,,,33,,,,,,,,,,,,,,,,,,,,,,,,,,
,,,39,,39,,,,,,,,,39,,39,,,,,,,,39,,,39,,,,,,,,,39,,39,,,,,,,,,,,,,,,,,,,,,,,,,,
,,43,,,43,,,,,,,,43,,,43,,,,,,,,43,,,43,,,,,,,,,43,,43,,,,,,,,,,,,,,,,,,,,,,,,,,
,,,38,,38,,,,,,,,,38,,38,,,,,,,,38,,,38,,,,,,,,,38,,38,,,,,,,,,,,,,,,,,,,,,,,,,,
,,3,,3,,,,,,,,,3,,3,,,,,,,,,3,,3,,,,,,,,,,3,3,,,,,,,,,,,,,,,,,,,,,,,,,,,
,,45,,,45,,,,,,,,45,,,45,,,,,,,,45,,,45,,,,,,,,,45,,45,,,,,,,,,,,,,,,,,,,,,,,,,,
,,13,,13,,,,,,,,,,13,13,,,,,,,,,,13,13,,,,,,,,,13,,13,,,,,,,,,,,,,,,,,,,,,,,,,,,
,,,18,,18,,,,,,,,,18,,18,,,,,,,,18,,,18,,,,,,,,,18,,18,,,,,,,,,,,,,,,,,,,,,,,,,,
,,,23,23,,,,,,,,,23,,23,,,,,,,,,,23,23,,,,,,,,,23,,23,,,,,,,,,,,,,,,,,,,,,,,,,,,
,,,16,,16,,,,,,,,,16,,16,,,,,,,,16,,,16,,,,,,,,,16,,16,,,,,,,,,,,,,,,,,,,,,,,,,,
,,,33,,33,,,,,,,,33,,,33,,,,,,,,,33,,33,,,,,,,,33,,,33,,,,,,,,,,,,,,,,,,,,,,,,,,
,,12,,,12,,,,,,,,,12,,12,,,,,,,,,12,,12,,,,,,,,12,,,12,,,,,,,,,,,,,,,,,,,,,,,,,,
,,43,,,43,,,,,,,,43,,,43,,,,,,,,43,,,43,,,,,,,,,43,,43,,,,,,,,,,,,,,,,,,,,,,,,,,
,,,20,20,,,,,,,,,20,,20,,,,,,,,,,20,20,,,,,,,,,,20,20,,,,,,,,,,,,,,,,,,,,,,,,,,,
,,3,,3,,,,,,,,,3,,3,,,,,,,,,3,,3,,,,,,,,,,3,3,,,,,,,,,,,,,,,,,,,,,,,,,,,
,,6,,6,,,,,,,,,6,,6,,,,,,,,,6,,6,,,,,,,,,,6,6,,,,,,,,,,,,,,,,,,,,,,,,,,,
,,13,,13,,,,,,,,,,13,13,,,,,,,,,,13,13,,,,,,,,,13,,13,,,,,,,,,,,,,,,,,,,,,,,,,,,
,,,36,,36,,,,,,,,,36,,36,,,,,,,,36,,,36,,,,,,,,36,,,36,,,,,,,,,,,,,,,,,,,,,,,,,,
,,,23,23,,,,,,,,,23,,23,,,,,,,,,,23,23,,,,,,,,,23,,23,,,,,,,,,,,,,,,,,,,,,,,,,,,
,,47,,,47,,,,,,,,,47,,47,,,,,,,,,47,,47,,,,,,,,47,,,47,,,,,,,,,,,,,,,,,,,,,,,,,,
,,,33,,33,,,,,,,,33,,,33,,,,,,,,,33,,33,,,,,,,,33,,,33,,,,,,,,,,,,,,,,,,,,,,,,,,
,,41,,,41,,,,,,,,41,,,41,,,,,,,,41,,,41,,,,,,,,,41,,41,,,,,,,,,,,,,,,,,,,,,,,,,,
,,43,,,43,,,,,,,,43,,,43,,,,,,,,43,,,43,,,,,,,,,43,,43,,,,,,,,,,,,,,,,,,,,,,,,,,
,,,26,26,,,,,,,,,,26,26,,,,,,,,,26,,26,,,,,,,,,26,,26,,,,,,,,,,,,,,,,,,,,,,,,,,,
,,3,,3,,,,,,,,,3,,3,,,,,,,,,3,,3,,,,,,,,,,3,3,,,,,,,,,,,,,,,,,,,,,,,,,,,
,,,17,17,,,,,,,,,,17,17,,,,,,,,,17,,17,,,,,,,,,,17,17,,,,,,,,,,,,,,,,,,,,,,,,,,,
,,13,,13,,,,,,,,,,13,13,,,,,,,,,,13,13,,,,,,,,,13,,13,,,,,,,,,,,,,,,,,,,,,,,,,,,
,,,37,,37,,,,,,,,,37,,37,,,,,,,,37,,,37,,,,,,,,,37,,37,,,,,,,,,,,,,,,,,,,,,,,,,,
,,,23,23,,,,,,,,,23,,23,,,,,,,,,,23,23,,,,,,,,,23,,23,,,,,,,,,,,,,,,,,,,,,,,,,,,
,,49,,49,,,,,,,,,,49,49,,,,,,,,,,49,49,,,,,,,,,49,,49,,,,,,,,,,,,,,,,,,,,,,,,,,,
,,,33,,33,,,,,,,,33,,,33,,,,,,,,,33,,33,,,,,,,,33,,,33,,,,,,,,,,,,,,,,,,,,,,,,,,
,,,34,,34,,,,,,,,34,,,34,,,,,,,,,34,,34,,,,,,,,34,,,34,,,,,,,,,,,,,,,,,,,,,,,,,,
,,3,,3,,,,,,,,,3,,3,,,,,,,,,3,,3,,,,,,,,,,3,3,,,,,,,,,,,,,,,,,,,,,,,,,,,
,,,26,26,,,,,,,,,,26,26,,,,,,,,,26,,26,,,,,,,,,26,,26,,,,,,,,,,,,,,,,,,,,,,,,,,,
,,13,,13,,,,,,,,,,13,13,,,,,,,,,,13,13,,,,,,,,,13,,13,,,,,,,,,,,,,,,,,,,,,,,,,,,
,,40,,,40,,,,,,,,40,,,40,,,,,,,,40,,,40,,,,,,,,40,,,40,,,,,,,,,,,,,,,,,,,,,,,,,,
,,,23,23,,,,,,,,,23,,23,,,,,,,,,,23,23,,,,,,,,,23,,23,,,,,,,,,,,,,,,,,,,,,,,,,,,
,,,29,29,,,,,,,,,,29,29,,,,,,,,,29,,29,,,,,,,,,,29,29,,,,,,,,,,,,,,,,,,,,,,,,,,,
,,,33,,33,,,,,,,,33,,,33,,,,,,,,,33,,33,,,,,,,,33,,,33,,,,,,,,,,,,,,,,,,,,,,,,,,
,,,25,25,,,,,,,,,25,,25,,,,,,,,,,25,25,,,,,,,,,25,,25,,,,,,,,,,,,,,,,,,,,,,,,,,,
,,43,,,43,,,,,,,,43,,,43,,,,,,,,43,,,43,,,,,,,,,43,,43,,,,,,,,,,,,,,,,,,,,,,,,,,
,,2,,2,,,,,,,,,2,,2,,,,,,,,,2,,2,,,,,,,,,2,,2,,,,,,,,,,,,,,,,,,,,,,,,,,,
,,3,,3,,,,,,,,,3,,3,,,,,,,,,3,,3,,,,,,,,,,3,3,,,,,,,,,,,,,,,,,,,,,,,,,,,
,,47,,,47,,,,,,,,,47,,47,,,,,,,,,47,,47,,,,,,,,47,,,47,,,,,,,,,,,,,,,,,,,,,,,,,,
,,13,,13,,,,,,,,,,13,13,,,,,,,,,,13,13,,,,,,,,,13,,13,,,,,,,,,,,,,,,,,,,,,,,,,,,
,,,15,15,,,,,,,,,,15,15,,,,,,,,,15,,15,,,,,,,,,,15,15,,,,,,,,,,,,,,,,,,,,,,,,,,,
