,,,,,,,,,,,,,,,,,,,,,,,,,,,,,,,,,,,,,,,,,,,,,,,,,
,,,,,,,,,,,,,,,,,,,,,,,,,,,,,,,,,,,,,,,,,,,,,,,,,
,,,,,,,,,,,,,,,,,,,,,,,,,,,,,,,,,,,,,,,,,,,,,,,,,
,,,,,,,,,,,,,,,,,,,,,,,,,,,,,,,,,,,,,,,,,,,,,,,,,
,,,,,,,,,,,,,,,,,,,,,,,,,,,,,,,,,,,,,,,,,,,,,,,,,
,,,,,,,,,,,,,,,,,,,,,,,,,,,,,,,,,,,,,,,,,,,,,,,,,
,,,,,,,,,,,,,,,,,,,,,,,,,,,,,,,,,,,,,,,,,,,,,,,,,
-1,-1,-1,-1,-1,-1,-1,,,,,,,,,,-1,-1,-1,-1,-1,-1,-1,,,,,,,,,-1,-1,-1,-1,-1,-1,-1,,,,,,,,,,,,
-1,-1,-1,-1,-1,-1,-1,,,,,,,,,,-1,-1,-1,-1,-1,-1,-1,,,,,,,,,-1,-1,-1,-1,-1,-1,-1,,,,,,,,,,,,
-1,-1,-1,-1,-1,-1,-1,,,,,,,,,,-1,-1,-1,-1,-1,-1,-1,,,,,,,,,-1,-1,-1,-1,-1,-1,-1,,,,,,,,,,,,
-1,-1,-1,-1,-1,-1,-1,,,,,,,,,,-1,-1,-1,-1,-1,-1,-1,,,,,,,,,-1,-1,-1,-1,-1,-1,-1,,,,,,,,,,,,
-1,-1,-1,-1,-1,-1,-1,,,,,,,,,,-1,-1,-1,-1,-1,-1,-1,,,,,,,,,-1,-1,-1,-1,-1,-1,-1,,,,,,,,,,,,
-1,-1,-1,-1,-1,-1,-1,,,,,,,,,,-1,-1,-1,-1,-1,-1,-1,,,,,,,,,-1,-1,-1,-1,-1,-1,-1,,,,,,,,,,,,
-1,-1,-1,-1,-1,-1,-1,,,,,,,,,,-1,-1,-1,-1,-1,-1,-1,,,,,,,,,-1,-1,-1,-1,-1,-1,-1,,,,,,,,,,,,
,,,,,,,,,,,,,,,,,,,,,,,,,,,,,,,,,,,,,,,,,,,,,,,,,
,45,39,33,27,21,15,9,,,,,,,,,,,,,,,,,,,,,,,45,39,33,25,16,12,6,,,,,,,,,,,,,
,13,7,44,38,32,26,3,,,,,,,,,,,,,,,,,,,,,,,27,21,15,36,14,47,31,,,,,,,,,,,,,
,19,10,4,48,42,20,1,,,,,,,,,,,,,,,,,,,,,,,9,13,7,22,18,24,30,,,,,,,,,,,,,
,25,16,12,6,36,14,47,,,,,,,,,,,,,,,,,,,,,,,44,38,32,8,41,37,28,,,,,,,,,,,,,
,31,22,18,24,30,8,41,,,,,,,,,,,,,,,,,,,,,,,26,3,19,34,40,46,2,,,,,,,,,,,,,
,37,28,34,40,46,2,35,,,,,,,,,,,,,,,,,,,,,,,10,4,48,35,43,49,5,,,,,,,,,,,,,
,43,49,5,11,17,23,29,,,,,,,,,,,,,,,,,,,,,,,42,20,1,11,17,23,29,,,,,,,,,,,,,
,,,,,,,,,,,,,,,,,,,,,,,,,,,,,,,,,,,,,,,,,,,,,,,,,
,,,,,,,,,,,,,,,,,,,,,,,,,,,,,,,,,,,,,,,,,,,,,,,,,
,,,,,,,,,,,,,,,,,,,,,,,,,,,,,,,,,,,,,,,,,,,,,,,,,
,,,,,,,,,,,,,,,,,,,,,,,,,,,,,,,,,,,,,,,,,,,,,,,,,
,,,,,,,,,,,,,,,,,,,,,,,,,,,,,,,,,,,,,,,,,,,,,,,,,
,,,,,,,,,,,,,,,,,,,,,,,,,,,,,,,,,,,,,,,,,,,,,,,,,
,,,,,,,,,,,,,,,,,,,,,,,,,,,,,,,,,,,,,,,,,,,,,,,,,
,,,,,,,,,,,,,,,,,,,,,,,,,,,,,,,,,,,,,,,,,,,,,,,,,
,,,,,,,,,,,,,,,,,,,,,,,,,,,,,,,,,,,,,,,,,,,,,,,,,
,,,,,,,,,,,,,,,,,,,,,,,,,,,,,,,,,,,,,,,,,,,,,,,,,
,,,,,,,,,,,,,,,,,,,,,,,,,,,,,,,,,,,,,,,,,,,,,,,,,
,,,,,,,,,,,,,,,,,,,,,,,,,,,,,,,,,,,,,,,,,,,,,,,,,
,,,,,,,,,,,,,,,,,,,,,,,,,,,,,,,,,,,,,,,,,,,,,,,,,
,,,,,,,,,,,,,,,,,,,,,,,,,,,,,,,,,,,,,,,,,,,,,,,,,
,,,,,,,,,,,,,,,,,,,,,,,,,,,,,,,,,,,,,,,,,,,,,,,,,
,,,,,,,,,,,,,,,,,,,,,,,,,,,,,,,,,,,,,,,,,,,,,,,,,
,,,,,,,,,,,,,,,,,,,,,,,,,,,,,,,,,,,,,,,,,,,,,,,,,
,,,,,,,,,,,,,,,,,,,,,,,,,,,,,,,,,,,,,,,,,,,,,,,,,
,,,,,,,,,,,,,,,,,,,,,,,,,,,,,,,,,,,,,,,,,,,,,,,,,
,,,,,,,,,,,,,,,,,,,,,,,,,,,,,,,,,,,,,,,,,,,,,,,,,
,,,,,,,,,,,,,,,,,,,,,,,,,,,,,,,,,,,,,,,,,,,,,,,,,
,,,,,,,,,,,,,,,,,,,,,,,,,,,,,,,,,,,,,,,,,,,,,,,,,
,,,,,,,,,,,,,,,,,,,,,,,,,,,,,,,,,,,,,,,,,,,,,,,,,
,,,,,,,,,,,,,,,,,,,,,,,,,,,,,,,,,,,,,,,,,,,,,,,,,
,,,,,,,,,,,,,,,,,,,,,,,,,,,,,,,,,,,,,,,,,,,,,,,,,
,,,,,,,,,,,,,,,,,,,,,,,,,,,,,,,,,,,,,,,,,,,,,,,,,
,,,,,,,,,,,,,,,,,,,,,,,,,,,,,,,,,,,,,,,,,,,,,,,,,
,,,,,,,,,,,,,,,,,,,,,,,,,,,,,,,,,,,,,,,,,,,,,,,,,
,,,,,,,,,,,,,,,,,,,,,,,,,,,,,,,,,,,,,,,,,,,,,,,,,
,,,,,,,,,,,,,,,,,,,,,,,,,,,,,,,,,,,,,,,,,,,,,,,,,
,,,,,,,,,,,,,,,,,,,,,,,,,,,,,,,,,,,,,,,,,,,,,,,,,
,,,,,,,,,,,,,,,,,,,,,,,,,,,,,,,,,,,,,,,,,,,,,,,,,
,,,,,,,,,,,,,,,,,,,,,,,,,,,,,,,,,,,,,,,,,,,,,,,,,
,,,,,,,,,,,,,,,,,,,,,,,,,,,,,,,,,,,,,,,,,,,,,,,,,
,,,,,,,,,,,,,,,,,,,,,,,,,,,,,,,,,,,,,,,,,,,,,,,,,
,,,,,,,,,,,,,,,,,,,,,,,,,,,,,,,,,,,,,,,,,,,,,,,,,
,,,,,,,,,,,,,,,,,,,,,,,,,,,,,,,,,,,,,,,,,,,,,,,,,
