,,3,,,3,,,,,,,,3,,,3,,,,,,,,3,,,3,,,,,,,,3,,,3,,,,,,,,,,,,,,,,,,,,,,,,,,
,,4,,4,,,,,,,,,,4,4,,,,,,,,,,4,4,,,,,,,,,,4,4,,,,,,,,,,,,,,,,,,,,,,,,,,,
,,,10,10,,,,,,,,,10,,10,,,,,,,,,,10,10,,,,,,,,,,10,10,,,,,,,,,,,,,,,,,,,,,,,,,,,
,,,19,,19,,,,,,,,,19,19,,,,,,,,,19,,,19,,,,,,,,,19,,19,,,,,,,,,,,,,,,,,,,,,,,,,,
,,,47,,47,,,,,,,,47,,,47,,,,,,,,,47,,47,,,,,,,,47,,,47,,,,,,,,,,,,,,,,,,,,,,,,,,
,,,20,,20,,,,,,,,,20,20,,,,,,,,,20,,,20,,,,,,,,20,,,20,,,,,,,,,,,,,,,,,,,,,,,,,,
,,21,,21,,,,,,,,,21,,21,,,,,,,,,21,,21,,,,,,,,,21,,21,,,,,,,,,,,,,,,,,,,,,,,,,,,
,,,41,41,,,,,,,,,41,,41,,,,,,,,,,41,41,,,,,,,,,41,,41,,,,,,,,,,,,,,,,,,,,,,,,,,,
,,,19,,19,,,,,,,,,19,19,,,,,,,,,19,,,19,,,,,,,,,19,,19,,,,,,,,,,,,,,,,,,,,,,,,,,
,,,2,2,,,,,,,,,,2,,2,,,,,,,,2,,2,,,,,,,,,2,,2,,,,,,,,,,,,,,,,,,,,,,,,,,,
,,,20,,20,,,,,,,,,20,20,,,,,,,,,20,,,20,,,,,,,,20,,,20,,,,,,,,,,,,,,,,,,,,,,,,,,
,,44,,,44,,,,,,,,,44,,44,,,,,,,,,44,,44,,,,,,,,44,,,44,,,,,,,,,,,,,,,,,,,,,,,,,,
,,21,,21,,,,,,,,,21,,21,,,,,,,,,21,,21,,,,,,,,,21,,21,,,,,,,,,,,,,,,,,,,,,,,,,,,
,,,31,,31,,,,,,,,,31,31,,,,,,,,,31,,,31,,,,,,,,,31,,31,,,,,,,,,,,,,,,,,,,,,,,,,,
,,,19,,19,,,,,,,,,19,19,,,,,,,,,19,,,19,,,,,,,,,19,,19,,,,,,,,,,,,,,,,,,,,,,,,,,
,,23,,23,,,,,,,,,23,,23,,,,,,,,,23,,23,,,,,,,,,,23,23,,,,,,,,,,,,,,,,,,,,,,,,,,,
,,,20,,20,,,,,,,,,20,20,,,,,,,,,20,,,20,,,,,,,,20,,,20,,,,,,,,,,,,,,,,,,,,,,,,,,
,,3,,,3,,,,,,,,3,,,3,,,,,,,,3,,,3,,,,,,,,3,,,3,,,,,,,,,,,,,,,,,,,,,,,,,,
,,21,,21,,,,,,,,,21,,21,,,,,,,,,21,,21,,,,,,,,,21,,21,,,,,,,,,,,,,,,,,,,,,,,,,,,
,,44,,,44,,,,,,,,,44,,44,,,,,,,,,44,,44,,,,,,,,44,,,44,,,,,,,,,,,,,,,,,,,,,,,,,,
,,,19,,19,,,,,,,,,19,19,,,,,,,,,19,,,19,,,,,,,,,19,,19,,,,,,,,,,,,,,,,,,,,,,,,,,
,,15,,,15,,,,,,,,,15,,15,,,,,,,,,15,,15,,,,,,,,15,,,15,,,,,,,,,,,,,,,,,,,,,,,,,,
,,,20,,20,,,,,,,,,20,20,,,,,,,,,20,,,20,,,,,,,,20,,,20,,,,,,,,,,,,,,,,,,,,,,,,,,
,,49,,49,,,,,,,,,,49,49,,,,,,,,,,49,49,,,,,,,,,,49,49,,,,,,,,,,,,,,,,,,,,,,,,,,,
,,21,,21,,,,,,,,,21,,21,,,,,,,,,21,,21,,,,,,,,,21,,21,,,,,,,,,,,,,,,,,,,,,,,,,,,
,,33,,33,,,,,,,,,,33,33,,,,,,,,,,33,33,,,,,,,,,33,,33,,,,,,,,,,,,,,,,,,,,,,,,,,,
,,,19,,19,,,,,,,,,19,19,,,,,,,,,19,,,19,,,,,,,,,19,,19,,,,,,,,,,,,,,,,,,,,,,,,,,
,,5,,,5,,,,,,,,5,,,5,,,,,,,,5,,,5,,,,,,,,,5,,5,,,,,,,,,,,,,,,,,,,,,,,,,,
,,,20,,20,,,,,,,,,20,20,,,,,,,,,20,,,20,,,,,,,,20,,,20,,,,,,,,,,,,,,,,,,,,,,,,,,
,,,39,,39,,,,,,,,,39,39,,,,,,,,,39,,,39,,,,,,,,,39,,39,,,,,,,,,,,,,,,,,,,,,,,,,,
,,21,,21,,,,,,,,,21,,21,,,,,,,,,21,,21,,,,,,,,,21,,21,,,,,,,,,,,,,,,,,,,,,,,,,,,
,,38,,,38,,,,,,,,38,,,38,,,,,,,,38,,,38,,,,,,,,,38,,38,,,,,,,,,,,,,,,,,,,,,,,,,,
,,,19,,19,,,,,,,,,19,19,,,,,,,,,19,,,19,,,,,,,,,19,,19,,,,,,,,,,,,,,,,,,,,,,,,,,
,,45,,45,,,,,,,,,45,,45,,,,,,,,,45,,45,,,,,,,,,,45,45,,,,,,,,,,,,,,,,,,,,,,,,,,,
,,,20,,20,,,,,,,,,20,20,,,,,,,,,20,,,20,,,,,,,,20,,,20,,,,,,,,,,,,,,,,,,,,,,,,,,
,,,18,18,,,,,,,,,18,,18,,,,,,,,,,18,18,,,,,,,,,18,,18,,,,,,,,,,,,,,,,,,,,,,,,,,,
,,21,,21,,,,,,,,,21,,21,,,,,,,,,21,,21,,,,,,,,,21,,21,,,,,,,,,,,,,,,,,,,,,,,,,,,
,,16,,16,,,,,,,,,16,,16,,,,,,,,,16,,16,,,,,,,,,,16,16,,,,,,,,,,,,,,,,,,,,,,,,,,,
,,,19,,19,,,,,,,,,19,19,,,,,,,,,19,,,19,,,,,,,,,19,,19,,,,,,,,,,,,,,,,,,,,,,,,,,
,,,12,,12,,,,,,,,12,,,12,,,,,,,,,12,,12,,,,,,,,,12,,12,,,,,,,,,,,,,,,,,,,,,,,,,,
,,,20,,20,,,,,,,,,20,20,,,,,,,,,20,,,20,,,,,,,,20,,,20,,,,,,,,,,,,,,,,,,,,,,,,,,
,,,20,,20,,,,,,,,,20,20,,,,,,,,,20,,,20,,,,,,,,20,,,20,,,,,,,,,,,,,,,,,,,,,,,,,,
,,21,,21,,,,,,,,,21,,21,,,,,,,,,21,,21,,,,,,,,,21,,21,,,,,,,,,,,,,,,,,,,,,,,,,,,
,,,6,6,,,,,,,,,,6,,6,,,,,,,,6,,6,,,,,,,,,,6,6,,,,,,,,,,,,,,,,,,,,,,,,,,,
,,,19,,19,,,,,,,,,19,19,,,,,,,,,19,,,19,,,,,,,,,19,,19,,,,,,,,,,,,,,,,,,,,,,,,,,
,,,36,,36,,,,,,,,36,,,36,,,,,,,,,36,,36,,,,,,,,36,,,36,,,,,,,,,,,,,,,,,,,,,,,,,,
,,,20,,20,,,,,,,,,20,20,,,,,,,,,20,,,20,,,,,,,,20,,,20,,,,,,,,,,,,,,,,,,,,,,,,,,
,,,47,,47,,,,,,,,47,,,47,,,,,,,,,47,,47,,,,,,,,47,,,47,,,,,,,,,,,,,,,,,,,,,,,,,,
,,21,,21,,,,,,,,,21,,21,,,,,,,,,21,,21,,,,,,,,,21,,21,,,,,,,,,,,,,,,,,,,,,,,,,,,
,,,41,41,,,,,,,,,41,,41,,,,,,,,,,41,41,,,,,,,,,41,,41,,,,,,,,,,,,,,,,,,,,,,,,,,,
,,,19,,19,,,,,,,,,19,19,,,,,,,,,19,,,19,,,,,,,,,19,,19,,,,,,,,,,,,,,,,,,,,,,,,,,
,,26,,26,,,,,,,,,,26,26,,,,,,,,,,26,26,,,,,,,,,26,,26,,,,,,,,,,,,,,,,,,,,,,,,,,,
,,,20,,20,,,,,,,,,20,20,,,,,,,,,20,,,20,,,,,,,,20,,,20,,,,,,,,,,,,,,,,,,,,,,,,,,
,,,17,,17,,,,,,,,,17,17,,,,,,,,,17,,,17,,,,,,,,,17,,17,,,,,,,,,,,,,,,,,,,,,,,,,,
,,21,,21,,,,,,,,,21,,21,,,,,,,,,21,,21,,,,,,,,,21,,21,,,,,,,,,,,,,,,,,,,,,,,,,,,
,,,37,37,,,,,,,,,,37,,37,,,,,,,,37,,37,,,,,,,,,,37,37,,,,,,,,,,,,,,,,,,,,,,,,,,,
,,,19,,19,,,,,,,,,19,19,,,,,,,,,19,,,19,,,,,,,,,19,,19,,,,,,,,,,,,,,,,,,,,,,,,,,
,,49,,49,,,,,,,,,,49,49,,,,,,,,,,49,49,,,,,,,,,,49,49,,,,,,,,,,,,,,,,,,,,,,,,,,,
,,,20,,20,,,,,,,,,20,20,,,,,,,,,20,,,20,,,,,,,,20,,,20,,,,,,,,,,,,,,,,,,,,,,,,,,
,,34,,,34,,,,,,,,34,,,34,,,,,,,,34,,,34,,,,,,,,,34,,34,,,,,,,,,,,,,,,,,,,,,,,,,,
,,21,,21,,,,,,,,,21,,21,,,,,,,,,21,,21,,,,,,,,,21,,21,,,,,,,,,,,,,,,,,,,,,,,,,,,
,,26,,26,,,,,,,,,,26,26,,,,,,,,,,26,26,,,,,,,,,26,,26,,,,,,,,,,,,,,,,,,,,,,,,,,,
,,,19,,19,,,,,,,,,19,19,,,,,,,,,19,,,19,,,,,,,,,19,,19,,,,,,,,,,,,,,,,,,,,,,,,,,
,,40,,40,,,,,,,,,,40,40,,,,,,,,,,40,40,,,,,,,,,40,,40,,,,,,,,,,,,,,,,,,,,,,,,,,,
,,,20,,20,,,,,,,,,20,20,,,,,,,,,20,,,20,,,,,,,,20,,,20,,,,,,,,,,,,,,,,,,,,,,,,,,
,,,29,29,,,,,,,,,29,,29,,,,,,,,,,29,29,,,,,,,,,29,,29,,,,,,,,,,,,,,,,,,,,,,,,,,,
,,21,,21,,,,,,,,,21,,21,,,,,,,,,21,,21,,,,,,,,,21,,21,,,,,,,,,,,,,,,,,,,,,,,,,,,
,,,25,25,,,,,,,,,25,,25,,,,,,,,,,25,25,,,,,,,,,25,,25,,,,,,,,,,,,,,,,,,,,,,,,,,,
,,,19,,19,,,,,,,,,19,19,,,,,,,,,19,,,19,,,,,,,,,19,,19,,,,,,,,,,,,,,,,,,,,,,,,,,
,,,2,2,,,,,,,,,,2,,2,,,,,,,,2,,2,,,,,,,,,2,,2,,,,,,,,,,,,,,,,,,,,,,,,,,,
,,,20,,20,,,,,,,,,20,20,,,,,,,,,20,,,20,,,,,,,,20,,,20,,,,,,,,,,,,,,,,,,,,,,,,,,
,,,47,,47,,,,,,,,47,,,47,,,,,,,,,47,,47,,,,,,,,47,,,47,,,,,,,,,,,,,,,,,,,,,,,,,,
,,21,,21,,,,,,,,,21,,21,,,,,,,,,21,,21,,,,,,,,,21,,21,,,,,,,,,,,,,,,,,,,,,,,,,,,
,,15,,,15,,,,,,,,,15,,15,,,,,,,,,15,,15,,,,,,,,15,,,15,,,,,,,,,,,,,,,,,,,,,,,,,,
