,,3,,3,,,,,,,,,,3,3,,,,,,,,,,3,3,,,,,,,,,3,,3,,,,,,,,,,,,,,,,,,,,,,,,,,,
,,4,,,4,,,,,,,,4,,,4,,,,,,,,4,,,4,,,,,,,,,4,,4,,,,,,,,,,,,,,,,,,,,,,,,,,
,,21,,21,,,,,,,,,,,,,,,,,,,,21,,21,,,,,,,,,,,,,,,,,,,,,,,,,,,,,,,,,,,,,,
,,49,,,49,,,,,,,,,,,,,,,,,,,,49,,49,,,,,,,,,,,,,,,,,,,,,,,,,,,,,,,,,,,,,
,,,46,,46,,,,,,,,,,,,,,,,,,,46,,,46,,,,,,,,,,,,,,,,,,,,,,,,,,,,,,,,,,,,,
,,,28,28,,,,,,,,,,,,,,,,,,,,,28,28,,,,,,,,,,,,,,,,,,,,,,,,,,,,,,,,,,,,,,
,,,17,17,,,,,,,,,,,,,,,,,,,,,17,17,,,,,,,,,,,,,,,,,,,,,,,,,,,,,,,,,,,,,,
,,11,,,11,,,,,,,,,,,,,,,,,,,,11,,11,,,,,,,,,,,,,,,,,,,,,,,,,,,,,,,,,,,,,
,,,33,,33,,,,,,,,,,,,,,,,,,,33,,,33,,,,,,,,,,,,,,,,,,,,,,,,,,,,,,,,,,,,,
,,44,,44,,,,,,,,,,,,,,,,,,,,44,,44,,,,,,,,,,,,,,,,,,,,,,,,,,,,,,,,,,,,,,
,,44,,44,,,,,,,,,,,,,,,,,,,,44,,44,,,,,,,,,,,,,,,,,,,,,,,,,,,,,,,,,,,,,,
,,,18,,18,,,,,,,,,,,,,,,,,,,,18,,18,,,,,,,,,,,,,,,,,,,,,,,,,,,,,,,,,,,,,
,,6,,6,,,,,,,,,,,,,,,,,,,,,6,6,,,,,,,,,,,,,,,,,,,,,,,,,,,,,,,,,,,,,,
,,20,,20,,,,,,,,,,,,,,,,,,,,20,,20,,,,,,,,,,,,,,,,,,,,,,,,,,,,,,,,,,,,,,
,,45,,45,,,,,,,,,,,,,,,,,,,,45,,45,,,,,,,,,,,,,,,,,,,,,,,,,,,,,,,,,,,,,,
,,,15,15,,,,,,,,,,,,,,,,,,,,,15,15,,,,,,,,,,,,,,,,,,,,,,,,,,,,,,,,,,,,,,
,,,39,39,,,,,,,,,,,,,,,,,,,,39,,39,,,,,,,,,,,,,,,,,,,,,,,,,,,,,,,,,,,,,,
,,20,,20,,,,,,,,,,,,,,,,,,,,20,,20,,,,,,,,,,,,,,,,,,,,,,,,,,,,,,,,,,,,,,
,,19,,,19,,,,,,,,,,,,,,,,,,,,19,,19,,,,,,,,,,,,,,,,,,,,,,,,,,,,,,,,,,,,,
,,19,,,19,,,,,,,,,,,,,,,,,,,,19,,19,,,,,,,,,,,,,,,,,,,,,,,,,,,,,,,,,,,,,
,,11,,,11,,,,,,,,,,,,,,,,,,,,11,,11,,,,,,,,,,,,,,,,,,,,,,,,,,,,,,,,,,,,,
,,,23,,23,,,,,,,,,,,,,,,,,,,,23,,23,,,,,,,,,,,,,,,,,,,,,,,,,,,,,,,,,,,,,
,,45,,45,,,,,,,,,,,,,,,,,,,,45,,45,,,,,,,,,,,,,,,,,,,,,,,,,,,,,,,,,,,,,,
,,,35,,35,,,,,,,,,,,,,,,,,,,35,,,35,,,,,,,,,,,,,,,,,,,,,,,,,,,,,,,,,,,,,
,,5,,,5,,,,,,,,,,,,,,,,,,,,5,,5,,,,,,,,,,,,,,,,,,,,,,,,,,,,,,,,,,,,,
,,,28,28,,,,,,,,,,,,,,,,,,,,,28,28,,,,,,,,,,,,,,,,,,,,,,,,,,,,,,,,,,,,,,
,,,34,34,,,,,,,,,,,,,,,,,,,,34,,34,,,,,,,,,,,,,,,,,,,,,,,,,,,,,,,,,,,,,,
,,19,,,19,,,,,,,,,,,,,,,,,,,,19,,19,,,,,,,,,,,,,,,,,,,,,,,,,,,,,,,,,,,,,
,,38,,,38,,,,,,,,,,,,,,,,,,,38,,,38,,,,,,,,,,,,,,,,,,,,,,,,,,,,,,,,,,,,,
,,,16,,16,,,,,,,,,,,,,,,,,,,,16,,16,,,,,,,,,,,,,,,,,,,,,,,,,,,,,,,,,,,,,
,,,27,,27,,,,,,,,,,,,,,,,,,,,27,,27,,,,,,,,,,,,,,,,,,,,,,,,,,,,,,,,,,,,,
,,20,,20,,,,,,,,,,,,,,,,,,,,20,,20,,,,,,,,,,,,,,,,,,,,,,,,,,,,,,,,,,,,,,
,,,27,,27,,,,,,,,,,,,,,,,,,,,27,,27,,,,,,,,,,,,,,,,,,,,,,,,,,,,,,,,,,,,,
,,,17,17,,,,,,,,,,,,,,,,,,,,,17,17,,,,,,,,,,,,,,,,,,,,,,,,,,,,,,,,,,,,,,
,,,14,,14,,,,,,,,,,,,,,,,,,,,14,,14,,,,,,,,,,,,,,,,,,,,,,,,,,,,,,,,,,,,,
,,,34,34,,,,,,,,,,,,,,,,,,,,34,,34,,,,,,,,,,,,,,,,,,,,,,,,,,,,,,,,,,,,,,
,,6,,6,,,,,,,,,,,,,,,,,,,,,6,6,,,,,,,,,,,,,,,,,,,,,,,,,,,,,,,,,,,,,,
,,45,,45,,,,,,,,,,,,,,,,,,,,45,,45,,,,,,,,,,,,,,,,,,,,,,,,,,,,,,,,,,,,,,
,,11,,,11,,,,,,,,,,,,,,,,,,,,11,,11,,,,,,,,,,,,,,,,,,,,,,,,,,,,,,,,,,,,,
,,48,,,48,,,,,,,,,,,,,,,,,,,48,,,48,,,,,,,,,,,,,,,,,,,,,,,,,,,,,,,,,,,,,
,,3,,3,,,,,,,,,,,,,,,,,,,,,3,3,,,,,,,,,,,,,,,,,,,,,,,,,,,,,,,,,,,,,,
,,,39,39,,,,,,,,,,,,,,,,,,,,39,,39,,,,,,,,,,,,,,,,,,,,,,,,,,,,,,,,,,,,,,
,,6,,6,,,,,,,,,,,,,,,,,,,,,6,6,,,,,,,,,,,,,,,,,,,,,,,,,,,,,,,,,,,,,,
,,49,,,49,,,,,,,,,,,,,,,,,,,,49,,49,,,,,,,,,,,,,,,,,,,,,,,,,,,,,,,,,,,,,
,,,,,,,,,,,,,,,,,,,,,,,,,,,,,,,,,,,,,,,,,,,,,,,,,,,,,,,,,,,,,,,,
,,6,,6,,,,,,,,,,,,,,,,,,,,,6,6,,,,,,,,,,,,,,,,,,,,,,,,,,,,,,,,,,,,,,
,,42,,42,,,,,,,,,,,,,,,,,,,,,42,42,,,,,,,,,,,,,,,,,,,,,,,,,,,,,,,,,,,,,,
,,,47,47,,,,,,,,,,,,,,,,,,,,47,,47,,,,,,,,,,,,,,,,,,,,,,,,,,,,,,,,,,,,,,
,,,14,,14,,,,,,,,,,,,,,,,,,,,14,,14,,,,,,,,,,,,,,,,,,,,,,,,,,,,,,,,,,,,,
,,,28,28,,,,,,,,,,,,,,,,,,,,,28,28,,,,,,,,,,,,,,,,,,,,,,,,,,,,,,,,,,,,,,
,,,46,,46,,,,,,,,,,,,,,,,,,,46,,,46,,,,,,,,,,,,,,,,,,,,,,,,,,,,,,,,,,,,,
,,,15,15,,,,,,,,,,,,,,,,,,,,,15,15,,,,,,,,,,,,,,,,,,,,,,,,,,,,,,,,,,,,,,
,,,30,30,,,,,,,,,,,,,,,,,,,,30,,30,,,,,,,,,,,,,,,,,,,,,,,,,,,,,,,,,,,,,,
,,,30,30,,,,,,,,,,,,,,,,,,,,30,,30,,,,,,,,,,,,,,,,,,,,,,,,,,,,,,,,,,,,,,
,,,30,30,,,,,,,,,,,,,,,,,,,,30,,30,,,,,,,,,,,,,,,,,,,,,,,,,,,,,,,,,,,,,,
,,12,,12,,,,,,,,,,,,,,,,,,,,,12,12,,,,,,,,,,,,,,,,,,,,,,,,,,,,,,,,,,,,,,
,,5,,,5,,,,,,,,,,,,,,,,,,,,5,,5,,,,,,,,,,,,,,,,,,,,,,,,,,,,,,,,,,,,,
,,9,,9,,,,,,,,,,,,,,,,,,,,,9,9,,,,,,,,,,,,,,,,,,,,,,,,,,,,,,,,,,,,,,
,,7,,7,,,,,,,,,,,,,,,,,,,,7,,7,,,,,,,,,,,,,,,,,,,,,,,,,,,,,,,,,,,,,,
,,,37,,37,,,,,,,,,,,,,,,,,,,37,,,37,,,,,,,,,,,,,,,,,,,,,,,,,,,,,,,,,,,,,
,,6,,6,,,,,,,,,,,,,,,,,,,,,6,6,,,,,,,,,,,,,,,,,,,,,,,,,,,,,,,,,,,,,,
,,,37,,37,,,,,,,,,,,,,,,,,,,37,,,37,,,,,,,,,,,,,,,,,,,,,,,,,,,,,,,,,,,,,
,,49,,,49,,,,,,,,,,,,,,,,,,,,49,,49,,,,,,,,,,,,,,,,,,,,,,,,,,,,,,,,,,,,,
,,,16,,16,,,,,,,,,,,,,,,,,,,,16,,16,,,,,,,,,,,,,,,,,,,,,,,,,,,,,,,,,,,,,
,,,35,,35,,,,,,,,,,,,,,,,,,,35,,,35,,,,,,,,,,,,,,,,,,,,,,,,,,,,,,,,,,,,,
,,,28,28,,,,,,,,,,,,,,,,,,,,,28,28,,,,,,,,,,,,,,,,,,,,,,,,,,,,,,,,,,,,,,
,,,15,15,,,,,,,,,,,,,,,,,,,,,15,15,,,,,,,,,,,,,,,,,,,,,,,,,,,,,,,,,,,,,,
,,,25,25,,,,,,,,,,,,,,,,,,,,,25,25,,,,,,,,,,,,,,,,,,,,,,,,,,,,,,,,,,,,,,
,,,27,,27,,,,,,,,,,,,,,,,,,,,27,,27,,,,,,,,,,,,,,,,,,,,,,,,,,,,,,,,,,,,,
,,,32,32,,,,,,,,,,,,,,,,,,,,32,,32,,,,,,,,,,,,,,,,,,,,,,,,,,,,,,,,,,,,,,
,,,15,15,,,,,,,,,,,,,,,,,,,,,15,15,,,,,,,,,,,,,,,,,,,,,,,,,,,,,,,,,,,,,,
,,,23,,23,,,,,,,,,,,,,,,,,,,,23,,23,,,,,,,,,,,,,,,,,,,,,,,,,,,,,,,,,,,,,
,,7,,7,,,,,,,,,,,,,,,,,,,,7,,7,,,,,,,,,,,,,,,,,,,,,,,,,,,,,,,,,,,,,,
,,45,,45,,,,,,,,,,,,,,,,,,,,45,,45,,,,,,,,,,,,,,,,,,,,,,,,,,,,,,,,,,,,,,
,,,36,36,,,,,,,,,,,,,,,,,,,,36,,36,,,,,,,,,,,,,,,,,,,,,,,,,,,,,,,,,,,,,,
,,48,,,48,,,,,,,,,,,,,,,,,,,48,,,48,,,,,,,,,,,,,,,,,,,,,,,,,,,,,,,,,,,,,
,,21,,21,,,,,,,,,,,,,,,,,,,,21,,21,,,,,,,,,,,,,,,,,,,,,,,,,,,,,,,,,,,,,,
,,,17,17,,,,,,,,,,,,,,,,,,,,,17,17,,,,,,,,,,,,,,,,,,,,,,,,,,,,,,,,,,,,,,
,,,47,47,,,,,,,,,,,,,,,,,,,,47,,47,,,,,,,,,,,,,,,,,,,,,,,,,,,,,,,,,,,,,,
,,38,,,38,,,,,,,,,,,,,,,,,,,38,,,38,,,,,,,,,,,,,,,,,,,,,,,,,,,,,,,,,,,,,
,,8,,,8,,,,,,,,,,,,,,,,,,,,8,,8,,,,,,,,,,,,,,,,,,,,,,,,,,,,,,,,,,,,,
,,,40,,40,,,,,,,,,,,,,,,,,,,40,,,40,,,,,,,,,,,,,,,,,,,,,,,,,,,,,,,,,,,,,
,,44,,44,,,,,,,,,,,,,,,,,,,,44,,44,,,,,,,,,,,,,,,,,,,,,,,,,,,,,,,,,,,,,,
,,,28,28,,,,,,,,,,,,,,,,,,,,,28,28,,,,,,,,,,,,,,,,,,,,,,,,,,,,,,,,,,,,,,
,,49,,,49,,,,,,,,,,,,,,,,,,,,49,,49,,,,,,,,,,,,,,,,,,,,,,,,,,,,,,,,,,,,,
,,1,,1,,,,,,,,,,,,,,,,,,,,,1,1,,,,,,,,,,,,,,,,,,,,,,,,,,,,,,,,,,,,,,
,,,14,,14,,,,,,,,,,,,,,,,,,,,14,,14,,,,,,,,,,,,,,,,,,,,,,,,,,,,,,,,,,,,,
,,,36,36,,,,,,,,,,,,,,,,,,,,36,,36,,,,,,,,,,,,,,,,,,,,,,,,,,,,,,,,,,,,,,
,,19,,,19,,,,,,,,,,,,,,,,,,,,19,,19,,,,,,,,,,,,,,,,,,,,,,,,,,,,,,,,,,,,,
,,,35,,35,,,,,,,,,,,,,,,,,,,35,,,35,,,,,,,,,,,,,,,,,,,,,,,,,,,,,,,,,,,,,
,,,28,28,,,,,,,,,,,,,,,,,,,,,28,28,,,,,,,,,,,,,,,,,,,,,,,,,,,,,,,,,,,,,,
,,24,,,24,,,,,,,,,,,,,,,,,,,24,,,24,,,,,,,,,,,,,,,,,,,,,,,,,,,,,,,,,,,,,
,,11,,,11,,,,,,,,,,,,,,,,,,,,11,,11,,,,,,,,,,,,,,,,,,,,,,,,,,,,,,,,,,,,,
,,41,,,41,,,,,,,,,,,,,,,,,,,41,,,41,,,,,,,,,,,,,,,,,,,,,,,,,,,,,,,,,,,,,
,,,32,32,,,,,,,,,,,,,,,,,,,,32,,32,,,,,,,,,,,,,,,,,,,,,,,,,,,,,,,,,,,,,,
,,49,,,49,,,,,,,,,,,,,,,,,,,,49,,49,,,,,,,,,,,,,,,,,,,,,,,,,,,,,,,,,,,,,
,,,15,15,,,,,,,,,,,,,,,,,,,,,15,15,,,,,,,,,,,,,,,,,,,,,,,,,,,,,,,,,,,,,,
,,,27,,27,,,,,,,,,,,,,,,,,,,,27,,27,,,,,,,,,,,,,,,,,,,,,,,,,,,,,,,,,,,,,
,,,18,,18,,,,,,,,,,,,,,,,,,,,18,,18,,,,,,,,,,,,,,,,,,,,,,,,,,,,,,,,,,,,,
,,24,,,24,,,,,,,,,,,,,,,,,,,24,,,24,,,,,,,,,,,,,,,,,,,,,,,,,,,,,,,,,,,,,
,,,47,47,,,,,,,,,,,,,,,,,,,,47,,47,,,,,,,,,,,,,,,,,,,,,,,,,,,,,,,,,,,,,,
,,,17,17,,,,,,,,,,,,,,,,,,,,,17,17,,,,,,,,,,,,,,,,,,,,,,,,,,,,,,,,,,,,,,
,,6,,6,,,,,,,,,,,,,,,,,,,,,6,6,,,,,,,,,,,,,,,,,,,,,,,,,,,,,,,,,,,,,,
,,,43,43,,,,,,,,,,,,,,,,,,,,43,,43,,,,,,,,,,,,,,,,,,,,,,,,,,,,,,,,,,,,,,
,,1,,1,,,,,,,,,,,,,,,,,,,,,1,1,,,,,,,,,,,,,,,,,,,,,,,,,,,,,,,,,,,,,,
,,,39,39,,,,,,,,,,,,,,,,,,,,39,,39,,,,,,,,,,,,,,,,,,,,,,,,,,,,,,,,,,,,,,
,,,32,32,,,,,,,,,,,,,,,,,,,,32,,32,,,,,,,,,,,,,,,,,,,,,,,,,,,,,,,,,,,,,,
,,,22,22,,,,,,,,,,,,,,,,,,,,,22,22,,,,,,,,,,,,,,,,,,,,,,,,,,,,,,,,,,,,,,
,,,29,,29,,,,,,,,,,,,,,,,,,,,29,,29,,,,,,,,,,,,,,,,,,,,,,,,,,,,,,,,,,,,,
,,,32,32,,,,,,,,,,,,,,,,,,,,32,,32,,,,,,,,,,,,,,,,,,,,,,,,,,,,,,,,,,,,,,
,,,23,,23,,,,,,,,,,,,,,,,,,,,23,,23,,,,,,,,,,,,,,,,,,,,,,,,,,,,,,,,,,,,,
,,19,,,19,,,,,,,,,,,,,,,,,,,,19,,19,,,,,,,,,,,,,,,,,,,,,,,,,,,,,,,,,,,,,
,,24,,,24,,,,,,,,,,,,,,,,,,,24,,,24,,,,,,,,,,,,,,,,,,,,,,,,,,,,,,,,,,,,,
,,,16,,16,,,,,,,,,,,,,,,,,,,,16,,16,,,,,,,,,,,,,,,,,,,,,,,,,,,,,,,,,,,,,
,,7,,7,,,,,,,,,,,,,,,,,,,,7,,7,,,,,,,,,,,,,,,,,,,,,,,,,,,,,,,,,,,,,,
,,45,,45,,,,,,,,,,,,,,,,,,,,45,,45,,,,,,,,,,,,,,,,,,,,,,,,,,,,,,,,,,,,,,
,,48,,,48,,,,,,,,,,,,,,,,,,,48,,,48,,,,,,,,,,,,,,,,,,,,,,,,,,,,,,,,,,,,,
,,2,,,2,,,,,,,,,,,,,,,,,,,,2,,2,,,,,,,,,,,,,,,,,,,,,,,,,,,,,,,,,,,,,
,,8,,,8,,,,,,,,,,,,,,,,,,,,8,,8,,,,,,,,,,,,,,,,,,,,,,,,,,,,,,,,,,,,,
,,5,,,5,,,,,,,,,,,,,,,,,,,,5,,5,,,,,,,,,,,,,,,,,,,,,,,,,,,,,,,,,,,,,
,,,18,,18,,,,,,,,,,,,,,,,,,,,18,,18,,,,,,,,,,,,,,,,,,,,,,,,,,,,,,,,,,,,,
,,,47,47,,,,,,,,,,,,,,,,,,,,47,,47,,,,,,,,,,,,,,,,,,,,,,,,,,,,,,,,,,,,,,
,,42,,42,,,,,,,,,,,,,,,,,,,,,42,42,,,,,,,,,,,,,,,,,,,,,,,,,,,,,,,,,,,,,,
,,,29,,29,,,,,,,,,,,,,,,,,,,,29,,29,,,,,,,,,,,,,,,,,,,,,,,,,,,,,,,,,,,,,
,,,18,,18,,,,,,,,,,,,,,,,,,,,18,,18,,,,,,,,,,,,,,,,,,,,,,,,,,,,,,,,,,,,,
,,,37,,37,,,,,,,,,,,,,,,,,,,37,,,37,,,,,,,,,,,,,,,,,,,,,,,,,,,,,,,,,,,,,
,,,33,,33,,,,,,,,,,,,,,,,,,,33,,,33,,,,,,,,,,,,,,,,,,,,,,,,,,,,,,,,,,,,,
,,44,,44,,,,,,,,,,,,,,,,,,,,44,,44,,,,,,,,,,,,,,,,,,,,,,,,,,,,,,,,,,,,,,
,,,33,,33,,,,,,,,,,,,,,,,,,,33,,,33,,,,,,,,,,,,,,,,,,,,,,,,,,,,,,,,,,,,,
,,4,,,4,,,,,,,,,,,,,,,,,,,4,,,4,,,,,,,,,,,,,,,,,,,,,,,,,,,,,,,,,,,,,
,,,43,43,,,,,,,,,,,,,,,,,,,,43,,43,,,,,,,,,,,,,,,,,,,,,,,,,,,,,,,,,,,,,,
,,49,,,49,,,,,,,,,,,,,,,,,,,,49,,49,,,,,,,,,,,,,,,,,,,,,,,,,,,,,,,,,,,,,
,,6,,6,,,,,,,,,,,,,,,,,,,,,6,6,,,,,,,,,,,,,,,,,,,,,,,,,,,,,,,,,,,,,,
,,,33,,33,,,,,,,,,,,,,,,,,,,33,,,33,,,,,,,,,,,,,,,,,,,,,,,,,,,,,,,,,,,,,
,,,46,,46,,,,,,,,,,,,,,,,,,,46,,,46,,,,,,,,,,,,,,,,,,,,,,,,,,,,,,,,,,,,,
,,,16,,16,,,,,,,,,,,,,,,,,,,,16,,16,,,,,,,,,,,,,,,,,,,,,,,,,,,,,,,,,,,,,
,,44,,44,,,,,,,,,,,,,,,,,,,,44,,44,,,,,,,,,,,,,,,,,,,,,,,,,,,,,,,,,,,,,,
,,6,,6,,,,,,,,,,,,,,,,,,,,,6,6,,,,,,,,,,,,,,,,,,,,,,,,,,,,,,,,,,,,,,
,,44,,44,,,,,,,,,,,,,,,,,,,,44,,44,,,,,,,,,,,,,,,,,,,,,,,,,,,,,,,,,,,,,,
,,,37,,37,,,,,,,,,,,,,,,,,,,37,,,37,,,,,,,,,,,,,,,,,,,,,,,,,,,,,,,,,,,,,
,,,33,,33,,,,,,,,,,,,,,,,,,,33,,,33,,,,,,,,,,,,,,,,,,,,,,,,,,,,,,,,,,,,,
,,20,,20,,,,,,,,,,,,,,,,,,,,20,,20,,,,,,,,,,,,,,,,,,,,,,,,,,,,,,,,,,,,,,
,,,16,,16,,,,,,,,,,,,,,,,,,,,16,,16,,,,,,,,,,,,,,,,,,,,,,,,,,,,,,,,,,,,,
,,3,,3,,,,,,,,,,,,,,,,,,,,,3,3,,,,,,,,,,,,,,,,,,,,,,,,,,,,,,,,,,,,,,
,,,31,,31,,,,,,,,,,,,,,,,,,,31,,,31,,,,,,,,,,,,,,,,,,,,,,,,,,,,,,,,,,,,,
,,,17,17,,,,,,,,,,,,,,,,,,,,,17,17,,,,,,,,,,,,,,,,,,,,,,,,,,,,,,,,,,,,,,
,,,16,,16,,,,,,,,,,,,,,,,,,,,16,,16,,,,,,,,,,,,,,,,,,,,,,,,,,,,,,,,,,,,,
,,10,,,10,,,,,,,,,,,,,,,,,,,10,,,10,,,,,,,,,,,,,,,,,,,,,,,,,,,,,,,,,,,,,
,,,22,22,,,,,,,,,,,,,,,,,,,,,22,22,,,,,,,,,,,,,,,,,,,,,,,,,,,,,,,,,,,,,,
,,1,,1,,,,,,,,,,,,,,,,,,,,,1,1,,,,,,,,,,,,,,,,,,,,,,,,,,,,,,,,,,,,,,
,,,39,39,,,,,,,,,,,,,,,,,,,,39,,39,,,,,,,,,,,,,,,,,,,,,,,,,,,,,,,,,,,,,,
,,,16,,16,,,,,,,,,,,,,,,,,,,,16,,16,,,,,,,,,,,,,,,,,,,,,,,,,,,,,,,,,,,,,
,,,13,13,,,,,,,,,,,,,,,,,,,,,13,13,,,,,,,,,,,,,,,,,,,,,,,,,,,,,,,,,,,,,,
,,21,,21,,,,,,,,,,,,,,,,,,,,21,,21,,,,,,,,,,,,,,,,,,,,,,,,,,,,,,,,,,,,,,
,,,14,,14,,,,,,,,,,,,,,,,,,,,14,,14,,,,,,,,,,,,,,,,,,,,,,,,,,,,,,,,,,,,,
,,49,,,49,,,,,,,,,,,,,,,,,,,,49,,49,,,,,,,,,,,,,,,,,,,,,,,,,,,,,,,,,,,,,
,,11,,,11,,,,,,,,,,,,,,,,,,,,11,,11,,,,,,,,,,,,,,,,,,,,,,,,,,,,,,,,,,,,,
,,,13,13,,,,,,,,,,,,,,,,,,,,,13,13,,,,,,,,,,,,,,,,,,,,,,,,,,,,,,,,,,,,,,
,,,32,32,,,,,,,,,,,,,,,,,,,,32,,32,,,,,,,,,,,,,,,,,,,,,,,,,,,,,,,,,,,,,,
,,,17,17,,,,,,,,,,,,,,,,,,,,,17,17,,,,,,,,,,,,,,,,,,,,,,,,,,,,,,,,,,,,,,
,,12,,12,,,,,,,,,,,,,,,,,,,,,12,12,,,,,,,,,,,,,,,,,,,,,,,,,,,,,,,,,,,,,,
,,,25,25,,,,,,,,,,,,,,,,,,,,,25,25,,,,,,,,,,,,,,,,,,,,,,,,,,,,,,,,,,,,,,
,,,27,,27,,,,,,,,,,,,,,,,,,,,27,,27,,,,,,,,,,,,,,,,,,,,,,,,,,,,,,,,,,,,,
,,,43,43,,,,,,,,,,,,,,,,,,,,43,,43,,,,,,,,,,,,,,,,,,,,,,,,,,,,,,,,,,,,,,
,,10,,,10,,,,,,,,,,,,,,,,,,,10,,,10,,,,,,,,,,,,,,,,,,,,,,,,,,,,,,,,,,,,,
,,,18,,18,,,,,,,,,,,,,,,,,,,,18,,18,,,,,,,,,,,,,,,,,,,,,,,,,,,,,,,,,,,,,
,,,14,,14,,,,,,,,,,,,,,,,,,,,14,,14,,,,,,,,,,,,,,,,,,,,,,,,,,,,,,,,,,,,,
,,,14,,14,,,,,,,,,,,,,,,,,,,,14,,14,,,,,,,,,,,,,,,,,,,,,,,,,,,,,,,,,,,,,
,,26,,26,,,,,,,,,,,,,,,,,,,,26,,26,,,,,,,,,,,,,,,,,,,,,,,,,,,,,,,,,,,,,,
,,,22,22,,,,,,,,,,,,,,,,,,,,,22,22,,,,,,,,,,,,,,,,,,,,,,,,,,,,,,,,,,,,,,
,,,35,,35,,,,,,,,,,,,,,,,,,,35,,,35,,,,,,,,,,,,,,,,,,,,,,,,,,,,,,,,,,,,,
,,,17,17,,,,,,,,,,,,,,,,,,,,,17,17,,,,,,,,,,,,,,,,,,,,,,,,,,,,,,,,,,,,,,
,,,27,,27,,,,,,,,,,,,,,,,,,,,27,,27,,,,,,,,,,,,,,,,,,,,,,,,,,,,,,,,,,,,,
,,6,,6,,,,,,,,,,,,,,,,,,,,,6,6,,,,,,,,,,,,,,,,,,,,,,,,,,,,,,,,,,,,,,
,,19,,,19,,,,,,,,,,,,,,,,,,,,19,,19,,,,,,,,,,,,,,,,,,,,,,,,,,,,,,,,,,,,,
,,38,,,38,,,,,,,,,,,,,,,,,,,38,,,38,,,,,,,,,,,,,,,,,,,,,,,,,,,,,,,,,,,,,
,,,37,,37,,,,,,,,,,,,,,,,,,,37,,,37,,,,,,,,,,,,,,,,,,,,,,,,,,,,,,,,,,,,,
,,45,,45,,,,,,,,,,,,,,,,,,,,45,,45,,,,,,,,,,,,,,,,,,,,,,,,,,,,,,,,,,,,,,
,,,34,34,,,,,,,,,,,,,,,,,,,,34,,34,,,,,,,,,,,,,,,,,,,,,,,,,,,,,,,,,,,,,,
,,4,,,4,,,,,,,,,,,,,,,,,,,4,,,4,,,,,,,,,,,,,,,,,,,,,,,,,,,,,,,,,,,,,
,,,14,,14,,,,,,,,,,,,,,,,,,,,14,,14,,,,,,,,,,,,,,,,,,,,,,,,,,,,,,,,,,,,,
,,,30,30,,,,,,,,,,,,,,,,,,,,30,,30,,,,,,,,,,,,,,,,,,,,,,,,,,,,,,,,,,,,,,
,,5,,,5,,,,,,,,,,,,,,,,,,,,5,,5,,,,,,,,,,,,,,,,,,,,,,,,,,,,,,,,,,,,,
,,,37,,37,,,,,,,,,,,,,,,,,,,37,,,37,,,,,,,,,,,,,,,,,,,,,,,,,,,,,,,,,,,,,
,,,29,,29,,,,,,,,,,,,,,,,,,,,29,,29,,,,,,,,,,,,,,,,,,,,,,,,,,,,,,,,,,,,,
,,11,,,11,,,,,,,,,,,,,,,,,,,,11,,11,,,,,,,,,,,,,,,,,,,,,,,,,,,,,,,,,,,,,
,,7,,7,,,,,,,,,,,,,,,,,,,,7,,7,,,,,,,,,,,,,,,,,,,,,,,,,,,,,,,,,,,,,,
,,42,,42,,,,,,,,,,,,,,,,,,,,,42,42,,,,,,,,,,,,,,,,,,,,,,,,,,,,,,,,,,,,,,
,,19,,,19,,,,,,,,,,,,,,,,,,,,19,,19,,,,,,,,,,,,,,,,,,,,,,,,,,,,,,,,,,,,,
,,21,,21,,,,,,,,,,,,,,,,,,,,21,,21,,,,,,,,,,,,,,,,,,,,,,,,,,,,,,,,,,,,,,
,,,14,,14,,,,,,,,,,,,,,,,,,,,14,,14,,,,,,,,,,,,,,,,,,,,,,,,,,,,,,,,,,,,,
,,,17,17,,,,,,,,,,,,,,,,,,,,,17,17,,,,,,,,,,,,,,,,,,,,,,,,,,,,,,,,,,,,,,
,,6,,6,,,,,,,,,,,,,,,,,,,,,6,6,,,,,,,,,,,,,,,,,,,,,,,,,,,,,,,,,,,,,,
,,20,,20,,,,,,,,,,,,,,,,,,,,20,,20,,,,,,,,,,,,,,,,,,,,,,,,,,,,,,,,,,,,,,
,,38,,,38,,,,,,,,,,,,,,,,,,,38,,,38,,,,,,,,,,,,,,,,,,,,,,,,,,,,,,,,,,,,,
,,,13,13,,,,,,,,,,,,,,,,,,,,,13,13,,,,,,,,,,,,,,,,,,,,,,,,,,,,,,,,,,,,,,
,,,31,,31,,,,,,,,,,,,,,,,,,,31,,,31,,,,,,,,,,,,,,,,,,,,,,,,,,,,,,,,,,,,,
,,24,,,24,,,,,,,,,,,,,,,,,,,24,,,24,,,,,,,,,,,,,,,,,,,,,,,,,,,,,,,,,,,,,
,,9,,9,,,,,,,,,,,,,,,,,,,,,9,9,,,,,,,,,,,,,,,,,,,,,,,,,,,,,,,,,,,,,,
,,,36,36,,,,,,,,,,,,,,,,,,,,36,,36,,,,,,,,,,,,,,,,,,,,,,,,,,,,,,,,,,,,,,
,,,40,,40,,,,,,,,,,,,,,,,,,,40,,,40,,,,,,,,,,,,,,,,,,,,,,,,,,,,,,,,,,,,,
,,42,,42,,,,,,,,,,,,,,,,,,,,,42,42,,,,,,,,,,,,,,,,,,,,,,,,,,,,,,,,,,,,,,
,,6,,6,,,,,,,,,,,,,,,,,,,,,6,6,,,,,,,,,,,,,,,,,,,,,,,,,,,,,,,,,,,,,,
,,,15,15,,,,,,,,,,,,,,,,,,,,,15,15,,,,,,,,,,,,,,,,,,,,,,,,,,,,,,,,,,,,,,
,,10,,,10,,,,,,,,,,,,,,,,,,,10,,,10,,,,,,,,,,,,,,,,,,,,,,,,,,,,,,,,,,,,,
,,5,,,5,,,,,,,,,,,,,,,,,,,,5,,5,,,,,,,,,,,,,,,,,,,,,,,,,,,,,,,,,,,,,
,,,47,47,,,,,,,,,,,,,,,,,,,,47,,47,,,,,,,,,,,,,,,,,,,,,,,,,,,,,,,,,,,,,,
,,,37,,37,,,,,,,,,,,,,,,,,,,37,,,37,,,,,,,,,,,,,,,,,,,,,,,,,,,,,,,,,,,,,
,,,46,,46,,,,,,,,,,,,,,,,,,,46,,,46,,,,,,,,,,,,,,,,,,,,,,,,,,,,,,,,,,,,,
,,44,,44,,,,,,,,,,,,,,,,,,,,44,,44,,,,,,,,,,,,,,,,,,,,,,,,,,,,,,,,,,,,,,
,,41,,,41,,,,,,,,,,,,,,,,,,,41,,,41,,,,,,,,,,,,,,,,,,,,,,,,,,,,,,,,,,,,,
,,,47,47,,,,,,,,,,,,,,,,,,,,47,,47,,,,,,,,,,,,,,,,,,,,,,,,,,,,,,,,,,,,,,
,,2,,,2,,,,,,,,,,,,,,,,,,,,2,,2,,,,,,,,,,,,,,,,,,,,,,,,,,,,,,,,,,,,,
,,21,,21,,,,,,,,,,,,,,,,,,,,21,,21,,,,,,,,,,,,,,,,,,,,,,,,,,,,,,,,,,,,,,
,,44,,44,,,,,,,,,,,,,,,,,,,,44,,44,,,,,,,,,,,,,,,,,,,,,,,,,,,,,,,,,,,,,,
,,,27,,27,,,,,,,,,,,,,,,,,,,,27,,27,,,,,,,,,,,,,,,,,,,,,,,,,,,,,,,,,,,,,
,,,31,,31,,,,,,,,,,,,,,,,,,,31,,,31,,,,,,,,,,,,,,,,,,,,,,,,,,,,,,,,,,,,,
,,,35,,35,,,,,,,,,,,,,,,,,,,35,,,35,,,,,,,,,,,,,,,,,,,,,,,,,,,,,,,,,,,,,
,,,23,,23,,,,,,,,,,,,,,,,,,,,23,,23,,,,,,,,,,,,,,,,,,,,,,,,,,,,,,,,,,,,,
,,26,,26,,,,,,,,,,,,,,,,,,,,26,,26,,,,,,,,,,,,,,,,,,,,,,,,,,,,,,,,,,,,,,
,,3,,3,,,,,,,,,,,,,,,,,,,,,3,3,,,,,,,,,,,,,,,,,,,,,,,,,,,,,,,,,,,,,,
,,,16,,16,,,,,,,,,,,,,,,,,,,,16,,16,,,,,,,,,,,,,,,,,,,,,,,,,,,,,,,,,,,,,
,,44,,44,,,,,,,,,,,,,,,,,,,,44,,44,,,,,,,,,,,,,,,,,,,,,,,,,,,,,,,,,,,,,,
,,,28,28,,,,,,,,,,,,,,,,,,,,,28,28,,,,,,,,,,,,,,,,,,,,,,,,,,,,,,,,,,,,,,
,,,15,15,,,,,,,,,,,,,,,,,,,,,15,15,,,,,,,,,,,,,,,,,,,,,,,,,,,,,,,,,,,,,,
,,,27,,27,,,,,,,,,,,,,,,,,,,,27,,27,,,,,,,,,,,,,,,,,,,,,,,,,,,,,,,,,,,,,
,,49,,,49,,,,,,,,,,,,,,,,,,,,49,,49,,,,,,,,,,,,,,,,,,,,,,,,,,,,,,,,,,,,,
,,,34,34,,,,,,,,,,,,,,,,,,,,34,,34,,,,,,,,,,,,,,,,,,,,,,,,,,,,,,,,,,,,,,
,,,33,,33,,,,,,,,,,,,,,,,,,,33,,,33,,,,,,,,,,,,,,,,,,,,,,,,,,,,,,,,,,,,,
,,,22,22,,,,,,,,,,,,,,,,,,,,,22,22,,,,,,,,,,,,,,,,,,,,,,,,,,,,,,,,,,,,,,
,,5,,,5,,,,,,,,,,,,,,,,,,,,5,,5,,,,,,,,,,,,,,,,,,,,,,,,,,,,,,,,,,,,,
,,,35,,35,,,,,,,,,,,,,,,,,,,35,,,35,,,,,,,,,,,,,,,,,,,,,,,,,,,,,,,,,,,,,
,,,39,39,,,,,,,,,,,,,,,,,,,,39,,39,,,,,,,,,,,,,,,,,,,,,,,,,,,,,,,,,,,,,,
,,41,,,41,,,,,,,,,,,,,,,,,,,41,,,41,,,,,,,,,,,,,,,,,,,,,,,,,,,,,,,,,,,,,
,,38,,,38,,,,,,,,,,,,,,,,,,,38,,,38,,,,,,,,,,,,,,,,,,,,,,,,,,,,,,,,,,,,,
,,11,,,11,,,,,,,,,,,,,,,,,,,,11,,11,,,,,,,,,,,,,,,,,,,,,,,,,,,,,,,,,,,,,
,,45,,45,,,,,,,,,,,,,,,,,,,,45,,45,,,,,,,,,,,,,,,,,,,,,,,,,,,,,,,,,,,,,,
,,48,,,48,,,,,,,,,,,,,,,,,,,48,,,48,,,,,,,,,,,,,,,,,,,,,,,,,,,,,,,,,,,,,
,,,18,,18,,,,,,,,,,,,,,,,,,,,18,,18,,,,,,,,,,,,,,,,,,,,,,,,,,,,,,,,,,,,,
,,,13,13,,,,,,,,,,,,,,,,,,,,,13,13,,,,,,,,,,,,,,,,,,,,,,,,,,,,,,,,,,,,,,
,,,16,,16,,,,,,,,,,,,,,,,,,,,16,,16,,,,,,,,,,,,,,,,,,,,,,,,,,,,,,,,,,,,,
,,,25,25,,,,,,,,,,,,,,,,,,,,,25,25,,,,,,,,,,,,,,,,,,,,,,,,,,,,,,,,,,,,,,
,,12,,12,,,,,,,,,,,,,,,,,,,,,12,12,,,,,,,,,,,,,,,,,,,,,,,,,,,,,,,,,,,,,,
,,24,,,24,,,,,,,,,,,,,,,,,,,24,,,24,,,,,,,,,,,,,,,,,,,,,,,,,,,,,,,,,,,,,
,,20,,20,,,,,,,,,,,,,,,,,,,,20,,20,,,,,,,,,,,,,,,,,,,,,,,,,,,,,,,,,,,,,,
,,,17,17,,,,,,,,,,,,,,,,,,,,,17,17,,,,,,,,,,,,,,,,,,,,,,,,,,,,,,,,,,,,,,
,,6,,6,,,,,,,,,,,,,,,,,,,,,6,6,,,,,,,,,,,,,,,,,,,,,,,,,,,,,,,,,,,,,,
,,2,,,2,,,,,,,,,,,,,,,,,,,,2,,2,,,,,,,,,,,,,,,,,,,,,,,,,,,,,,,,,,,,,
,,,36,36,,,,,,,,,,,,,,,,,,,,36,,36,,,,,,,,,,,,,,,,,,,,,,,,,,,,,,,,,,,,,,
,,9,,9,,,,,,,,,,,,,,,,,,,,,9,9,,,,,,,,,,,,,,,,,,,,,,,,,,,,,,,,,,,,,,
,,,47,47,,,,,,,,,,,,,,,,,,,,47,,47,,,,,,,,,,,,,,,,,,,,,,,,,,,,,,,,,,,,,,
,,10,,,10,,,,,,,,,,,,,,,,,,,10,,,10,,,,,,,,,,,,,,,,,,,,,,,,,,,,,,,,,,,,,
,,41,,,41,,,,,,,,,,,,,,,,,,,41,,,41,,,,,,,,,,,,,,,,,,,,,,,,,,,,,,,,,,,,,
,,,40,,40,,,,,,,,,,,,,,,,,,,40,,,40,,,,,,,,,,,,,,,,,,,,,,,,,,,,,,,,,,,,,
,,26,,26,,,,,,,,,,,,,,,,,,,,26,,26,,,,,,,,,,,,,,,,,,,,,,,,,,,,,,,,,,,,,,
,,1,,1,,,,,,,,,,,,,,,,,,,,,1,1,,,,,,,,,,,,,,,,,,,,,,,,,,,,,,,,,,,,,,
,,,17,17,,,,,,,,,,,,,,,,,,,,,17,17,,,,,,,,,,,,,,,,,,,,,,,,,,,,,,,,,,,,,,
,,,22,22,,,,,,,,,,,,,,,,,,,,,22,22,,,,,,,,,,,,,,,,,,,,,,,,,,,,,,,,,,,,,,
,,,37,,37,,,,,,,,,,,,,,,,,,,37,,,37,,,,,,,,,,,,,,,,,,,,,,,,,,,,,,,,,,,,,
,,,43,43,,,,,,,,,,,,,,,,,,,,43,,43,,,,,,,,,,,,,,,,,,,,,,,,,,,,,,,,,,,,,,
,,49,,,49,,,,,,,,,,,,,,,,,,,,49,,49,,,,,,,,,,,,,,,,,,,,,,,,,,,,,,,,,,,,,
,,,43,43,,,,,,,,,,,,,,,,,,,,43,,43,,,,,,,,,,,,,,,,,,,,,,,,,,,,,,,,,,,,,,
,,,34,34,,,,,,,,,,,,,,,,,,,,34,,34,,,,,,,,,,,,,,,,,,,,,,,,,,,,,,,,,,,,,,
,,,30,30,,,,,,,,,,,,,,,,,,,,30,,30,,,,,,,,,,,,,,,,,,,,,,,,,,,,,,,,,,,,,,
,,26,,26,,,,,,,,,,,,,,,,,,,,26,,26,,,,,,,,,,,,,,,,,,,,,,,,,,,,,,,,,,,,,,
,,,40,,40,,,,,,,,,,,,,,,,,,,40,,,40,,,,,,,,,,,,,,,,,,,,,,,,,,,,,,,,,,,,,
,,,40,,40,,,,,,,,,,,,,,,,,,,40,,,40,,,,,,,,,,,,,,,,,,,,,,,,,,,,,,,,,,,,,
,,,30,30,,,,,,,,,,,,,,,,,,,,30,,30,,,,,,,,,,,,,,,,,,,,,,,,,,,,,,,,,,,,,,
,,,29,,29,,,,,,,,,,,,,,,,,,,,29,,29,,,,,,,,,,,,,,,,,,,,,,,,,,,,,,,,,,,,,
,,48,,,48,,,,,,,,,,,,,,,,,,,48,,,48,,,,,,,,,,,,,,,,,,,,,,,,,,,,,,,,,,,,,
,,,25,25,,,,,,,,,,,,,,,,,,,,,25,25,,,,,,,,,,,,,,,,,,,,,,,,,,,,,,,,,,,,,,
,,48,,,48,,,,,,,,,,,,,,,,,,,48,,,48,,,,,,,,,,,,,,,,,,,,,,,,,,,,,,,,,,,,,
,,2,,,2,,,,,,,,,,,,,,,,,,,,2,,2,,,,,,,,,,,,,,,,,,,,,,,,,,,,,,,,,,,,,
,,20,,20,,,,,,,,,,,,,,,,,,,,20,,20,,,,,,,,,,,,,,,,,,,,,,,,,,,,,,,,,,,,,,
,,,47,47,,,,,,,,,,,,,,,,,,,,47,,47,,,,,,,,,,,,,,,,,,,,,,,,,,,,,,,,,,,,,,
,,4,,,4,,,,,,,,,,,,,,,,,,,4,,,4,,,,,,,,,,,,,,,,,,,,,,,,,,,,,,,,,,,,,
,,,15,15,,,,,,,,,,,,,,,,,,,,,15,15,,,,,,,,,,,,,,,,,,,,,,,,,,,,,,,,,,,,,,
,,44,,44,,,,,,,,,,,,,,,,,,,,44,,44,,,,,,,,,,,,,,,,,,,,,,,,,,,,,,,,,,,,,,
