,,,,,,,,,,,,,,,,,,,,,,,,,,,,,,,,,,,,,,,,,,,,,,,,,
,,1,6,1,11,1,12,,,,,,1,23,1,11,1,22,,,,,,1,6,1,11,1,22,,,,,,1,6,1,11,1,17,,,,,,,,,
,,11,16,6,16,6,17,,,,,,11,33,23,33,23,44,,,,,,11,16,6,16,6,27,,,,,,11,16,6,16,6,12,,,,,,,,,
,,21,26,21,31,21,32,,,,,,21,43,21,31,21,42,,,,,,21,26,21,31,21,42,,,,,,21,26,21,36,21,37,,,,,,,,,
,,31,36,26,36,26,37,,,,,,31,4,43,4,43,15,,,,,,31,36,26,36,26,47,,,,,,36,31,26,31,26,32,,,,,,,,,
,,41,46,41,2,41,3,,,,,,41,14,41,2,41,13,,,,,,41,46,41,2,41,13,,,,,,46,41,46,7,46,8,,,,,,,,,
,,2,7,46,7,46,8,,,,,,2,24,14,24,14,35,,,,,,2,7,46,7,46,18,,,,,,7,2,41,2,41,3,,,,,,,,,
,,12,17,12,22,11,23,,,,,,12,34,12,22,11,12,,,,,,12,17,12,22,11,12,,,,,,17,12,17,27,11,27,,,,,,,,,
,,22,27,17,27,16,28,,,,,,22,44,34,44,33,34,,,,,,22,27,17,27,16,17,,,,,,27,22,12,22,16,22,,,,,,,,,
,,32,37,32,42,31,43,,,,,,32,5,32,42,31,32,,,,,,32,37,32,42,31,32,,,,,,37,32,37,47,36,47,,,,,,,,,
,,42,47,37,47,36,48,,,,,,42,15,5,15,4,5,,,,,,42,47,37,47,36,37,,,,,,47,42,32,42,31,42,,,,,,,,,
,,3,8,3,13,2,14,,,,,,3,25,3,13,2,3,,,,,,3,8,3,13,2,3,,,,,,8,3,8,18,7,18,,,,,,,,,
,,13,18,8,18,7,19,,,,,,13,35,25,35,24,25,,,,,,13,18,8,18,7,8,,,,,,18,13,3,13,2,13,,,,,,,,,
,,23,28,23,33,34,22,,,,,,6,45,6,16,27,6,,,,,,28,23,28,38,49,28,,,,,,28,23,28,38,44,38,,,,,,,,,
,,33,38,28,38,39,27,,,,,,16,28,45,28,39,45,,,,,,38,33,23,33,44,23,,,,,,38,33,23,33,49,33,,,,,,,,,
,,43,48,43,4,5,42,,,,,,26,38,26,36,47,26,,,,,,48,43,48,9,20,48,,,,,,48,43,48,4,15,4,,,,,,,,,
,,4,9,48,9,10,47,,,,,,36,48,38,48,10,38,,,,,,9,4,43,4,15,43,,,,,,4,9,43,9,20,9,,,,,,,,,
,,14,19,14,24,25,13,,,,,,46,9,46,7,18,46,,,,,,19,14,19,29,40,19,,,,,,14,19,14,24,35,24,,,,,,,,,
,,24,29,19,29,30,18,,,,,,7,19,9,19,30,9,,,,,,29,24,14,24,35,14,,,,,,24,29,19,29,40,29,,,,,,,,,
,,34,39,34,44,45,33,,,,,,17,29,17,27,17,16,,,,,,39,34,39,49,39,38,,,,,,34,39,34,44,34,28,,,,,,,,,
,,44,49,39,49,44,38,,,,,,27,39,29,39,29,28,,,,,,49,44,34,44,34,9,,,,,,44,49,39,49,39,23,,,,,,,,,
,,5,10,5,15,49,4,,,,,,37,49,37,47,37,36,,,,,,10,5,10,20,10,4,,,,,,5,10,5,15,5,48,,,,,,,,,
,,15,20,10,20,15,9,,,,,,47,10,49,10,49,48,,,,,,20,15,5,15,5,29,,,,,,15,20,10,20,10,14,,,,,,,,,
,,25,30,25,35,20,24,,,,,,8,20,8,18,8,7,,,,,,30,25,30,40,30,33,,,,,,25,30,25,35,25,19,,,,,,,,,
,,35,40,30,40,35,29,,,,,,18,30,20,30,20,19,,,,,,40,35,25,35,25,24,,,,,,35,40,30,40,30,43,,,,,,,,,
,,45,,45,,40,,,,,,,,40,40,,40,,,,,,,,45,45,,45,,,,,,,45,,45,,45,,,,,,,,,,
,,,,,,,,,,,,,,,,,,,,,,,,,,,,,,,,,,,,,,,,,,,,,,,,,
,,,,,,,,,,,,,,,,,,,,,,,,,,,,,,,,,,,,,,,,,,,,,,,,,
,,,,,,,,,,,,,,,,,,,,,,,,,,,,,,,,,,,,,,,,,,,,,,,,,
,,,,,,,,,,,,,,,,,,,,,,,,,,,,,,,,,,,,,,,,,,,,,,,,,
,,,,,,,,,,,,,,,,,,,,,,,,,,,,,,,,,,,,,,,,,,,,,,,,,
,,,,,,,,,,,,,,,,,,,,,,,,,,,,,,,,,,,,,,,,,,,,,,,,,
,,,,,,,,,,,,,,,,,,,,,,,,,,,,,,,,,,,,,,,,,,,,,,,,,
,,,,,,,,,,,,,,,,,,,,,,,,,,,,,,,,,,,,,,,,,,,,,,,,,
,,,,,,,,,,,,,,,,,,,,,,,,,,,,,,,,,,,,,,,,,,,,,,,,,
,,,,,,,,,,,,,,,,,,,,,,,,,,,,,,,,,,,,,,,,,,,,,,,,,
,,,,,,,,,,,,,,,,,,,,,,,,,,,,,,,,,,,,,,,,,,,,,,,,,
,,,,,,,,,,,,,,,,,,,,,,,,,,,,,,,,,,,,,,,,,,,,,,,,,
,,,,,,,,,,,,,,,,,,,,,,,,,,,,,,,,,,,,,,,,,,,,,,,,,
,,,,,,,,,,,,,,,,,,,,,,,,,,,,,,,,,,,,,,,,,,,,,,,,,
,,,,,,,,,,,,,,,,,,,,,,,,,,,,,,,,,,,,,,,,,,,,,,,,,
,,,,,,,,,,,,,,,,,,,,,,,,,,,,,,,,,,,,,,,,,,,,,,,,,
,,,,,,,,,,,,,,,,,,,,,,,,,,,,,,,,,,,,,,,,,,,,,,,,,
,,,,,,,,,,,,,,,,,,,,,,,,,,,,,,,,,,,,,,,,,,,,,,,,,
,,,,,,,,,,,,,,,,,,,,,,,,,,,,,,,,,,,,,,,,,,,,,,,,,
,,,,,,,,,,,,,,,,,,,,,,,,,,,,,,,,,,,,,,,,,,,,,,,,,
,,,,,,,,,,,,,,,,,,,,,,,,,,,,,,,,,,,,,,,,,,,,,,,,,
,,,,,,,,,,,,,,,,,,,,,,,,,,,,,,,,,,,,,,,,,,,,,,,,,
,,,,,,,,,,,,,,,,,,,,,,,,,,,,,,,,,,,,,,,,,,,,,,,,,
,,,,,,,,,,,,,,,,,,,,,,,,,,,,,,,,,,,,,,,,,,,,,,,,,
,,,,,,,,,,,,,,,,,,,,,,,,,,,,,,,,,,,,,,,,,,,,,,,,,
,,,,,,,,,,,,,,,,,,,,,,,,,,,,,,,,,,,,,,,,,,,,,,,,,
,,,,,,,,,,,,,,,,,,,,,,,,,,,,,,,,,,,,,,,,,,,,,,,,,
,,,,,,,,,,,,,,,,,,,,,,,,,,,,,,,,,,,,,,,,,,,,,,,,,
,,,,,,,,,,,,,,,,,,,,,,,,,,,,,,,,,,,,,,,,,,,,,,,,,
,,,,,,,,,,,,,,,,,,,,,,,,,,,,,,,,,,,,,,,,,,,,,,,,,
,,,,,,,,,,,,,,,,,,,,,,,,,,,,,,,,,,,,,,,,,,,,,,,,,
,,,,,,,,,,,,,,,,,,,,,,,,,,,,,,,,,,,,,,,,,,,,,,,,,
,,,,,,,,,,,,,,,,,,,,,,,,,,,,,,,,,,,,,,,,,,,,,,,,,
