,,,,,,,,,,,,,,,,,,,,,,,,,,,,,,,,,,,,,,,,,,,,,,,,,
,,,,,,,,,,,,,,,,,,,,,,,,,,,,,,,,,,,,,,,,,,,,,,,,,
,,,,,,,,,,,,,,,,,,,,,,,,,,,,,,,,,,,,,,,,,,,,,,,,,
,,,,,,,,,,,,,,,,,,,,,,,,,,,,,,,,,,,,,,,,,,,,,,,,,
,,,,,,,,,,,,,,,,,,,,,,,,,,,,,,,,,,,,,,,,,,,,,,,,,
,,,,,,,,,,,,,,,,,,,,,,,,,,,,,,,,,,,,,,,,,,,,,,,,,
,,,,,,,,,,,,,,,,,,,,,,,,,,,,,,,,,,,,,,,,,,,,,,,,,
-1,-1,-1,-1,-1,-1,-1,,,,,,,,,,-1,-1,-1,-1,-1,-1,-1,,,,,,,,,-1,-1,-1,-1,-1,-1,-1,,,,,,,,,,,,
-1,-1,-1,-1,-1,-1,-1,,,,,,,,,,-1,-1,-1,-1,-1,-1,-1,,,,,,,,,-1,-1,-1,-1,-1,-1,-1,,,,,,,,,,,,
-1,-1,-1,-1,-1,-1,-1,,,,,,,,,,-1,-1,-1,-1,-1,-1,-1,,,,,,,,,-1,-1,-1,-1,-1,-1,-1,,,,,,,,,,,,
-1,-1,-1,-1,-1,-1,-1,,,,,,,,,,-1,-1,-1,-1,-1,-1,-1,,,,,,,,,-1,-1,-1,-1,-1,-1,-1,,,,,,,,,,,,
-1,-1,-1,-1,-1,-1,-1,,,,,,,,,,-1,-1,-1,-1,-1,-1,-1,,,,,,,,,-1,-1,-1,-1,-1,-1,-1,,,,,,,,,,,,
-1,-1,-1,-1,-1,-1,-1,,,,,,,,,,-1,-1,-1,-1,-1,-1,-1,,,,,,,,,-1,-1,-1,-1,-1,-1,-1,,,,,,,,,,,,
-1,-1,-1,-1,-1,-1,-1,,,,,,,,,,-1,-1,-1,-1,-1,-1,-1,,,,,,,,,-1,-1,-1,-1,-1,-1,-1,,,,,,,,,,,,
,,,,,,,,,,,,,,,,,,,,,,,,,,,,,,,,,,,,,,,,,,,,,,,,,
,1,11,14,15,16,19,27,,,,,,,,,,,,,,,,,,,,,,,1,11,14,46,35,48,49,,,,,,,,,,,,,
,10,12,13,17,18,20,28,,,,,,,,,,,,,,,,,,,,,,,15,16,19,42,22,31,8,,,,,,,,,,,,,
,9,36,37,38,41,21,30,,,,,,,,,,,,,,,,,,,,,,,27,10,12,33,45,44,43,,,,,,,,,,,,,
,46,35,48,49,42,22,31,,,,,,,,,,,,,,,,,,,,,,,13,17,18,23,34,7,32,,,,,,,,,,,,,
,8,33,45,44,43,23,34,,,,,,,,,,,,,,,,,,,,,,,20,28,9,29,26,25,24,,,,,,,,,,,,,
,7,32,29,26,25,24,39,,,,,,,,,,,,,,,,,,,,,,,36,37,38,39,6,5,4,,,,,,,,,,,,,
,6,5,4,3,2,47,40,,,,,,,,,,,,,,,,,,,,,,,41,21,30,3,2,47,40,,,,,,,,,,,,,
,,,,,,,,,,,,,,,,,,,,,,,,,,,,,,,,,,,,,,,,,,,,,,,,,
,,,,,,,,,,,,,,,,,,,,,,,,,,,,,,,,,,,,,,,,,,,,,,,,,
,,,,,,,,,,,,,,,,,,,,,,,,,,,,,,,,,,,,,,,,,,,,,,,,,
,,,,,,,,,,,,,,,,,,,,,,,,,,,,,,,,,,,,,,,,,,,,,,,,,
,,,,,,,,,,,,,,,,,,,,,,,,,,,,,,,,,,,,,,,,,,,,,,,,,
,,,,,,,,,,,,,,,,,,,,,,,,,,,,,,,,,,,,,,,,,,,,,,,,,
,,,,,,,,,,,,,,,,,,,,,,,,,,,,,,,,,,,,,,,,,,,,,,,,,
,,,,,,,,,,,,,,,,,,,,,,,,,,,,,,,,,,,,,,,,,,,,,,,,,
,,,,,,,,,,,,,,,,,,,,,,,,,,,,,,,,,,,,,,,,,,,,,,,,,
,,,,,,,,,,,,,,,,,,,,,,,,,,,,,,,,,,,,,,,,,,,,,,,,,
,,,,,,,,,,,,,,,,,,,,,,,,,,,,,,,,,,,,,,,,,,,,,,,,,
,,,,,,,,,,,,,,,,,,,,,,,,,,,,,,,,,,,,,,,,,,,,,,,,,
,,,,,,,,,,,,,,,,,,,,,,,,,,,,,,,,,,,,,,,,,,,,,,,,,
,,,,,,,,,,,,,,,,,,,,,,,,,,,,,,,,,,,,,,,,,,,,,,,,,
,,,,,,,,,,,,,,,,,,,,,,,,,,,,,,,,,,,,,,,,,,,,,,,,,
,,,,,,,,,,,,,,,,,,,,,,,,,,,,,,,,,,,,,,,,,,,,,,,,,
,,,,,,,,,,,,,,,,,,,,,,,,,,,,,,,,,,,,,,,,,,,,,,,,,
,,,,,,,,,,,,,,,,,,,,,,,,,,,,,,,,,,,,,,,,,,,,,,,,,
,,,,,,,,,,,,,,,,,,,,,,,,,,,,,,,,,,,,,,,,,,,,,,,,,
,,,,,,,,,,,,,,,,,,,,,,,,,,,,,,,,,,,,,,,,,,,,,,,,,
,,,,,,,,,,,,,,,,,,,,,,,,,,,,,,,,,,,,,,,,,,,,,,,,,
,,,,,,,,,,,,,,,,,,,,,,,,,,,,,,,,,,,,,,,,,,,,,,,,,
,,,,,,,,,,,,,,,,,,,,,,,,,,,,,,,,,,,,,,,,,,,,,,,,,
,,,,,,,,,,,,,,,,,,,,,,,,,,,,,,,,,,,,,,,,,,,,,,,,,
,,,,,,,,,,,,,,,,,,,,,,,,,,,,,,,,,,,,,,,,,,,,,,,,,
,,,,,,,,,,,,,,,,,,,,,,,,,,,,,,,,,,,,,,,,,,,,,,,,,
,,,,,,,,,,,,,,,,,,,,,,,,,,,,,,,,,,,,,,,,,,,,,,,,,
,,,,,,,,,,,,,,,,,,,,,,,,,,,,,,,,,,,,,,,,,,,,,,,,,
,,,,,,,,,,,,,,,,,,,,,,,,,,,,,,,,,,,,,,,,,,,,,,,,,
,,,,,,,,,,,,,,,,,,,,,,,,,,,,,,,,,,,,,,,,,,,,,,,,,
,,,,,,,,,,,,,,,,,,,,,,,,,,,,,,,,,,,,,,,,,,,,,,,,,
,,,,,,,,,,,,,,,,,,,,,,,,,,,,,,,,,,,,,,,,,,,,,,,,,
,,,,,,,,,,,,,,,,,,,,,,,,,,,,,,,,,,,,,,,,,,,,,,,,,
,,,,,,,,,,,,,,,,,,,,,,,,,,,,,,,,,,,,,,,,,,,,,,,,,
,,,,,,,,,,,,,,,,,,,,,,,,,,,,,,,,,,,,,,,,,,,,,,,,,
,,,,,,,,,,,,,,,,,,,,,,,,,,,,,,,,,,,,,,,,,,,,,,,,,
,,,,,,,,,,,,,,,,,,,,,,,,,,,,,,,,,,,,,,,,,,,,,,,,,
