,,,,,,,,,,,,,,,,,,,,,,,,,,,,,,,,,,,,,,,,,,,,,,,,,
,,,,,,,,,,,,,,,,,,,,,,,,,,,,,,,,,,,,,,,,,,,,,,,,,
,,,,,,,,,,,,,,,,,,,,,,,,,,,,,,,,,,,,,,,,,,,,,,,,,
,,,,,,,,,,,,,,,,,,,,,,,,,,,,,,,,,,,,,,,,,,,,,,,,,
,,,,,,,,,,,,,,,,,,,,,,,,,,,,,,,,,,,,,,,,,,,,,,,,,
,,,,,,,,,,,,,,,,,,,,,,,,,,,,,,,,,,,,,,,,,,,,,,,,,
,,,,,,,,,,,,,,,,,,,,,,,,,,,,,,,,,,,,,,,,,,,,,,,,,
-1,-1,-1,-1,-1,-1,-1,,,,,,,,,,-1,-1,-1,-1,-1,-1,-1,,,,,,,,,-1,-1,-1,-1,-1,-1,-1,,,,,,,,,,,,
-1,-1,-1,-1,-1,-1,-1,,,,,,,,,,-1,-1,-1,-1,-1,-1,-1,,,,,,,,,-1,-1,-1,-1,-1,-1,-1,,,,,,,,,,,,
-1,-1,-1,-1,-1,-1,-1,,,,,,,,,,-1,-1,-1,-1,-1,-1,-1,,,,,,,,,-1,-1,-1,-1,-1,-1,-1,,,,,,,,,,,,
-1,-1,-1,-1,-1,-1,-1,,,,,,,,,,-1,-1,-1,-1,-1,-1,-1,,,,,,,,,-1,-1,-1,-1,-1,-1,-1,,,,,,,,,,,,
-1,-1,-1,-1,-1,-1,-1,,,,,,,,,,-1,-1,-1,-1,-1,-1,-1,,,,,,,,,-1,-1,-1,-1,-1,-1,-1,,,,,,,,,,,,
-1,-1,-1,-1,-1,-1,-1,,,,,,,,,,-1,-1,-1,-1,-1,-1,-1,,,,,,,,,-1,-1,-1,-1,-1,-1,-1,,,,,,,,,,,,
-1,-1,-1,-1,-1,-1,-1,,,,,,,,,,-1,-1,-1,-1,-1,-1,-1,,,,,,,,,-1,-1,-1,-1,-1,-1,-1,,,,,,,,,,,,
,,,,,,,,,,,,,,,,,,,,,,,,,,,,,,,,,,,,,,,,,,,,,,,,,
,1,30,23,41,15,17,35,,,,,,,,,,,,,,,,,,,,,,,1,30,23,9,31,46,49,,,,,,,,,,,,,
,48,11,12,13,14,16,28,,,,,,,,,,,,,,,,,,,,,,,41,15,17,39,20,44,8,,,,,,,,,,,,,
,10,32,33,37,38,18,42,,,,,,,,,,,,,,,,,,,,,,,35,48,11,29,45,43,40,,,,,,,,,,,,,
,9,31,46,49,39,20,44,,,,,,,,,,,,,,,,,,,,,,,12,13,14,21,36,7,27,,,,,,,,,,,,,
,8,29,45,43,40,21,36,,,,,,,,,,,,,,,,,,,,,,,16,28,10,26,25,24,22,,,,,,,,,,,,,
,7,27,26,25,24,22,19,,,,,,,,,,,,,,,,,,,,,,,32,33,37,19,6,5,4,,,,,,,,,,,,,
,6,5,4,3,2,47,34,,,,,,,,,,,,,,,,,,,,,,,38,18,42,3,2,47,34,,,,,,,,,,,,,
,,,,,,,,,,,,,,,,,,,,,,,,,,,,,,,,,,,,,,,,,,,,,,,,,
,,,,,,,,,,,,,,,,,,,,,,,,,,,,,,,,,,,,,,,,,,,,,,,,,
,,,,,,,,,,,,,,,,,,,,,,,,,,,,,,,,,,,,,,,,,,,,,,,,,
,,,,,,,,,,,,,,,,,,,,,,,,,,,,,,,,,,,,,,,,,,,,,,,,,
,,,,,,,,,,,,,,,,,,,,,,,,,,,,,,,,,,,,,,,,,,,,,,,,,
,,,,,,,,,,,,,,,,,,,,,,,,,,,,,,,,,,,,,,,,,,,,,,,,,
,,,,,,,,,,,,,,,,,,,,,,,,,,,,,,,,,,,,,,,,,,,,,,,,,
,,,,,,,,,,,,,,,,,,,,,,,,,,,,,,,,,,,,,,,,,,,,,,,,,
,,,,,,,,,,,,,,,,,,,,,,,,,,,,,,,,,,,,,,,,,,,,,,,,,
,,,,,,,,,,,,,,,,,,,,,,,,,,,,,,,,,,,,,,,,,,,,,,,,,
,,,,,,,,,,,,,,,,,,,,,,,,,,,,,,,,,,,,,,,,,,,,,,,,,
,,,,,,,,,,,,,,,,,,,,,,,,,,,,,,,,,,,,,,,,,,,,,,,,,
,,,,,,,,,,,,,,,,,,,,,,,,,,,,,,,,,,,,,,,,,,,,,,,,,
,,,,,,,,,,,,,,,,,,,,,,,,,,,,,,,,,,,,,,,,,,,,,,,,,
,,,,,,,,,,,,,,,,,,,,,,,,,,,,,,,,,,,,,,,,,,,,,,,,,
,,,,,,,,,,,,,,,,,,,,,,,,,,,,,,,,,,,,,,,,,,,,,,,,,
,,,,,,,,,,,,,,,,,,,,,,,,,,,,,,,,,,,,,,,,,,,,,,,,,
,,,,,,,,,,,,,,,,,,,,,,,,,,,,,,,,,,,,,,,,,,,,,,,,,
,,,,,,,,,,,,,,,,,,,,,,,,,,,,,,,,,,,,,,,,,,,,,,,,,
,,,,,,,,,,,,,,,,,,,,,,,,,,,,,,,,,,,,,,,,,,,,,,,,,
,,,,,,,,,,,,,,,,,,,,,,,,,,,,,,,,,,,,,,,,,,,,,,,,,
,,,,,,,,,,,,,,,,,,,,,,,,,,,,,,,,,,,,,,,,,,,,,,,,,
,,,,,,,,,,,,,,,,,,,,,,,,,,,,,,,,,,,,,,,,,,,,,,,,,
,,,,,,,,,,,,,,,,,,,,,,,,,,,,,,,,,,,,,,,,,,,,,,,,,
,,,,,,,,,,,,,,,,,,,,,,,,,,,,,,,,,,,,,,,,,,,,,,,,,
,,,,,,,,,,,,,,,,,,,,,,,,,,,,,,,,,,,,,,,,,,,,,,,,,
,,,,,,,,,,,,,,,,,,,,,,,,,,,,,,,,,,,,,,,,,,,,,,,,,
,,,,,,,,,,,,,,,,,,,,,,,,,,,,,,,,,,,,,,,,,,,,,,,,,
,,,,,,,,,,,,,,,,,,,,,,,,,,,,,,,,,,,,,,,,,,,,,,,,,
,,,,,,,,,,,,,,,,,,,,,,,,,,,,,,,,,,,,,,,,,,,,,,,,,
,,,,,,,,,,,,,,,,,,,,,,,,,,,,,,,,,,,,,,,,,,,,,,,,,
,,,,,,,,,,,,,,,,,,,,,,,,,,,,,,,,,,,,,,,,,,,,,,,,,
,,,,,,,,,,,,,,,,,,,,,,,,,,,,,,,,,,,,,,,,,,,,,,,,,
,,,,,,,,,,,,,,,,,,,,,,,,,,,,,,,,,,,,,,,,,,,,,,,,,
,,,,,,,,,,,,,,,,,,,,,,,,,,,,,,,,,,,,,,,,,,,,,,,,,
,,,,,,,,,,,,,,,,,,,,,,,,,,,,,,,,,,,,,,,,,,,,,,,,,
,,,,,,,,,,,,,,,,,,,,,,,,,,,,,,,,,,,,,,,,,,,,,,,,,
