,,,,,,,,,,,,,,,,,,,,,,,,,,,,,,,,,,,,,,,,,,,,,,,,,,,,,,,,,,,,,,,,,-1,-1
,,,,,,,,,,,,,,,,,,,,,,,,,,,,,,,,,,,,,,,,,,,,,,,,,,,,,,,,,,,,,,,,,-1,-1
,,,,,,,,,,,,,,,,,,,,,,,,,,,,,,,,,,,,,,,,,,,,,,,,,,,,,,,,,,,,,,,,,-1,-1
,,,,,,,,,,,,,,,,,,,,,,,,,,,,,,,,,,,,,,,,,,,,,,,,,,,,,,,,,,,,,,,,,-1,-1
,,,,,,,,,,,,,,,,,,,,,,,,,,,,,,,,,,,,,,,,,,,,,,,,,,,,,,,,,,,,,,,,,-1,-1
,,,,,,,,,,,,,,,,,,,,,,,,,,,,,,,,,,,,,,,,,,,,,,,,,,,,,,,,,,,,,,,,,-1,-1
,,,,,,,,,,,,,,,,,,,,,,,,,,,,,,,,,,,,,,,,,,,,,,,,,,,,,,,,,,,,,,,,,-1,-1
1,-1,21,,,,,,,,,,,,,,1,-1,21,,,,,,,,,,,,,,,,1,-1,21,,,,,,,,,,,,,,,,,,,,,,,,,,,,,-1,-1
22,-1,42,,,,,,,,,,,,,,2,-1,22,,,,,,,,,,,,,,,,2,-1,22,,,,,,,,,,,,,,,,,,,,,,,,,,,,,-1,-1
43,-1,14,,,,,,,,,,,,,,3,-1,23,,,,,,,,,,,,,,,,3,-1,23,,,,,,,,,,,,,,,,,,,,,,,,,,,,,-1,-1
15,-1,35,,,,,,,,,,,,,,4,-1,24,,,,,,,,,,,,,,,,4,-1,24,,,,,,,,,,,,,,,,,,,,,,,,,,,,,-1,-1
36,-1,7,,,,,,,,,,,,,,5,-1,25,,,,,,,,,,,,,,,,5,-1,25,,,,,,,,,,,,,,,,,,,,,,,,,,,,,-1,-1
8,-1,28,,,,,,,,,,,,,,6,-1,26,,,,,,,,,,,,,,,,31,-1,26,,,,,,,,,,,,,,,,,,,,,,,,,,,,,-1,-1
29,-1,49,,,,,,,,,,,,,,7,-1,27,,,,,,,,,,,,,,,,32,-1,27,,,,,,,,,,,,,,,,,,,,,,,,,,,,,-1,-1
2,-1,23,,,,,,,,,,,,,,8,-1,28,,,,,,,,,,,,,,,,33,-1,28,,,,,,,,,,,,,,,,,,,,,,,,,,,,,-1,-1
5,-1,26,,,,,,,,,,,,,,9,-1,29,,,,,,,,,,,,,,,,34,-1,29,,,,,,,,,,,,,,,,,,,,,,,,,,,,,-1,-1
9,-1,30,,,,,,,,,,,,,,10,-1,30,,,,,,,,,,,,,,,,35,-1,30,,,,,,,,,,,,,,,,,,,,,,,,,,,,,-1,-1
31,-1,3,,,,,,,,,,,,,,31,-1,32,,,,,,,,,,,,,,,,6,-1,7,,,,,,,,,,,,,,,,,,,,,,,,,,,,,-1,-1
13,-1,34,,,,,,,,,,,,,,42,-1,43,,,,,,,,,,,,,,,,17,-1,18,,,,,,,,,,,,,,,,,,,,,,,,,,,,,-1,-1
45,-1,17,,,,,,,,,,,,,,34,-1,35,,,,,,,,,,,,,,,,9,-1,10,,,,,,,,,,,,,,,,,,,,,,,,,,,,,-1,-1
27,-1,48,,,,,,,,,,,,,,45,-1,46,,,,,,,,,,,,,,,,20,-1,46,,,,,,,,,,,,,,,,,,,,,,,,,,,,,-1,-1
10,-1,33,,,,,,,,,,,,,,37,-1,38,,,,,,,,,,,,,,,,37,-1,38,,,,,,,,,,,,,,,,,,,,,,,,,,,,,-1,-1
44,-1,47,,,,,,,,,,,,,,48,-1,49,,,,,,,,,,,,,,,,48,-1,49,,,,,,,,,,,,,,,,,,,,,,,,,,,,,-1,-1
40,,,,,,,,,,,,,,,,40,,,,,,,,,,,,,,,,,,40,,,,,,,,,,,,,,,,,,,,,,,,,,,,,,,-1,-1
,,11,,,,,,,,,,,,,,,,11,,,,,,,,,,,,,,,,,,11,,,,,,,,,,,,,,,,,,,,,,,,,,,,,-1,-1
16,,32,,,,,,,,,,,,,,19,,12,,,,,,,,,,,,,,,,44,,12,,,,,,,,,,,,,,,,,,,,,,,,,,,,,-1,-1
19,,4,,,,,,,,,,,,,,20,,13,,,,,,,,,,,,,,,,45,,13,,,,,,,,,,,,,,,,,,,,,,,,,,,,,-1,-1
41,,25,,,,,,,,,,,,,,41,,14,,,,,,,,,,,,,,,,16,,14,,,,,,,,,,,,,,,,,,,,,,,,,,,,,-1,-1
24,,46,,,,,,,,,,,,,,33,,15,,,,,,,,,,,,,,,,8,,15,,,,,,,,,,,,,,,,,,,,,,,,,,,,,-1,-1
6,,18,,,,,,,,,,,,,,44,,16,,,,,,,,,,,,,,,,19,,41,,,,,,,,,,,,,,,,,,,,,,,,,,,,,-1,-1
38,,39,,,,,,,,,,,,,,36,,17,,,,,,,,,,,,,,,,36,,42,,,,,,,,,,,,,,,,,,,,,,,,,,,,,-1,-1
20,,12,,,,,,,,,,,,,,47,,18,,,,,,,,,,,,,,,,47,,43,,,,,,,,,,,,,,,,,,,,,,,,,,,,,-1,-1
37,,,,,,,,,,,,,,,,39,,,,,,,,,,,,,,,,,,39,,,,,,,,,,,,,,,,,,,,,,,,,,,,,,,-1,-1
,,,,,,,,,,,,,,,,,,,,,,,,,,,,,,,,,,,,,,,,,,,,,,,,,,,,,,,,,,,,,,,,,-1,-1
,,,,,,,,,,,,,,,,,,,,,,,,,,,,,,,,,,,,,,,,,,,,,,,,,,,,,,,,,,,,,,,,,-1,-1
,,,,,,,,,,,,,,,,,,,,,,,,,,,,,,,,,,,,,,,,,,,,,,,,,,,,,,,,,,,,,,,,,-1,-1
,,,,,,,,,,,,,,,,,,,,,,,,,,,,,,,,,,,,,,,,,,,,,,,,,,,,,,,,,,,,,,,,,-1,-1
,,,,,,,,,,,,,,,,,,,,,,,,,,,,,,,,,,,,,,,,,,,,,,,,,,,,,,,,,,,,,,,,,-1,-1
,,,,,,,,,,,,,,,,,,,,,,,,,,,,,,,,,,,,,,,,,,,,,,,,,,,,,,,,,,,,,,,,,-1,-1
,,,,,,,,,,,,,,,,,,,,,,,,,,,,,,,,,,,,,,,,,,,,,,,,,,,,,,,,,,,,,,,,,-1,-1
,,,,,,,,,,,,,,,,,,,,,,,,,,,,,,,,,,,,,,,,,,,,,,,,,,,,,,,,,,,,,,,,,-1,-1
,,,,,,,,,,,,,,,,,,,,,,,,,,,,,,,,,,,,,,,,,,,,,,,,,,,,,,,,,,,,,,,,,-1,-1
,,,,,,,,,,,,,,,,,,,,,,,,,,,,,,,,,,,,,,,,,,,,,,,,,,,,,,,,,,,,,,,,,-1,-1
,,,,,,,,,,,,,,,,,,,,,,,,,,,,,,,,,,,,,,,,,,,,,,,,,,,,,,,,,,,,,,,,,-1,-1
,,,,,,,,,,,,,,,,,,,,,,,,,,,,,,,,,,,,,,,,,,,,,,,,,,,,,,,,,,,,,,,,,-1,-1
,,,,,,,,,,,,,,,,,,,,,,,,,,,,,,,,,,,,,,,,,,,,,,,,,,,,,,,,,,,,,,,,,-1,-1
,,,,,,,,,,,,,,,,,,,,,,,,,,,,,,,,,,,,,,,,,,,,,,,,,,,,,,,,,,,,,,,,,-1,-1
,,,,,,,,,,,,,,,,,,,,,,,,,,,,,,,,,,,,,,,,,,,,,,,,,,,,,,,,,,,,,,,,,-1,-1
,,,,,,,,,,,,,,,,,,,,,,,,,,,,,,,,,,,,,,,,,,,,,,,,,,,,,,,,,,,,,,,,,-1,-1
,,,,,,,,,,,,,,,,,,,,,,,,,,,,,,,,,,,,,,,,,,,,,,,,,,,,,,,,,,,,,,,,,-1,-1
,,,,,,,,,,,,,,,,,,,,,,,,,,,,,,,,,,,,,,,,,,,,,,,,,,,,,,,,,,,,,,,,,-1,-1
,,,,,,,,,,,,,,,,,,,,,,,,,,,,,,,,,,,,,,,,,,,,,,,,,,,,,,,,,,,,,,,,,-1,-1
,,,,,,,,,,,,,,,,,,,,,,,,,,,,,,,,,,,,,,,,,,,,,,,,,,,,,,,,,,,,,,,,,-1,-1
,,,,,,,,,,,,,,,,,,,,,,,,,,,,,,,,,,,,,,,,,,,,,,,,,,,,,,,,,,,,,,,,,-1,-1
,,,,,,,,,,,,,,,,,,,,,,,,,,,,,,,,,,,,,,,,,,,,,,,,,,,,,,,,,,,,,,,,,-1,-1
,,,,,,,,,,,,,,,,,,,,,,,,,,,,,,,,,,,,,,,,,,,,,,,,,,,,,,,,,,,,,,,,,-1,-1
,,,,,,,,,,,,,,,,,,,,,,,,,,,,,,,,,,,,,,,,,,,,,,,,,,,,,,,,,,,,,,,,,-1,-1
,,,,,,,,,,,,,,,,,,,,,,,,,,,,,,,,,,,,,,,,,,,,,,,,,,,,,,,,,,,,,,,,,-1,-1
,,,,,,,,,,,,,,,,,,,,,,,,,,,,,,,,,,,,,,,,,,,,,,,,,,,,,,,,,,,,,,,,,-1,-1
