,,,,,,,,,,,,,,,,,,,,,,,,,,,,,,,,,,,,,,,,,,,,,,,,,,,,,,,,,,,,,,,,,-1,-1
,,,,,,,,,,,,,,,,,,,,,,,,,,,,,,,,,,,,,,,,,,,,,,,,,,,,,,,,,,,,,,,,,-1,-1
,,,,,,,,,,,,,,,,,,,,,,,,,,,,,,,,,,,,,,,,,,,,,,,,,,,,,,,,,,,,,,,,,-1,-1
,,,,,,,,,,,,,,,,,,,,,,,,,,,,,,,,,,,,,,,,,,,,,,,,,,,,,,,,,,,,,,,,,-1,-1
,,,,,,,,,,,,,,,,,,,,,,,,,,,,,,,,,,,,,,,,,,,,,,,,,,,,,,,,,,,,,,,,,-1,-1
,,,,,,,,,,,,,,,,,,,,,,,,,,,,,,,,,,,,,,,,,,,,,,,,,,,,,,,,,,,,,,,,,-1,-1
,,,,,,,,,,,,,,,,,,,,,,,,,,,,,,,,,,,,,,,,,,,,,,,,,,,,,,,,,,,,,,,,,-1,-1
1,-1,5,,,,,,,,,,,,,,1,-1,5,,,,,,,,,,,,,,,,1,-1,5,,,,,,,,,,,,,,,,,,,,,,,,,,,,,-1,-1
15,-1,19,,,,,,,,,,,,,,11,-1,15,,,,,,,,,,,,,,,,11,-1,15,,,,,,,,,,,,,,,,,,,,,,,,,,,,,-1,-1
29,-1,33,,,,,,,,,,,,,,21,-1,25,,,,,,,,,,,,,,,,21,-1,25,,,,,,,,,,,,,,,,,,,,,,,,,,,,,-1,-1
43,-1,47,,,,,,,,,,,,,,31,-1,35,,,,,,,,,,,,,,,,31,-1,35,,,,,,,,,,,,,,,,,,,,,,,,,,,,,-1,-1
8,-1,12,,,,,,,,,,,,,,41,-1,45,,,,,,,,,,,,,,,,41,-1,45,,,,,,,,,,,,,,,,,,,,,,,,,,,,,-1,-1
22,-1,26,,,,,,,,,,,,,,2,-1,6,,,,,,,,,,,,,,,,7,-1,6,,,,,,,,,,,,,,,,,,,,,,,,,,,,,-1,-1
36,-1,40,,,,,,,,,,,,,,12,-1,16,,,,,,,,,,,,,,,,17,-1,16,,,,,,,,,,,,,,,,,,,,,,,,,,,,,-1,-1
11,-1,25,,,,,,,,,,,,,,22,-1,26,,,,,,,,,,,,,,,,27,-1,26,,,,,,,,,,,,,,,,,,,,,,,,,,,,,-1,-1
41,-1,6,,,,,,,,,,,,,,32,-1,36,,,,,,,,,,,,,,,,37,-1,36,,,,,,,,,,,,,,,,,,,,,,,,,,,,,-1,-1
32,-1,46,,,,,,,,,,,,,,42,-1,46,,,,,,,,,,,,,,,,47,-1,46,,,,,,,,,,,,,,,,,,,,,,,,,,,,,-1,-1
7,-1,21,,,,,,,,,,,,,,7,-1,17,,,,,,,,,,,,,,,,2,-1,12,,,,,,,,,,,,,,,,,,,,,,,,,,,,,-1,-1
23,-1,37,,,,,,,,,,,,,,19,-1,29,,,,,,,,,,,,,,,,14,-1,24,,,,,,,,,,,,,,,,,,,,,,,,,,,,,-1,-1
49,-1,14,,,,,,,,,,,,,,37,-1,47,,,,,,,,,,,,,,,,32,-1,42,,,,,,,,,,,,,,,,,,,,,,,,,,,,,-1,-1
16,-1,30,,,,,,,,,,,,,,49,-1,10,,,,,,,,,,,,,,,,44,-1,10,,,,,,,,,,,,,,,,,,,,,,,,,,,,,-1,-1
42,-1,27,,,,,,,,,,,,,,18,-1,28,,,,,,,,,,,,,,,,18,-1,28,,,,,,,,,,,,,,,,,,,,,,,,,,,,,-1,-1
39,-1,20,,,,,,,,,,,,,,30,-1,40,,,,,,,,,,,,,,,,30,-1,40,,,,,,,,,,,,,,,,,,,,,,,,,,,,,-1,-1
48,,,,,,,,,,,,,,,,48,,,,,,,,,,,,,,,,,,48,,,,,,,,,,,,,,,,,,,,,,,,,,,,,,,-1,-1
,,3,,,,,,,,,,,,,,,,3,,,,,,,,,,,,,,,,,,3,,,,,,,,,,,,,,,,,,,,,,,,,,,,,-1,-1
34,,17,,,,,,,,,,,,,,34,,13,,,,,,,,,,,,,,,,39,,13,,,,,,,,,,,,,,,,,,,,,,,,,,,,,-1,-1
9,,31,,,,,,,,,,,,,,44,,23,,,,,,,,,,,,,,,,49,,23,,,,,,,,,,,,,,,,,,,,,,,,,,,,,-1,-1
35,,45,,,,,,,,,,,,,,9,,33,,,,,,,,,,,,,,,,4,,33,,,,,,,,,,,,,,,,,,,,,,,,,,,,,-1,-1
2,,10,,,,,,,,,,,,,,27,,43,,,,,,,,,,,,,,,,22,,43,,,,,,,,,,,,,,,,,,,,,,,,,,,,,-1,-1
28,,24,,,,,,,,,,,,,,39,,4,,,,,,,,,,,,,,,,34,,9,,,,,,,,,,,,,,,,,,,,,,,,,,,,,-1,-1
44,,38,,,,,,,,,,,,,,8,,14,,,,,,,,,,,,,,,,8,,19,,,,,,,,,,,,,,,,,,,,,,,,,,,,,-1,-1
18,,13,,,,,,,,,,,,,,20,,24,,,,,,,,,,,,,,,,20,,29,,,,,,,,,,,,,,,,,,,,,,,,,,,,,-1,-1
,,4,,,,,,,,,,,,,,38,,,,,,,,,,,,,,,,,,38,,,,,,,,,,,,,,,,,,,,,,,,,,,,,,,-1,-1
,,,,,,,,,,,,,,,,,,,,,,,,,,,,,,,,,,,,,,,,,,,,,,,,,,,,,,,,,,,,,,,,,-1,-1
,,,,,,,,,,,,,,,,,,,,,,,,,,,,,,,,,,,,,,,,,,,,,,,,,,,,,,,,,,,,,,,,,-1,-1
,,,,,,,,,,,,,,,,,,,,,,,,,,,,,,,,,,,,,,,,,,,,,,,,,,,,,,,,,,,,,,,,,-1,-1
,,,,,,,,,,,,,,,,,,,,,,,,,,,,,,,,,,,,,,,,,,,,,,,,,,,,,,,,,,,,,,,,,-1,-1
,,,,,,,,,,,,,,,,,,,,,,,,,,,,,,,,,,,,,,,,,,,,,,,,,,,,,,,,,,,,,,,,,-1,-1
,,,,,,,,,,,,,,,,,,,,,,,,,,,,,,,,,,,,,,,,,,,,,,,,,,,,,,,,,,,,,,,,,-1,-1
,,,,,,,,,,,,,,,,,,,,,,,,,,,,,,,,,,,,,,,,,,,,,,,,,,,,,,,,,,,,,,,,,-1,-1
,,,,,,,,,,,,,,,,,,,,,,,,,,,,,,,,,,,,,,,,,,,,,,,,,,,,,,,,,,,,,,,,,-1,-1
,,,,,,,,,,,,,,,,,,,,,,,,,,,,,,,,,,,,,,,,,,,,,,,,,,,,,,,,,,,,,,,,,-1,-1
,,,,,,,,,,,,,,,,,,,,,,,,,,,,,,,,,,,,,,,,,,,,,,,,,,,,,,,,,,,,,,,,,-1,-1
,,,,,,,,,,,,,,,,,,,,,,,,,,,,,,,,,,,,,,,,,,,,,,,,,,,,,,,,,,,,,,,,,-1,-1
,,,,,,,,,,,,,,,,,,,,,,,,,,,,,,,,,,,,,,,,,,,,,,,,,,,,,,,,,,,,,,,,,-1,-1
,,,,,,,,,,,,,,,,,,,,,,,,,,,,,,,,,,,,,,,,,,,,,,,,,,,,,,,,,,,,,,,,,-1,-1
,,,,,,,,,,,,,,,,,,,,,,,,,,,,,,,,,,,,,,,,,,,,,,,,,,,,,,,,,,,,,,,,,-1,-1
,,,,,,,,,,,,,,,,,,,,,,,,,,,,,,,,,,,,,,,,,,,,,,,,,,,,,,,,,,,,,,,,,-1,-1
,,,,,,,,,,,,,,,,,,,,,,,,,,,,,,,,,,,,,,,,,,,,,,,,,,,,,,,,,,,,,,,,,-1,-1
,,,,,,,,,,,,,,,,,,,,,,,,,,,,,,,,,,,,,,,,,,,,,,,,,,,,,,,,,,,,,,,,,-1,-1
,,,,,,,,,,,,,,,,,,,,,,,,,,,,,,,,,,,,,,,,,,,,,,,,,,,,,,,,,,,,,,,,,-1,-1
,,,,,,,,,,,,,,,,,,,,,,,,,,,,,,,,,,,,,,,,,,,,,,,,,,,,,,,,,,,,,,,,,-1,-1
,,,,,,,,,,,,,,,,,,,,,,,,,,,,,,,,,,,,,,,,,,,,,,,,,,,,,,,,,,,,,,,,,-1,-1
,,,,,,,,,,,,,,,,,,,,,,,,,,,,,,,,,,,,,,,,,,,,,,,,,,,,,,,,,,,,,,,,,-1,-1
,,,,,,,,,,,,,,,,,,,,,,,,,,,,,,,,,,,,,,,,,,,,,,,,,,,,,,,,,,,,,,,,,-1,-1
,,,,,,,,,,,,,,,,,,,,,,,,,,,,,,,,,,,,,,,,,,,,,,,,,,,,,,,,,,,,,,,,,-1,-1
,,,,,,,,,,,,,,,,,,,,,,,,,,,,,,,,,,,,,,,,,,,,,,,,,,,,,,,,,,,,,,,,,-1,-1
,,,,,,,,,,,,,,,,,,,,,,,,,,,,,,,,,,,,,,,,,,,,,,,,,,,,,,,,,,,,,,,,,-1,-1
,,,,,,,,,,,,,,,,,,,,,,,,,,,,,,,,,,,,,,,,,,,,,,,,,,,,,,,,,,,,,,,,,-1,-1
