,,,,,,,,,,,,,,,,,,,,,,,,,,,,,,,,,,,,,,,,,,,,,,,,,,,,,,,,,,,,,,,,,-1,-1
,,,,,,,,,,,,,,,,,,,,,,,,,,,,,,,,,,,,,,,,,,,,,,,,,,,,,,,,,,,,,,,,,-1,-1
,,,,,,,,,,,,,,,,,,,,,,,,,,,,,,,,,,,,,,,,,,,,,,,,,,,,,,,,,,,,,,,,,-1,-1
,,,,,,,,,,,,,,,,,,,,,,,,,,,,,,,,,,,,,,,,,,,,,,,,,,,,,,,,,,,,,,,,,-1,-1
,,,,,,,,,,,,,,,,,,,,,,,,,,,,,,,,,,,,,,,,,,,,,,,,,,,,,,,,,,,,,,,,,-1,-1
,,,,,,,,,,,,,,,,,,,,,,,,,,,,,,,,,,,,,,,,,,,,,,,,,,,,,,,,,,,,,,,,,-1,-1
,,,,,,,,,,,,,,,,,,,,,,,,,,,,,,,,,,,,,,,,,,,,,,,,,,,,,,,,,,,,,,,,,-1,-1
1,-1,2,,,,,,,,,,,,,,1,-1,2,,,,,,,,,,,,,,,,1,-1,2,,,,,,,,,,,,,,,,,,,,,,,,,,,,,-1,-1
21,-1,4,,,,,,,,,,,,,,3,-1,21,,,,,,,,,,,,,,,,3,-1,21,,,,,,,,,,,,,,,,,,,,,,,,,,,,,-1,-1
19,-1,37,,,,,,,,,,,,,,13,-1,36,,,,,,,,,,,,,,,,13,-1,36,,,,,,,,,,,,,,,,,,,,,,,,,,,,,-1,-1
39,-1,49,,,,,,,,,,,,,,28,-1,46,,,,,,,,,,,,,,,,28,-1,46,,,,,,,,,,,,,,,,,,,,,,,,,,,,,-1,-1
8,-1,26,,,,,,,,,,,,,,47,-1,48,,,,,,,,,,,,,,,,47,-1,48,,,,,,,,,,,,,,,,,,,,,,,,,,,,,-1,-1
27,-1,40,,,,,,,,,,,,,,25,-1,43,,,,,,,,,,,,,,,,11,-1,43,,,,,,,,,,,,,,,,,,,,,,,,,,,,,-1,-1
41,-1,15,,,,,,,,,,,,,,26,-1,44,,,,,,,,,,,,,,,,30,-1,44,,,,,,,,,,,,,,,,,,,,,,,,,,,,,-1,-1
3,-1,36,,,,,,,,,,,,,,27,-1,40,,,,,,,,,,,,,,,,45,-1,40,,,,,,,,,,,,,,,,,,,,,,,,,,,,,-1,-1
47,-1,43,,,,,,,,,,,,,,23,-1,41,,,,,,,,,,,,,,,,29,-1,41,,,,,,,,,,,,,,,,,,,,,,,,,,,,,-1,-1
23,-1,42,,,,,,,,,,,,,,24,-1,42,,,,,,,,,,,,,,,,49,-1,42,,,,,,,,,,,,,,,,,,,,,,,,,,,,,-1,-1
11,-1,13,,,,,,,,,,,,,,11,-1,30,,,,,,,,,,,,,,,,25,-1,26,,,,,,,,,,,,,,,,,,,,,,,,,,,,,-1,-1
22,-1,29,,,,,,,,,,,,,,4,-1,19,,,,,,,,,,,,,,,,35,-1,31,,,,,,,,,,,,,,,,,,,,,,,,,,,,,-1,-1
16,-1,35,,,,,,,,,,,,,,29,-1,49,,,,,,,,,,,,,,,,23,-1,24,,,,,,,,,,,,,,,,,,,,,,,,,,,,,-1,-1
44,-1,14,,,,,,,,,,,,,,16,-1,17,,,,,,,,,,,,,,,,33,-1,17,,,,,,,,,,,,,,,,,,,,,,,,,,,,,-1,-1
24,-1,45,,,,,,,,,,,,,,9,-1,5,,,,,,,,,,,,,,,,9,-1,5,,,,,,,,,,,,,,,,,,,,,,,,,,,,,-1,-1
38,-1,18,,,,,,,,,,,,,,14,-1,15,,,,,,,,,,,,,,,,14,-1,15,,,,,,,,,,,,,,,,,,,,,,,,,,,,,-1,-1
7,,,,,,,,,,,,,,,,7,,,,,,,,,,,,,,,,,,7,,,,,,,,,,,,,,,,,,,,,,,,,,,,,,,-1,-1
,,10,,,,,,,,,,,,,,,,10,,,,,,,,,,,,,,,,,,10,,,,,,,,,,,,,,,,,,,,,,,,,,,,,-1,-1
34,,30,,,,,,,,,,,,,,32,,12,,,,,,,,,,,,,,,,38,,12,,,,,,,,,,,,,,,,,,,,,,,,,,,,,-1,-1
32,,28,,,,,,,,,,,,,,33,,22,,,,,,,,,,,,,,,,16,,22,,,,,,,,,,,,,,,,,,,,,,,,,,,,,-1,-1
20,,48,,,,,,,,,,,,,,20,,37,,,,,,,,,,,,,,,,34,,37,,,,,,,,,,,,,,,,,,,,,,,,,,,,,-1,-1
46,,17,,,,,,,,,,,,,,45,,39,,,,,,,,,,,,,,,,27,,39,,,,,,,,,,,,,,,,,,,,,,,,,,,,,-1,-1
25,,31,,,,,,,,,,,,,,38,,34,,,,,,,,,,,,,,,,32,,20,,,,,,,,,,,,,,,,,,,,,,,,,,,,,-1,-1
5,,6,,,,,,,,,,,,,,8,,35,,,,,,,,,,,,,,,,8,,4,,,,,,,,,,,,,,,,,,,,,,,,,,,,,-1,-1
33,,12,,,,,,,,,,,,,,18,,31,,,,,,,,,,,,,,,,18,,19,,,,,,,,,,,,,,,,,,,,,,,,,,,,,-1,-1
9,,,,,,,,,,,,,,,,6,,,,,,,,,,,,,,,,,,6,,,,,,,,,,,,,,,,,,,,,,,,,,,,,,,-1,-1
,,,,,,,,,,,,,,,,,,,,,,,,,,,,,,,,,,,,,,,,,,,,,,,,,,,,,,,,,,,,,,,,,-1,-1
,,,,,,,,,,,,,,,,,,,,,,,,,,,,,,,,,,,,,,,,,,,,,,,,,,,,,,,,,,,,,,,,,-1,-1
,,,,,,,,,,,,,,,,,,,,,,,,,,,,,,,,,,,,,,,,,,,,,,,,,,,,,,,,,,,,,,,,,-1,-1
,,,,,,,,,,,,,,,,,,,,,,,,,,,,,,,,,,,,,,,,,,,,,,,,,,,,,,,,,,,,,,,,,-1,-1
,,,,,,,,,,,,,,,,,,,,,,,,,,,,,,,,,,,,,,,,,,,,,,,,,,,,,,,,,,,,,,,,,-1,-1
,,,,,,,,,,,,,,,,,,,,,,,,,,,,,,,,,,,,,,,,,,,,,,,,,,,,,,,,,,,,,,,,,-1,-1
,,,,,,,,,,,,,,,,,,,,,,,,,,,,,,,,,,,,,,,,,,,,,,,,,,,,,,,,,,,,,,,,,-1,-1
,,,,,,,,,,,,,,,,,,,,,,,,,,,,,,,,,,,,,,,,,,,,,,,,,,,,,,,,,,,,,,,,,-1,-1
,,,,,,,,,,,,,,,,,,,,,,,,,,,,,,,,,,,,,,,,,,,,,,,,,,,,,,,,,,,,,,,,,-1,-1
,,,,,,,,,,,,,,,,,,,,,,,,,,,,,,,,,,,,,,,,,,,,,,,,,,,,,,,,,,,,,,,,,-1,-1
,,,,,,,,,,,,,,,,,,,,,,,,,,,,,,,,,,,,,,,,,,,,,,,,,,,,,,,,,,,,,,,,,-1,-1
,,,,,,,,,,,,,,,,,,,,,,,,,,,,,,,,,,,,,,,,,,,,,,,,,,,,,,,,,,,,,,,,,-1,-1
,,,,,,,,,,,,,,,,,,,,,,,,,,,,,,,,,,,,,,,,,,,,,,,,,,,,,,,,,,,,,,,,,-1,-1
,,,,,,,,,,,,,,,,,,,,,,,,,,,,,,,,,,,,,,,,,,,,,,,,,,,,,,,,,,,,,,,,,-1,-1
,,,,,,,,,,,,,,,,,,,,,,,,,,,,,,,,,,,,,,,,,,,,,,,,,,,,,,,,,,,,,,,,,-1,-1
,,,,,,,,,,,,,,,,,,,,,,,,,,,,,,,,,,,,,,,,,,,,,,,,,,,,,,,,,,,,,,,,,-1,-1
,,,,,,,,,,,,,,,,,,,,,,,,,,,,,,,,,,,,,,,,,,,,,,,,,,,,,,,,,,,,,,,,,-1,-1
,,,,,,,,,,,,,,,,,,,,,,,,,,,,,,,,,,,,,,,,,,,,,,,,,,,,,,,,,,,,,,,,,-1,-1
,,,,,,,,,,,,,,,,,,,,,,,,,,,,,,,,,,,,,,,,,,,,,,,,,,,,,,,,,,,,,,,,,-1,-1
,,,,,,,,,,,,,,,,,,,,,,,,,,,,,,,,,,,,,,,,,,,,,,,,,,,,,,,,,,,,,,,,,-1,-1
,,,,,,,,,,,,,,,,,,,,,,,,,,,,,,,,,,,,,,,,,,,,,,,,,,,,,,,,,,,,,,,,,-1,-1
,,,,,,,,,,,,,,,,,,,,,,,,,,,,,,,,,,,,,,,,,,,,,,,,,,,,,,,,,,,,,,,,,-1,-1
,,,,,,,,,,,,,,,,,,,,,,,,,,,,,,,,,,,,,,,,,,,,,,,,,,,,,,,,,,,,,,,,,-1,-1
,,,,,,,,,,,,,,,,,,,,,,,,,,,,,,,,,,,,,,,,,,,,,,,,,,,,,,,,,,,,,,,,,-1,-1
,,,,,,,,,,,,,,,,,,,,,,,,,,,,,,,,,,,,,,,,,,,,,,,,,,,,,,,,,,,,,,,,,-1,-1
,,,,,,,,,,,,,,,,,,,,,,,,,,,,,,,,,,,,,,,,,,,,,,,,,,,,,,,,,,,,,,,,,-1,-1
