,,,,,,,,,,,,,,,,,,,,,,,,,,,,,,,,,,,,,,,,,,,,,,,,,,,,,,,,,,,,,,,,,-1,-1
,,,,,,,,,,,,,,,,,,,,,,,,,,,,,,,,,,,,,,,,,,,,,,,,,,,,,,,,,,,,,,,,,-1,-1
,,,,,,,,,,,,,,,,,,,,,,,,,,,,,,,,,,,,,,,,,,,,,,,,,,,,,,,,,,,,,,,,,-1,-1
,,,,,,,,,,,,,,,,,,,,,,,,,,,,,,,,,,,,,,,,,,,,,,,,,,,,,,,,,,,,,,,,,-1,-1
,,,,,,,,,,,,,,,,,,,,,,,,,,,,,,,,,,,,,,,,,,,,,,,,,,,,,,,,,,,,,,,,,-1,-1
,,,,,,,,,,,,,,,,,,,,,,,,,,,,,,,,,,,,,,,,,,,,,,,,,,,,,,,,,,,,,,,,,-1,-1
,,,,,,,,,,,,,,,,,,,,,,,,,,,,,,,,,,,,,,,,,,,,,,,,,,,,,,,,,,,,,,,,,-1,-1
1,-1,12,,,,,,,,,,,,,,1,-1,12,,,,,,,,,,,,,,,,1,-1,12,,,,,,,,,,,,,,,,,,,,,,,,,,,,,-1,-1
9,-1,27,,,,,,,,,,,,,,25,-1,9,,,,,,,,,,,,,,,,25,-1,9,,,,,,,,,,,,,,,,,,,,,,,,,,,,,-1,-1
6,-1,46,,,,,,,,,,,,,,29,-1,13,,,,,,,,,,,,,,,,29,-1,13,,,,,,,,,,,,,,,,,,,,,,,,,,,,,-1,-1
11,-1,15,,,,,,,,,,,,,,8,-1,2,,,,,,,,,,,,,,,,8,-1,2,,,,,,,,,,,,,,,,,,,,,,,,,,,,,-1,-1
21,-1,24,,,,,,,,,,,,,,10,-1,14,,,,,,,,,,,,,,,,10,-1,14,,,,,,,,,,,,,,,,,,,,,,,,,,,,,-1,-1
33,-1,35,,,,,,,,,,,,,,17,-1,20,,,,,,,,,,,,,,,,5,-1,20,,,,,,,,,,,,,,,,,,,,,,,,,,,,,-1,-1
40,-1,42,,,,,,,,,,,,,,24,-1,28,,,,,,,,,,,,,,,,18,-1,28,,,,,,,,,,,,,,,,,,,,,,,,,,,,,-1,-1
25,-1,13,,,,,,,,,,,,,,33,-1,35,,,,,,,,,,,,,,,,22,-1,35,,,,,,,,,,,,,,,,,,,,,,,,,,,,,-1,-1
10,-1,20,,,,,,,,,,,,,,38,-1,40,,,,,,,,,,,,,,,,4,-1,40,,,,,,,,,,,,,,,,,,,,,,,,,,,,,-1,-1
38,-1,47,,,,,,,,,,,,,,44,-1,47,,,,,,,,,,,,,,,,15,-1,47,,,,,,,,,,,,,,,,,,,,,,,,,,,,,-1,-1
5,-1,29,,,,,,,,,,,,,,5,-1,18,,,,,,,,,,,,,,,,17,-1,24,,,,,,,,,,,,,,,,,,,,,,,,,,,,,-1,-1
49,-1,4,,,,,,,,,,,,,,27,-1,6,,,,,,,,,,,,,,,,26,-1,34,,,,,,,,,,,,,,,,,,,,,,,,,,,,,-1,-1
16,-1,26,,,,,,,,,,,,,,4,-1,15,,,,,,,,,,,,,,,,38,-1,44,,,,,,,,,,,,,,,,,,,,,,,,,,,,,-1,-1
28,-1,37,,,,,,,,,,,,,,16,-1,23,,,,,,,,,,,,,,,,45,-1,23,,,,,,,,,,,,,,,,,,,,,,,,,,,,,-1,-1
44,-1,22,,,,,,,,,,,,,,30,-1,36,,,,,,,,,,,,,,,,30,-1,36,,,,,,,,,,,,,,,,,,,,,,,,,,,,,-1,-1
7,-1,31,,,,,,,,,,,,,,37,-1,42,,,,,,,,,,,,,,,,37,-1,42,,,,,,,,,,,,,,,,,,,,,,,,,,,,,-1,-1
48,,,,,,,,,,,,,,,,48,,,,,,,,,,,,,,,,,,48,,,,,,,,,,,,,,,,,,,,,,,,,,,,,,,-1,-1
,,3,,,,,,,,,,,,,,,,3,,,,,,,,,,,,,,,,,,3,,,,,,,,,,,,,,,,,,,,,,,,,,,,,-1,-1
19,,18,,,,,,,,,,,,,,39,,43,,,,,,,,,,,,,,,,7,,43,,,,,,,,,,,,,,,,,,,,,,,,,,,,,-1,-1
39,,8,,,,,,,,,,,,,,45,,49,,,,,,,,,,,,,,,,16,,49,,,,,,,,,,,,,,,,,,,,,,,,,,,,,-1,-1
32,,14,,,,,,,,,,,,,,32,,46,,,,,,,,,,,,,,,,19,,46,,,,,,,,,,,,,,,,,,,,,,,,,,,,,-1,-1
2,,23,,,,,,,,,,,,,,22,,11,,,,,,,,,,,,,,,,33,,11,,,,,,,,,,,,,,,,,,,,,,,,,,,,,-1,-1
17,,34,,,,,,,,,,,,,,7,,19,,,,,,,,,,,,,,,,39,,32,,,,,,,,,,,,,,,,,,,,,,,,,,,,,-1,-1
36,,41,,,,,,,,,,,,,,21,,26,,,,,,,,,,,,,,,,21,,27,,,,,,,,,,,,,,,,,,,,,,,,,,,,,-1,-1
45,,43,,,,,,,,,,,,,,31,,34,,,,,,,,,,,,,,,,31,,6,,,,,,,,,,,,,,,,,,,,,,,,,,,,,-1,-1
30,,,,,,,,,,,,,,,,41,,,,,,,,,,,,,,,,,,41,,,,,,,,,,,,,,,,,,,,,,,,,,,,,,,-1,-1
,,,,,,,,,,,,,,,,,,,,,,,,,,,,,,,,,,,,,,,,,,,,,,,,,,,,,,,,,,,,,,,,,-1,-1
,,,,,,,,,,,,,,,,,,,,,,,,,,,,,,,,,,,,,,,,,,,,,,,,,,,,,,,,,,,,,,,,,-1,-1
,,,,,,,,,,,,,,,,,,,,,,,,,,,,,,,,,,,,,,,,,,,,,,,,,,,,,,,,,,,,,,,,,-1,-1
,,,,,,,,,,,,,,,,,,,,,,,,,,,,,,,,,,,,,,,,,,,,,,,,,,,,,,,,,,,,,,,,,-1,-1
,,,,,,,,,,,,,,,,,,,,,,,,,,,,,,,,,,,,,,,,,,,,,,,,,,,,,,,,,,,,,,,,,-1,-1
,,,,,,,,,,,,,,,,,,,,,,,,,,,,,,,,,,,,,,,,,,,,,,,,,,,,,,,,,,,,,,,,,-1,-1
,,,,,,,,,,,,,,,,,,,,,,,,,,,,,,,,,,,,,,,,,,,,,,,,,,,,,,,,,,,,,,,,,-1,-1
,,,,,,,,,,,,,,,,,,,,,,,,,,,,,,,,,,,,,,,,,,,,,,,,,,,,,,,,,,,,,,,,,-1,-1
,,,,,,,,,,,,,,,,,,,,,,,,,,,,,,,,,,,,,,,,,,,,,,,,,,,,,,,,,,,,,,,,,-1,-1
,,,,,,,,,,,,,,,,,,,,,,,,,,,,,,,,,,,,,,,,,,,,,,,,,,,,,,,,,,,,,,,,,-1,-1
,,,,,,,,,,,,,,,,,,,,,,,,,,,,,,,,,,,,,,,,,,,,,,,,,,,,,,,,,,,,,,,,,-1,-1
,,,,,,,,,,,,,,,,,,,,,,,,,,,,,,,,,,,,,,,,,,,,,,,,,,,,,,,,,,,,,,,,,-1,-1
,,,,,,,,,,,,,,,,,,,,,,,,,,,,,,,,,,,,,,,,,,,,,,,,,,,,,,,,,,,,,,,,,-1,-1
,,,,,,,,,,,,,,,,,,,,,,,,,,,,,,,,,,,,,,,,,,,,,,,,,,,,,,,,,,,,,,,,,-1,-1
,,,,,,,,,,,,,,,,,,,,,,,,,,,,,,,,,,,,,,,,,,,,,,,,,,,,,,,,,,,,,,,,,-1,-1
,,,,,,,,,,,,,,,,,,,,,,,,,,,,,,,,,,,,,,,,,,,,,,,,,,,,,,,,,,,,,,,,,-1,-1
,,,,,,,,,,,,,,,,,,,,,,,,,,,,,,,,,,,,,,,,,,,,,,,,,,,,,,,,,,,,,,,,,-1,-1
,,,,,,,,,,,,,,,,,,,,,,,,,,,,,,,,,,,,,,,,,,,,,,,,,,,,,,,,,,,,,,,,,-1,-1
,,,,,,,,,,,,,,,,,,,,,,,,,,,,,,,,,,,,,,,,,,,,,,,,,,,,,,,,,,,,,,,,,-1,-1
,,,,,,,,,,,,,,,,,,,,,,,,,,,,,,,,,,,,,,,,,,,,,,,,,,,,,,,,,,,,,,,,,-1,-1
,,,,,,,,,,,,,,,,,,,,,,,,,,,,,,,,,,,,,,,,,,,,,,,,,,,,,,,,,,,,,,,,,-1,-1
,,,,,,,,,,,,,,,,,,,,,,,,,,,,,,,,,,,,,,,,,,,,,,,,,,,,,,,,,,,,,,,,,-1,-1
,,,,,,,,,,,,,,,,,,,,,,,,,,,,,,,,,,,,,,,,,,,,,,,,,,,,,,,,,,,,,,,,,-1,-1
,,,,,,,,,,,,,,,,,,,,,,,,,,,,,,,,,,,,,,,,,,,,,,,,,,,,,,,,,,,,,,,,,-1,-1
,,,,,,,,,,,,,,,,,,,,,,,,,,,,,,,,,,,,,,,,,,,,,,,,,,,,,,,,,,,,,,,,,-1,-1
,,,,,,,,,,,,,,,,,,,,,,,,,,,,,,,,,,,,,,,,,,,,,,,,,,,,,,,,,,,,,,,,,-1,-1
