,,,,,,,,,,,,,,,,,,,,,,,,,,,,,,,,,,,,,,,,,,,,,,,,,,,,,,,,,,,,,,,,,-1,-1
,,,,,,,,,,,,,,,,,,,,,,,,,,,,,,,,,,,,,,,,,,,,,,,,,,,,,,,,,,,,,,,,,-1,-1
,,,,,,,,,,,,,,,,,,,,,,,,,,,,,,,,,,,,,,,,,,,,,,,,,,,,,,,,,,,,,,,,,-1,-1
,,,,,,,,,,,,,,,,,,,,,,,,,,,,,,,,,,,,,,,,,,,,,,,,,,,,,,,,,,,,,,,,,-1,-1
,,,,,,,,,,,,,,,,,,,,,,,,,,,,,,,,,,,,,,,,,,,,,,,,,,,,,,,,,,,,,,,,,-1,-1
,,,,,,,,,,,,,,,,,,,,,,,,,,,,,,,,,,,,,,,,,,,,,,,,,,,,,,,,,,,,,,,,,-1,-1
,,,,,,,,,,,,,,,,,,,,,,,,,,,,,,,,,,,,,,,,,,,,,,,,,,,,,,,,,,,,,,,,,-1,-1
1,-1,23,,,,,,,,,,,,,,1,-1,23,,,,,,,,,,,,,,,,1,-1,23,,,,,,,,,,,,,,,,,,,,,,,,,,,,,-1,-1
28,-1,44,,,,,,,,,,,,,,17,-1,28,,,,,,,,,,,,,,,,17,-1,28,,,,,,,,,,,,,,,,,,,,,,,,,,,,,-1,-1
2,-1,4,,,,,,,,,,,,,,36,-1,34,,,,,,,,,,,,,,,,36,-1,34,,,,,,,,,,,,,,,,,,,,,,,,,,,,,-1,-1
9,-1,48,,,,,,,,,,,,,,3,-1,5,,,,,,,,,,,,,,,,3,-1,5,,,,,,,,,,,,,,,,,,,,,,,,,,,,,-1,-1
16,-1,20,,,,,,,,,,,,,,8,-1,10,,,,,,,,,,,,,,,,8,-1,10,,,,,,,,,,,,,,,,,,,,,,,,,,,,,-1,-1
26,-1,29,,,,,,,,,,,,,,12,-1,14,,,,,,,,,,,,,,,,41,-1,14,,,,,,,,,,,,,,,,,,,,,,,,,,,,,-1,-1
38,-1,40,,,,,,,,,,,,,,20,-1,22,,,,,,,,,,,,,,,,42,-1,22,,,,,,,,,,,,,,,,,,,,,,,,,,,,,-1,-1
17,-1,34,,,,,,,,,,,,,,26,-1,29,,,,,,,,,,,,,,,,47,-1,29,,,,,,,,,,,,,,,,,,,,,,,,,,,,,-1,-1
8,-1,14,,,,,,,,,,,,,,33,-1,38,,,,,,,,,,,,,,,,6,-1,38,,,,,,,,,,,,,,,,,,,,,,,,,,,,,-1,-1
33,-1,46,,,,,,,,,,,,,,43,-1,46,,,,,,,,,,,,,,,,48,-1,46,,,,,,,,,,,,,,,,,,,,,,,,,,,,,-1,-1
41,-1,36,,,,,,,,,,,,,,41,-1,42,,,,,,,,,,,,,,,,12,-1,20,,,,,,,,,,,,,,,,,,,,,,,,,,,,,-1,-1
19,-1,6,,,,,,,,,,,,,,44,-1,2,,,,,,,,,,,,,,,,21,-1,27,,,,,,,,,,,,,,,,,,,,,,,,,,,,,-1,-1
11,-1,21,,,,,,,,,,,,,,6,-1,48,,,,,,,,,,,,,,,,33,-1,43,,,,,,,,,,,,,,,,,,,,,,,,,,,,,-1,-1
22,-1,32,,,,,,,,,,,,,,11,-1,18,,,,,,,,,,,,,,,,45,-1,18,,,,,,,,,,,,,,,,,,,,,,,,,,,,,-1,-1
43,-1,47,,,,,,,,,,,,,,24,-1,31,,,,,,,,,,,,,,,,24,-1,31,,,,,,,,,,,,,,,,,,,,,,,,,,,,,-1,-1
7,-1,25,,,,,,,,,,,,,,32,-1,40,,,,,,,,,,,,,,,,32,-1,40,,,,,,,,,,,,,,,,,,,,,,,,,,,,,-1,-1
49,,,,,,,,,,,,,,,,49,,,,,,,,,,,,,,,,,,49,,,,,,,,,,,,,,,,,,,,,,,,,,,,,,,-1,-1
,,30,,,,,,,,,,,,,,,,30,,,,,,,,,,,,,,,,,,30,,,,,,,,,,,,,,,,,,,,,,,,,,,,,-1,-1
13,,42,,,,,,,,,,,,,,37,,35,,,,,,,,,,,,,,,,7,,35,,,,,,,,,,,,,,,,,,,,,,,,,,,,,-1,-1
37,,3,,,,,,,,,,,,,,45,,19,,,,,,,,,,,,,,,,11,,19,,,,,,,,,,,,,,,,,,,,,,,,,,,,,-1,-1
15,,10,,,,,,,,,,,,,,15,,4,,,,,,,,,,,,,,,,13,,4,,,,,,,,,,,,,,,,,,,,,,,,,,,,,-1,-1
5,,18,,,,,,,,,,,,,,47,,9,,,,,,,,,,,,,,,,26,,9,,,,,,,,,,,,,,,,,,,,,,,,,,,,,-1,-1
12,,27,,,,,,,,,,,,,,7,,13,,,,,,,,,,,,,,,,37,,15,,,,,,,,,,,,,,,,,,,,,,,,,,,,,-1,-1
31,,39,,,,,,,,,,,,,,16,,21,,,,,,,,,,,,,,,,16,,44,,,,,,,,,,,,,,,,,,,,,,,,,,,,,-1,-1
45,,35,,,,,,,,,,,,,,25,,27,,,,,,,,,,,,,,,,25,,2,,,,,,,,,,,,,,,,,,,,,,,,,,,,,-1,-1
24,,,,,,,,,,,,,,,,39,,,,,,,,,,,,,,,,,,39,,,,,,,,,,,,,,,,,,,,,,,,,,,,,,,-1,-1
,,,,,,,,,,,,,,,,,,,,,,,,,,,,,,,,,,,,,,,,,,,,,,,,,,,,,,,,,,,,,,,,,-1,-1
,,,,,,,,,,,,,,,,,,,,,,,,,,,,,,,,,,,,,,,,,,,,,,,,,,,,,,,,,,,,,,,,,-1,-1
,,,,,,,,,,,,,,,,,,,,,,,,,,,,,,,,,,,,,,,,,,,,,,,,,,,,,,,,,,,,,,,,,-1,-1
,,,,,,,,,,,,,,,,,,,,,,,,,,,,,,,,,,,,,,,,,,,,,,,,,,,,,,,,,,,,,,,,,-1,-1
,,,,,,,,,,,,,,,,,,,,,,,,,,,,,,,,,,,,,,,,,,,,,,,,,,,,,,,,,,,,,,,,,-1,-1
,,,,,,,,,,,,,,,,,,,,,,,,,,,,,,,,,,,,,,,,,,,,,,,,,,,,,,,,,,,,,,,,,-1,-1
,,,,,,,,,,,,,,,,,,,,,,,,,,,,,,,,,,,,,,,,,,,,,,,,,,,,,,,,,,,,,,,,,-1,-1
,,,,,,,,,,,,,,,,,,,,,,,,,,,,,,,,,,,,,,,,,,,,,,,,,,,,,,,,,,,,,,,,,-1,-1
,,,,,,,,,,,,,,,,,,,,,,,,,,,,,,,,,,,,,,,,,,,,,,,,,,,,,,,,,,,,,,,,,-1,-1
,,,,,,,,,,,,,,,,,,,,,,,,,,,,,,,,,,,,,,,,,,,,,,,,,,,,,,,,,,,,,,,,,-1,-1
,,,,,,,,,,,,,,,,,,,,,,,,,,,,,,,,,,,,,,,,,,,,,,,,,,,,,,,,,,,,,,,,,-1,-1
,,,,,,,,,,,,,,,,,,,,,,,,,,,,,,,,,,,,,,,,,,,,,,,,,,,,,,,,,,,,,,,,,-1,-1
,,,,,,,,,,,,,,,,,,,,,,,,,,,,,,,,,,,,,,,,,,,,,,,,,,,,,,,,,,,,,,,,,-1,-1
,,,,,,,,,,,,,,,,,,,,,,,,,,,,,,,,,,,,,,,,,,,,,,,,,,,,,,,,,,,,,,,,,-1,-1
,,,,,,,,,,,,,,,,,,,,,,,,,,,,,,,,,,,,,,,,,,,,,,,,,,,,,,,,,,,,,,,,,-1,-1
,,,,,,,,,,,,,,,,,,,,,,,,,,,,,,,,,,,,,,,,,,,,,,,,,,,,,,,,,,,,,,,,,-1,-1
,,,,,,,,,,,,,,,,,,,,,,,,,,,,,,,,,,,,,,,,,,,,,,,,,,,,,,,,,,,,,,,,,-1,-1
,,,,,,,,,,,,,,,,,,,,,,,,,,,,,,,,,,,,,,,,,,,,,,,,,,,,,,,,,,,,,,,,,-1,-1
,,,,,,,,,,,,,,,,,,,,,,,,,,,,,,,,,,,,,,,,,,,,,,,,,,,,,,,,,,,,,,,,,-1,-1
,,,,,,,,,,,,,,,,,,,,,,,,,,,,,,,,,,,,,,,,,,,,,,,,,,,,,,,,,,,,,,,,,-1,-1
,,,,,,,,,,,,,,,,,,,,,,,,,,,,,,,,,,,,,,,,,,,,,,,,,,,,,,,,,,,,,,,,,-1,-1
,,,,,,,,,,,,,,,,,,,,,,,,,,,,,,,,,,,,,,,,,,,,,,,,,,,,,,,,,,,,,,,,,-1,-1
,,,,,,,,,,,,,,,,,,,,,,,,,,,,,,,,,,,,,,,,,,,,,,,,,,,,,,,,,,,,,,,,,-1,-1
,,,,,,,,,,,,,,,,,,,,,,,,,,,,,,,,,,,,,,,,,,,,,,,,,,,,,,,,,,,,,,,,,-1,-1
,,,,,,,,,,,,,,,,,,,,,,,,,,,,,,,,,,,,,,,,,,,,,,,,,,,,,,,,,,,,,,,,,-1,-1
,,,,,,,,,,,,,,,,,,,,,,,,,,,,,,,,,,,,,,,,,,,,,,,,,,,,,,,,,,,,,,,,,-1,-1
