,,,,,,,,,,,,,,,,,,,,,,,,,,,,,,,,,,,,,,,,,,,,,,,,,,,,,,,,,,,,,,,,,-1,-1
,,,,,,,,,,,,,,,,,,,,,,,,,,,,,,,,,,,,,,,,,,,,,,,,,,,,,,,,,,,,,,,,,-1,-1
,,,,,,,,,,,,,,,,,,,,,,,,,,,,,,,,,,,,,,,,,,,,,,,,,,,,,,,,,,,,,,,,,-1,-1
,,,,,,,,,,,,,,,,,,,,,,,,,,,,,,,,,,,,,,,,,,,,,,,,,,,,,,,,,,,,,,,,,-1,-1
,,,,,,,,,,,,,,,,,,,,,,,,,,,,,,,,,,,,,,,,,,,,,,,,,,,,,,,,,,,,,,,,,-1,-1
,,,,,,,,,,,,,,,,,,,,,,,,,,,,,,,,,,,,,,,,,,,,,,,,,,,,,,,,,,,,,,,,,-1,-1
,,,,,,,,,,,,,,,,,,,,,,,,,,,,,,,,,,,,,,,,,,,,,,,,,,,,,,,,,,,,,,,,,-1,-1
1,-1,2,,,,,,,,,,,,,,1,-1,2,,,,,,,,,,,,,,,,1,-1,2,,,,,,,,,,,,,,,,,,,,,,,,,,,,,-1,-1
21,-1,4,,,,,,,,,,,,,,3,-1,21,,,,,,,,,,,,,,,,3,-1,21,,,,,,,,,,,,,,,,,,,,,,,,,,,,,-1,-1
5,-1,23,,,,,,,,,,,,,,13,-1,31,,,,,,,,,,,,,,,,13,-1,31,,,,,,,,,,,,,,,,,,,,,,,,,,,,,-1,-1
24,-1,42,,,,,,,,,,,,,,14,-1,32,,,,,,,,,,,,,,,,14,-1,32,,,,,,,,,,,,,,,,,,,,,,,,,,,,,-1,-1
43,-1,17,,,,,,,,,,,,,,15,-1,33,,,,,,,,,,,,,,,,15,-1,33,,,,,,,,,,,,,,,,,,,,,,,,,,,,,-1,-1
18,-1,36,,,,,,,,,,,,,,16,-1,34,,,,,,,,,,,,,,,,11,-1,34,,,,,,,,,,,,,,,,,,,,,,,,,,,,,-1,-1
46,-1,38,,,,,,,,,,,,,,17,-1,35,,,,,,,,,,,,,,,,30,-1,35,,,,,,,,,,,,,,,,,,,,,,,,,,,,,-1,-1
3,-1,31,,,,,,,,,,,,,,18,-1,36,,,,,,,,,,,,,,,,40,-1,36,,,,,,,,,,,,,,,,,,,,,,,,,,,,,-1,-1
15,-1,34,,,,,,,,,,,,,,28,-1,46,,,,,,,,,,,,,,,,41,-1,46,,,,,,,,,,,,,,,,,,,,,,,,,,,,,-1,-1
28,-1,48,,,,,,,,,,,,,,47,-1,48,,,,,,,,,,,,,,,,42,-1,48,,,,,,,,,,,,,,,,,,,,,,,,,,,,,-1,-1
11,-1,13,,,,,,,,,,,,,,11,-1,30,,,,,,,,,,,,,,,,16,-1,17,,,,,,,,,,,,,,,,,,,,,,,,,,,,,-1,-1
22,-1,41,,,,,,,,,,,,,,4,-1,5,,,,,,,,,,,,,,,,26,-1,27,,,,,,,,,,,,,,,,,,,,,,,,,,,,,-1,-1
7,-1,26,,,,,,,,,,,,,,41,-1,42,,,,,,,,,,,,,,,,28,-1,47,,,,,,,,,,,,,,,,,,,,,,,,,,,,,-1,-1
35,-1,19,,,,,,,,,,,,,,7,-1,8,,,,,,,,,,,,,,,,39,-1,8,,,,,,,,,,,,,,,,,,,,,,,,,,,,,-1,-1
47,-1,40,,,,,,,,,,,,,,44,-1,45,,,,,,,,,,,,,,,,44,-1,45,,,,,,,,,,,,,,,,,,,,,,,,,,,,,-1,-1
6,-1,9,,,,,,,,,,,,,,19,-1,38,,,,,,,,,,,,,,,,19,-1,38,,,,,,,,,,,,,,,,,,,,,,,,,,,,,-1,-1
49,,,,,,,,,,,,,,,,49,,,,,,,,,,,,,,,,,,49,,,,,,,,,,,,,,,,,,,,,,,,,,,,,,,-1,-1
,,10,,,,,,,,,,,,,,,,27,,,,,,,,,,,,,,,,,,6,,,,,,,,,,,,,,,,,,,,,,,,,,,,,-1,-1
25,,30,,,,,,,,,,,,,,10,,37,,,,,,,,,,,,,,,,10,,7,,,,,,,,,,,,,,,,,,,,,,,,,,,,,-1,-1
37,,14,,,,,,,,,,,,,,12,,39,,,,,,,,,,,,,,,,12,,25,,,,,,,,,,,,,,,,,,,,,,,,,,,,,-1,-1
20,,33,,,,,,,,,,,,,,22,,20,,,,,,,,,,,,,,,,22,,18,,,,,,,,,,,,,,,,,,,,,,,,,,,,,-1,-1
32,,8,,,,,,,,,,,,,,23,,40,,,,,,,,,,,,,,,,23,,37,,,,,,,,,,,,,,,,,,,,,,,,,,,,,-1,-1
16,,27,,,,,,,,,,,,,,24,,6,,,,,,,,,,,,,,,,24,,43,,,,,,,,,,,,,,,,,,,,,,,,,,,,,-1,-1
45,,29,,,,,,,,,,,,,,25,,43,,,,,,,,,,,,,,,,20,,9,,,,,,,,,,,,,,,,,,,,,,,,,,,,,-1,-1
39,,12,,,,,,,,,,,,,,26,,9,,,,,,,,,,,,,,,,4,,29,,,,,,,,,,,,,,,,,,,,,,,,,,,,,-1,-1
44,,,,,,,,,,,,,,,,29,,,,,,,,,,,,,,,,,,5,,,,,,,,,,,,,,,,,,,,,,,,,,,,,,,-1,-1
,,,,,,,,,,,,,,,,,,,,,,,,,,,,,,,,,,,,,,,,,,,,,,,,,,,,,,,,,,,,,,,,,-1,-1
,,,,,,,,,,,,,,,,,,,,,,,,,,,,,,,,,,,,,,,,,,,,,,,,,,,,,,,,,,,,,,,,,-1,-1
,,,,,,,,,,,,,,,,,,,,,,,,,,,,,,,,,,,,,,,,,,,,,,,,,,,,,,,,,,,,,,,,,-1,-1
,,,,,,,,,,,,,,,,,,,,,,,,,,,,,,,,,,,,,,,,,,,,,,,,,,,,,,,,,,,,,,,,,-1,-1
,,,,,,,,,,,,,,,,,,,,,,,,,,,,,,,,,,,,,,,,,,,,,,,,,,,,,,,,,,,,,,,,,-1,-1
,,,,,,,,,,,,,,,,,,,,,,,,,,,,,,,,,,,,,,,,,,,,,,,,,,,,,,,,,,,,,,,,,-1,-1
,,,,,,,,,,,,,,,,,,,,,,,,,,,,,,,,,,,,,,,,,,,,,,,,,,,,,,,,,,,,,,,,,-1,-1
,,,,,,,,,,,,,,,,,,,,,,,,,,,,,,,,,,,,,,,,,,,,,,,,,,,,,,,,,,,,,,,,,-1,-1
,,,,,,,,,,,,,,,,,,,,,,,,,,,,,,,,,,,,,,,,,,,,,,,,,,,,,,,,,,,,,,,,,-1,-1
,,,,,,,,,,,,,,,,,,,,,,,,,,,,,,,,,,,,,,,,,,,,,,,,,,,,,,,,,,,,,,,,,-1,-1
,,,,,,,,,,,,,,,,,,,,,,,,,,,,,,,,,,,,,,,,,,,,,,,,,,,,,,,,,,,,,,,,,-1,-1
,,,,,,,,,,,,,,,,,,,,,,,,,,,,,,,,,,,,,,,,,,,,,,,,,,,,,,,,,,,,,,,,,-1,-1
,,,,,,,,,,,,,,,,,,,,,,,,,,,,,,,,,,,,,,,,,,,,,,,,,,,,,,,,,,,,,,,,,-1,-1
,,,,,,,,,,,,,,,,,,,,,,,,,,,,,,,,,,,,,,,,,,,,,,,,,,,,,,,,,,,,,,,,,-1,-1
,,,,,,,,,,,,,,,,,,,,,,,,,,,,,,,,,,,,,,,,,,,,,,,,,,,,,,,,,,,,,,,,,-1,-1
,,,,,,,,,,,,,,,,,,,,,,,,,,,,,,,,,,,,,,,,,,,,,,,,,,,,,,,,,,,,,,,,,-1,-1
,,,,,,,,,,,,,,,,,,,,,,,,,,,,,,,,,,,,,,,,,,,,,,,,,,,,,,,,,,,,,,,,,-1,-1
,,,,,,,,,,,,,,,,,,,,,,,,,,,,,,,,,,,,,,,,,,,,,,,,,,,,,,,,,,,,,,,,,-1,-1
,,,,,,,,,,,,,,,,,,,,,,,,,,,,,,,,,,,,,,,,,,,,,,,,,,,,,,,,,,,,,,,,,-1,-1
,,,,,,,,,,,,,,,,,,,,,,,,,,,,,,,,,,,,,,,,,,,,,,,,,,,,,,,,,,,,,,,,,-1,-1
,,,,,,,,,,,,,,,,,,,,,,,,,,,,,,,,,,,,,,,,,,,,,,,,,,,,,,,,,,,,,,,,,-1,-1
,,,,,,,,,,,,,,,,,,,,,,,,,,,,,,,,,,,,,,,,,,,,,,,,,,,,,,,,,,,,,,,,,-1,-1
,,,,,,,,,,,,,,,,,,,,,,,,,,,,,,,,,,,,,,,,,,,,,,,,,,,,,,,,,,,,,,,,,-1,-1
,,,,,,,,,,,,,,,,,,,,,,,,,,,,,,,,,,,,,,,,,,,,,,,,,,,,,,,,,,,,,,,,,-1,-1
,,,,,,,,,,,,,,,,,,,,,,,,,,,,,,,,,,,,,,,,,,,,,,,,,,,,,,,,,,,,,,,,,-1,-1
,,,,,,,,,,,,,,,,,,,,,,,,,,,,,,,,,,,,,,,,,,,,,,,,,,,,,,,,,,,,,,,,,-1,-1
