,,3,,3,,,,,,,,,,3,3,,,,,,,,,,3,3,,,,,,,,,3,,3,,,,,,,,,,,,,,,,,,,,,,,,,,,
,,4,,,4,,,,,,,,4,,,4,,,,,,,,4,,,4,,,,,,,,,4,,4,,,,,,,,,,,,,,,,,,,,,,,,,,
,,,,,,,,,,,,,,36,36,,,,,,,,,,,,,,,,,,,,,36,36,,,,,,,,,,,,,,,,,,,,,,,,,,,
,,,,,,,,,,,,,,43,43,,,,,,,,,,,,,,,,,,,,,43,43,,,,,,,,,,,,,,,,,,,,,,,,,,,
,,,,,,,,,,,,,41,,,41,,,,,,,,,,,,,,,,,,,41,,,41,,,,,,,,,,,,,,,,,,,,,,,,,,
,,,,,,,,,,,,,16,,,16,,,,,,,,,,,,,,,,,,,16,,,16,,,,,,,,,,,,,,,,,,,,,,,,,,
,,,,,,,,,,,,,25,,25,,,,,,,,,,,,,,,,,,,,25,,25,,,,,,,,,,,,,,,,,,,,,,,,,,,
,,,,,,,,,,,,,,42,42,,,,,,,,,,,,,,,,,,,,,42,42,,,,,,,,,,,,,,,,,,,,,,,,,,,
,,,,,,,,,,,,,21,,21,,,,,,,,,,,,,,,,,,,,21,,21,,,,,,,,,,,,,,,,,,,,,,,,,,,
,,,,,,,,,,,,,16,,,16,,,,,,,,,,,,,,,,,,,16,,,16,,,,,,,,,,,,,,,,,,,,,,,,,,
,,,,,,,,,,,,,38,,,38,,,,,,,,,,,,,,,,,,,,38,,38,,,,,,,,,,,,,,,,,,,,,,,,,,
,,,,,,,,,,,,,,49,,49,,,,,,,,,,,,,,,,,,,49,,,49,,,,,,,,,,,,,,,,,,,,,,,,,,
,,,,,,,,,,,,,7,,7,,,,,,,,,,,,,,,,,,,,,7,7,,,,,,,,,,,,,,,,,,,,,,,,,,,
,,,,,,,,,,,,,20,,20,,,,,,,,,,,,,,,,,,,,,20,20,,,,,,,,,,,,,,,,,,,,,,,,,,,
,,,,,,,,,,,,,18,,,18,,,,,,,,,,,,,,,,,,,18,,,18,,,,,,,,,,,,,,,,,,,,,,,,,,
,,,,,,,,,,,,,,2,,2,,,,,,,,,,,,,,,,,,,2,,,2,,,,,,,,,,,,,,,,,,,,,,,,,,
,,,,,,,,,,,,,,37,,37,,,,,,,,,,,,,,,,,,,,37,,37,,,,,,,,,,,,,,,,,,,,,,,,,,
,,,,,,,,,,,,,,33,,33,,,,,,,,,,,,,,,,,,,,33,,33,,,,,,,,,,,,,,,,,,,,,,,,,,
,,,,,,,,,,,,,14,,,14,,,,,,,,,,,,,,,,,,,,14,,14,,,,,,,,,,,,,,,,,,,,,,,,,,
,,,,,,,,,,,,,25,,25,,,,,,,,,,,,,,,,,,,,25,,25,,,,,,,,,,,,,,,,,,,,,,,,,,,
,,,,,,,,,,,,,,30,30,,,,,,,,,,,,,,,,,,,,30,,30,,,,,,,,,,,,,,,,,,,,,,,,,,,
,,,,,,,,,,,,,14,,,14,,,,,,,,,,,,,,,,,,,,14,,14,,,,,,,,,,,,,,,,,,,,,,,,,,
,,,,,,,,,,,,,,35,,35,,,,,,,,,,,,,,,,,,,,35,,35,,,,,,,,,,,,,,,,,,,,,,,,,,
,,,,,,,,,,,,,,3,3,,,,,,,,,,,,,,,,,,,,3,,3,,,,,,,,,,,,,,,,,,,,,,,,,,,
,,,,,,,,,,,,,14,,,14,,,,,,,,,,,,,,,,,,,,14,,14,,,,,,,,,,,,,,,,,,,,,,,,,,
,,,,,,,,,,,,,41,,,41,,,,,,,,,,,,,,,,,,,41,,,41,,,,,,,,,,,,,,,,,,,,,,,,,,
,,,,,,,,,,,,,44,,44,,,,,,,,,,,,,,,,,,,,,44,44,,,,,,,,,,,,,,,,,,,,,,,,,,,
,,,,,,,,,,,,,,11,,11,,,,,,,,,,,,,,,,,,,11,,,11,,,,,,,,,,,,,,,,,,,,,,,,,,
,,,,,,,,,,,,,22,,22,,,,,,,,,,,,,,,,,,,,22,,22,,,,,,,,,,,,,,,,,,,,,,,,,,,
,,,,,,,,,,,,,10,,,10,,,,,,,,,,,,,,,,,,,,10,,10,,,,,,,,,,,,,,,,,,,,,,,,,,
,,,,,,,,,,,,,,40,,40,,,,,,,,,,,,,,,,,,,,40,,40,,,,,,,,,,,,,,,,,,,,,,,,,,
,,,,,,,,,,,,,15,,15,,,,,,,,,,,,,,,,,,,,,15,15,,,,,,,,,,,,,,,,,,,,,,,,,,,
,,,,,,,,,,,,,,30,30,,,,,,,,,,,,,,,,,,,,30,,30,,,,,,,,,,,,,,,,,,,,,,,,,,,
,,,,,,,,,,,,,21,,21,,,,,,,,,,,,,,,,,,,,21,,21,,,,,,,,,,,,,,,,,,,,,,,,,,,
,,,,,,,,,,,,,27,,,27,,,,,,,,,,,,,,,,,,,27,,,27,,,,,,,,,,,,,,,,,,,,,,,,,,
,,,,,,,,,,,,,18,,,18,,,,,,,,,,,,,,,,,,,18,,,18,,,,,,,,,,,,,,,,,,,,,,,,,,
,,,,,,,,,,,,,4,,,4,,,,,,,,,,,,,,,,,,,,4,,4,,,,,,,,,,,,,,,,,,,,,,,,,,
,,,,,,,,,,,,,28,,28,,,,,,,,,,,,,,,,,,,,28,,28,,,,,,,,,,,,,,,,,,,,,,,,,,,
,,,,,,,,,,,,,,36,36,,,,,,,,,,,,,,,,,,,,,36,36,,,,,,,,,,,,,,,,,,,,,,,,,,,
,,,,,,,,,,,,,,12,12,,,,,,,,,,,,,,,,,,,,12,,12,,,,,,,,,,,,,,,,,,,,,,,,,,,
,,,,,,,,,,,,,25,,25,,,,,,,,,,,,,,,,,,,,25,,25,,,,,,,,,,,,,,,,,,,,,,,,,,,
,,,,,,,,,,,,,27,,,27,,,,,,,,,,,,,,,,,,,27,,,27,,,,,,,,,,,,,,,,,,,,,,,,,,
,,,,,,,,,,,,,,31,,31,,,,,,,,,,,,,,,,,,,31,,,31,,,,,,,,,,,,,,,,,,,,,,,,,,
,,,,,,,,,,,,,,31,,31,,,,,,,,,,,,,,,,,,,31,,,31,,,,,,,,,,,,,,,,,,,,,,,,,,
,,,,,,,,,,,,,25,,25,,,,,,,,,,,,,,,,,,,,25,,25,,,,,,,,,,,,,,,,,,,,,,,,,,,
,,,,,,,,,,,,,28,,28,,,,,,,,,,,,,,,,,,,,28,,28,,,,,,,,,,,,,,,,,,,,,,,,,,,
,,,,,,,,,,,,,27,,,27,,,,,,,,,,,,,,,,,,,27,,,27,,,,,,,,,,,,,,,,,,,,,,,,,,
,,,,,,,,,,,,,17,,17,,,,,,,,,,,,,,,,,,,,17,,17,,,,,,,,,,,,,,,,,,,,,,,,,,,
,,,,,,,,,,,,,,3,3,,,,,,,,,,,,,,,,,,,,3,,3,,,,,,,,,,,,,,,,,,,,,,,,,,,
,,,,,,,,,,,,,,3,3,,,,,,,,,,,,,,,,,,,,3,,3,,,,,,,,,,,,,,,,,,,,,,,,,,,
,,,,,,,,,,,,,16,,,16,,,,,,,,,,,,,,,,,,,16,,,16,,,,,,,,,,,,,,,,,,,,,,,,,,
,,,,,,,,,,,,,27,,,27,,,,,,,,,,,,,,,,,,,27,,,27,,,,,,,,,,,,,,,,,,,,,,,,,,
,,,,,,,,,,,,,14,,,14,,,,,,,,,,,,,,,,,,,,14,,14,,,,,,,,,,,,,,,,,,,,,,,,,,
,,,,,,,,,,,,,29,,,29,,,,,,,,,,,,,,,,,,,29,,,29,,,,,,,,,,,,,,,,,,,,,,,,,,
,,,,,,,,,,,,,25,,25,,,,,,,,,,,,,,,,,,,,25,,25,,,,,,,,,,,,,,,,,,,,,,,,,,,
,,,,,,,,,,,,,,36,36,,,,,,,,,,,,,,,,,,,,,36,36,,,,,,,,,,,,,,,,,,,,,,,,,,,
,,,,,,,,,,,,,48,,,48,,,,,,,,,,,,,,,,,,,,48,,48,,,,,,,,,,,,,,,,,,,,,,,,,,
,,,,,,,,,,,,,16,,,16,,,,,,,,,,,,,,,,,,,16,,,16,,,,,,,,,,,,,,,,,,,,,,,,,,
,,,,,,,,,,,,,,8,,8,,,,,,,,,,,,,,,,,,,8,,,8,,,,,,,,,,,,,,,,,,,,,,,,,,
,,,,,,,,,,,,,,35,,35,,,,,,,,,,,,,,,,,,,,35,,35,,,,,,,,,,,,,,,,,,,,,,,,,,
,,,,,,,,,,,,,7,,7,,,,,,,,,,,,,,,,,,,,,7,7,,,,,,,,,,,,,,,,,,,,,,,,,,,
,,,,,,,,,,,,,,34,34,,,,,,,,,,,,,,,,,,,,,34,34,,,,,,,,,,,,,,,,,,,,,,,,,,,
,,,,,,,,,,,,,,19,,19,,,,,,,,,,,,,,,,,,,,19,,19,,,,,,,,,,,,,,,,,,,,,,,,,,
,,,,,,,,,,,,,,39,39,,,,,,,,,,,,,,,,,,,,,39,39,,,,,,,,,,,,,,,,,,,,,,,,,,,
,,,,,,,,,,,,,,1,1,,,,,,,,,,,,,,,,,,,,,1,1,,,,,,,,,,,,,,,,,,,,,,,,,,,
,,,,,,,,,,,,,14,,,14,,,,,,,,,,,,,,,,,,,,14,,14,,,,,,,,,,,,,,,,,,,,,,,,,,
,,,,,,,,,,,,,,31,,31,,,,,,,,,,,,,,,,,,,31,,,31,,,,,,,,,,,,,,,,,,,,,,,,,,
,,,,,,,,,,,,,,36,36,,,,,,,,,,,,,,,,,,,,,36,36,,,,,,,,,,,,,,,,,,,,,,,,,,,
,,,,,,,,,,,,,,6,6,,,,,,,,,,,,,,,,,,,,6,,6,,,,,,,,,,,,,,,,,,,,,,,,,,,
,,,,,,,,,,,,,,19,,19,,,,,,,,,,,,,,,,,,,,19,,19,,,,,,,,,,,,,,,,,,,,,,,,,,
,,,,,,,,,,,,,,40,,40,,,,,,,,,,,,,,,,,,,,40,,40,,,,,,,,,,,,,,,,,,,,,,,,,,
,,,,,,,,,,,,,41,,,41,,,,,,,,,,,,,,,,,,,41,,,41,,,,,,,,,,,,,,,,,,,,,,,,,,
,,,,,,,,,,,,,21,,21,,,,,,,,,,,,,,,,,,,,21,,21,,,,,,,,,,,,,,,,,,,,,,,,,,,
,,,,,,,,,,,,,,3,3,,,,,,,,,,,,,,,,,,,,3,,3,,,,,,,,,,,,,,,,,,,,,,,,,,,
,,,,,,,,,,,,,48,,,48,,,,,,,,,,,,,,,,,,,,48,,48,,,,,,,,,,,,,,,,,,,,,,,,,,
,,,,,,,,,,,,,18,,,18,,,,,,,,,,,,,,,,,,,18,,,18,,,,,,,,,,,,,,,,,,,,,,,,,,
,,,,,,,,,,,,,28,,28,,,,,,,,,,,,,,,,,,,,28,,28,,,,,,,,,,,,,,,,,,,,,,,,,,,
,,,,,,,,,,,,,,47,47,,,,,,,,,,,,,,,,,,,,,47,47,,,,,,,,,,,,,,,,,,,,,,,,,,,
,,,,,,,,,,,,,20,,20,,,,,,,,,,,,,,,,,,,,,20,20,,,,,,,,,,,,,,,,,,,,,,,,,,,
,,,,,,,,,,,,,14,,,14,,,,,,,,,,,,,,,,,,,,14,,14,,,,,,,,,,,,,,,,,,,,,,,,,,
,,,,,,,,,,,,,,36,36,,,,,,,,,,,,,,,,,,,,,36,36,,,,,,,,,,,,,,,,,,,,,,,,,,,
,,,,,,,,,,,,,22,,22,,,,,,,,,,,,,,,,,,,,22,,22,,,,,,,,,,,,,,,,,,,,,,,,,,,
,,,,,,,,,,,,,,43,43,,,,,,,,,,,,,,,,,,,,,43,43,,,,,,,,,,,,,,,,,,,,,,,,,,,
,,,,,,,,,,,,,,2,,2,,,,,,,,,,,,,,,,,,,2,,,2,,,,,,,,,,,,,,,,,,,,,,,,,,
,,,,,,,,,,,,,10,,,10,,,,,,,,,,,,,,,,,,,,10,,10,,,,,,,,,,,,,,,,,,,,,,,,,,
,,,,,,,,,,,,,,40,,40,,,,,,,,,,,,,,,,,,,,40,,40,,,,,,,,,,,,,,,,,,,,,,,,,,
,,,,,,,,,,,,,13,,13,,,,,,,,,,,,,,,,,,,,,13,13,,,,,,,,,,,,,,,,,,,,,,,,,,,
,,,,,,,,,,,,,,5,,5,,,,,,,,,,,,,,,,,,,5,,,5,,,,,,,,,,,,,,,,,,,,,,,,,,
,,,,,,,,,,,,,,40,,40,,,,,,,,,,,,,,,,,,,,40,,40,,,,,,,,,,,,,,,,,,,,,,,,,,
,,,,,,,,,,,,,15,,15,,,,,,,,,,,,,,,,,,,,,15,15,,,,,,,,,,,,,,,,,,,,,,,,,,,
,,,,,,,,,,,,,38,,,38,,,,,,,,,,,,,,,,,,,,38,,38,,,,,,,,,,,,,,,,,,,,,,,,,,
,,,,,,,,,,,,,22,,22,,,,,,,,,,,,,,,,,,,,22,,22,,,,,,,,,,,,,,,,,,,,,,,,,,,
,,,,,,,,,,,,,14,,,14,,,,,,,,,,,,,,,,,,,,14,,14,,,,,,,,,,,,,,,,,,,,,,,,,,
,,,,,,,,,,,,,,36,36,,,,,,,,,,,,,,,,,,,,,36,36,,,,,,,,,,,,,,,,,,,,,,,,,,,
,,,,,,,,,,,,,,37,,37,,,,,,,,,,,,,,,,,,,,37,,37,,,,,,,,,,,,,,,,,,,,,,,,,,
,,,,,,,,,,,,,7,,7,,,,,,,,,,,,,,,,,,,,,7,7,,,,,,,,,,,,,,,,,,,,,,,,,,,
,,,,,,,,,,,,,,11,,11,,,,,,,,,,,,,,,,,,,11,,,11,,,,,,,,,,,,,,,,,,,,,,,,,,
,,,,,,,,,,,,,26,,26,,,,,,,,,,,,,,,,,,,,,26,26,,,,,,,,,,,,,,,,,,,,,,,,,,,
,,,,,,,,,,,,,16,,,16,,,,,,,,,,,,,,,,,,,16,,,16,,,,,,,,,,,,,,,,,,,,,,,,,,
,,,,,,,,,,,,,29,,,29,,,,,,,,,,,,,,,,,,,29,,,29,,,,,,,,,,,,,,,,,,,,,,,,,,
,,,,,,,,,,,,,13,,13,,,,,,,,,,,,,,,,,,,,,13,13,,,,,,,,,,,,,,,,,,,,,,,,,,,
,,,,,,,,,,,,,,32,32,,,,,,,,,,,,,,,,,,,,32,,32,,,,,,,,,,,,,,,,,,,,,,,,,,,
,,,,,,,,,,,,,,49,,49,,,,,,,,,,,,,,,,,,,49,,,49,,,,,,,,,,,,,,,,,,,,,,,,,,
,,,,,,,,,,,,,,49,,49,,,,,,,,,,,,,,,,,,,49,,,49,,,,,,,,,,,,,,,,,,,,,,,,,,
,,,,,,,,,,,,,25,,25,,,,,,,,,,,,,,,,,,,,25,,25,,,,,,,,,,,,,,,,,,,,,,,,,,,
,,,,,,,,,,,,,14,,,14,,,,,,,,,,,,,,,,,,,,14,,14,,,,,,,,,,,,,,,,,,,,,,,,,,
,,,,,,,,,,,,,,31,,31,,,,,,,,,,,,,,,,,,,31,,,31,,,,,,,,,,,,,,,,,,,,,,,,,,
,,,,,,,,,,,,,,40,,40,,,,,,,,,,,,,,,,,,,,40,,40,,,,,,,,,,,,,,,,,,,,,,,,,,
,,,,,,,,,,,,,,35,,35,,,,,,,,,,,,,,,,,,,,35,,35,,,,,,,,,,,,,,,,,,,,,,,,,,
,,,,,,,,,,,,,,6,6,,,,,,,,,,,,,,,,,,,,6,,6,,,,,,,,,,,,,,,,,,,,,,,,,,,
,,,,,,,,,,,,,27,,,27,,,,,,,,,,,,,,,,,,,27,,,27,,,,,,,,,,,,,,,,,,,,,,,,,,
,,,,,,,,,,,,,,12,12,,,,,,,,,,,,,,,,,,,,12,,12,,,,,,,,,,,,,,,,,,,,,,,,,,,
,,,,,,,,,,,,,38,,,38,,,,,,,,,,,,,,,,,,,,38,,38,,,,,,,,,,,,,,,,,,,,,,,,,,
,,,,,,,,,,,,,26,,26,,,,,,,,,,,,,,,,,,,,,26,26,,,,,,,,,,,,,,,,,,,,,,,,,,,
,,,,,,,,,,,,,,47,47,,,,,,,,,,,,,,,,,,,,,47,47,,,,,,,,,,,,,,,,,,,,,,,,,,,
,,,,,,,,,,,,,,33,,33,,,,,,,,,,,,,,,,,,,,33,,33,,,,,,,,,,,,,,,,,,,,,,,,,,
,,,,,,,,,,,,,,8,,8,,,,,,,,,,,,,,,,,,,8,,,8,,,,,,,,,,,,,,,,,,,,,,,,,,
,,,,,,,,,,,,,13,,13,,,,,,,,,,,,,,,,,,,,,13,13,,,,,,,,,,,,,,,,,,,,,,,,,,,
,,,,,,,,,,,,,,39,39,,,,,,,,,,,,,,,,,,,,,39,39,,,,,,,,,,,,,,,,,,,,,,,,,,,
,,,,,,,,,,,,,,34,34,,,,,,,,,,,,,,,,,,,,,34,34,,,,,,,,,,,,,,,,,,,,,,,,,,,
,,,,,,,,,,,,,,33,,33,,,,,,,,,,,,,,,,,,,,33,,33,,,,,,,,,,,,,,,,,,,,,,,,,,
,,,,,,,,,,,,,,49,,49,,,,,,,,,,,,,,,,,,,49,,,49,,,,,,,,,,,,,,,,,,,,,,,,,,
,,,,,,,,,,,,,25,,25,,,,,,,,,,,,,,,,,,,,25,,25,,,,,,,,,,,,,,,,,,,,,,,,,,,
,,,,,,,,,,,,,17,,17,,,,,,,,,,,,,,,,,,,,17,,17,,,,,,,,,,,,,,,,,,,,,,,,,,,
,,,,,,,,,,,,,,19,,19,,,,,,,,,,,,,,,,,,,,19,,19,,,,,,,,,,,,,,,,,,,,,,,,,,
,,,,,,,,,,,,,,1,1,,,,,,,,,,,,,,,,,,,,,1,1,,,,,,,,,,,,,,,,,,,,,,,,,,,
,,,,,,,,,,,,,,31,,31,,,,,,,,,,,,,,,,,,,31,,,31,,,,,,,,,,,,,,,,,,,,,,,,,,
,,,,,,,,,,,,,29,,,29,,,,,,,,,,,,,,,,,,,29,,,29,,,,,,,,,,,,,,,,,,,,,,,,,,
,,,,,,,,,,,,,,31,,31,,,,,,,,,,,,,,,,,,,31,,,31,,,,,,,,,,,,,,,,,,,,,,,,,,
,,,,,,,,,,,,,29,,,29,,,,,,,,,,,,,,,,,,,29,,,29,,,,,,,,,,,,,,,,,,,,,,,,,,
,,,,,,,,,,,,,,3,3,,,,,,,,,,,,,,,,,,,,3,,3,,,,,,,,,,,,,,,,,,,,,,,,,,,
,,,,,,,,,,,,,,34,34,,,,,,,,,,,,,,,,,,,,,34,34,,,,,,,,,,,,,,,,,,,,,,,,,,,
,,,,,,,,,,,,,26,,26,,,,,,,,,,,,,,,,,,,,,26,26,,,,,,,,,,,,,,,,,,,,,,,,,,,
,,,,,,,,,,,,,41,,,41,,,,,,,,,,,,,,,,,,,41,,,41,,,,,,,,,,,,,,,,,,,,,,,,,,
,,,,,,,,,,,,,10,,,10,,,,,,,,,,,,,,,,,,,,10,,10,,,,,,,,,,,,,,,,,,,,,,,,,,
,,,,,,,,,,,,,,49,,49,,,,,,,,,,,,,,,,,,,49,,,49,,,,,,,,,,,,,,,,,,,,,,,,,,
,,,,,,,,,,,,,,12,12,,,,,,,,,,,,,,,,,,,,12,,12,,,,,,,,,,,,,,,,,,,,,,,,,,,
,,,,,,,,,,,,,,33,,33,,,,,,,,,,,,,,,,,,,,33,,33,,,,,,,,,,,,,,,,,,,,,,,,,,
,,,,,,,,,,,,,,19,,19,,,,,,,,,,,,,,,,,,,,19,,19,,,,,,,,,,,,,,,,,,,,,,,,,,
,,,,,,,,,,,,,,40,,40,,,,,,,,,,,,,,,,,,,,40,,40,,,,,,,,,,,,,,,,,,,,,,,,,,
,,,,,,,,,,,,,,31,,31,,,,,,,,,,,,,,,,,,,31,,,31,,,,,,,,,,,,,,,,,,,,,,,,,,
,,,,,,,,,,,,,,49,,49,,,,,,,,,,,,,,,,,,,49,,,49,,,,,,,,,,,,,,,,,,,,,,,,,,
,,,,,,,,,,,,,,35,,35,,,,,,,,,,,,,,,,,,,,35,,35,,,,,,,,,,,,,,,,,,,,,,,,,,
,,,,,,,,,,,,,25,,25,,,,,,,,,,,,,,,,,,,,25,,25,,,,,,,,,,,,,,,,,,,,,,,,,,,
,,,,,,,,,,,,,,46,,46,,,,,,,,,,,,,,,,,,,,46,,46,,,,,,,,,,,,,,,,,,,,,,,,,,
,,,,,,,,,,,,,13,,13,,,,,,,,,,,,,,,,,,,,,13,13,,,,,,,,,,,,,,,,,,,,,,,,,,,
,,,,,,,,,,,,,,19,,19,,,,,,,,,,,,,,,,,,,,19,,19,,,,,,,,,,,,,,,,,,,,,,,,,,
,,,,,,,,,,,,,14,,,14,,,,,,,,,,,,,,,,,,,,14,,14,,,,,,,,,,,,,,,,,,,,,,,,,,
,,,,,,,,,,,,,,33,,33,,,,,,,,,,,,,,,,,,,,33,,33,,,,,,,,,,,,,,,,,,,,,,,,,,
,,,,,,,,,,,,,,30,30,,,,,,,,,,,,,,,,,,,,30,,30,,,,,,,,,,,,,,,,,,,,,,,,,,,
,,,,,,,,,,,,,,33,,33,,,,,,,,,,,,,,,,,,,,33,,33,,,,,,,,,,,,,,,,,,,,,,,,,,
,,,,,,,,,,,,,,8,,8,,,,,,,,,,,,,,,,,,,8,,,8,,,,,,,,,,,,,,,,,,,,,,,,,,
,,,,,,,,,,,,,29,,,29,,,,,,,,,,,,,,,,,,,29,,,29,,,,,,,,,,,,,,,,,,,,,,,,,,
,,,,,,,,,,,,,,37,,37,,,,,,,,,,,,,,,,,,,,37,,37,,,,,,,,,,,,,,,,,,,,,,,,,,
,,,,,,,,,,,,,,5,,5,,,,,,,,,,,,,,,,,,,5,,,5,,,,,,,,,,,,,,,,,,,,,,,,,,
,,,,,,,,,,,,,27,,,27,,,,,,,,,,,,,,,,,,,27,,,27,,,,,,,,,,,,,,,,,,,,,,,,,,
,,,,,,,,,,,,,24,,,24,,,,,,,,,,,,,,,,,,,,24,,24,,,,,,,,,,,,,,,,,,,,,,,,,,
,,,,,,,,,,,,,,30,30,,,,,,,,,,,,,,,,,,,,30,,30,,,,,,,,,,,,,,,,,,,,,,,,,,,
,,,,,,,,,,,,,,47,47,,,,,,,,,,,,,,,,,,,,,47,47,,,,,,,,,,,,,,,,,,,,,,,,,,,
,,,,,,,,,,,,,21,,21,,,,,,,,,,,,,,,,,,,,21,,21,,,,,,,,,,,,,,,,,,,,,,,,,,,
,,,,,,,,,,,,,,6,6,,,,,,,,,,,,,,,,,,,,6,,6,,,,,,,,,,,,,,,,,,,,,,,,,,,
,,,,,,,,,,,,,,35,,35,,,,,,,,,,,,,,,,,,,,35,,35,,,,,,,,,,,,,,,,,,,,,,,,,,
,,,,,,,,,,,,,,9,9,,,,,,,,,,,,,,,,,,,,9,,9,,,,,,,,,,,,,,,,,,,,,,,,,,,
,,,,,,,,,,,,,17,,17,,,,,,,,,,,,,,,,,,,,17,,17,,,,,,,,,,,,,,,,,,,,,,,,,,,
,,,,,,,,,,,,,21,,21,,,,,,,,,,,,,,,,,,,,21,,21,,,,,,,,,,,,,,,,,,,,,,,,,,,
,,,,,,,,,,,,,16,,,16,,,,,,,,,,,,,,,,,,,16,,,16,,,,,,,,,,,,,,,,,,,,,,,,,,
,,,,,,,,,,,,,,30,30,,,,,,,,,,,,,,,,,,,,30,,30,,,,,,,,,,,,,,,,,,,,,,,,,,,
,,,,,,,,,,,,,,34,34,,,,,,,,,,,,,,,,,,,,,34,34,,,,,,,,,,,,,,,,,,,,,,,,,,,
,,,,,,,,,,,,,,35,,35,,,,,,,,,,,,,,,,,,,,35,,35,,,,,,,,,,,,,,,,,,,,,,,,,,
,,,,,,,,,,,,,,12,12,,,,,,,,,,,,,,,,,,,,12,,12,,,,,,,,,,,,,,,,,,,,,,,,,,,
,,,,,,,,,,,,,25,,25,,,,,,,,,,,,,,,,,,,,25,,25,,,,,,,,,,,,,,,,,,,,,,,,,,,
,,,,,,,,,,,,,15,,15,,,,,,,,,,,,,,,,,,,,,15,15,,,,,,,,,,,,,,,,,,,,,,,,,,,
,,,,,,,,,,,,,,37,,37,,,,,,,,,,,,,,,,,,,,37,,37,,,,,,,,,,,,,,,,,,,,,,,,,,
,,,,,,,,,,,,,,12,12,,,,,,,,,,,,,,,,,,,,12,,12,,,,,,,,,,,,,,,,,,,,,,,,,,,
,,,,,,,,,,,,,38,,,38,,,,,,,,,,,,,,,,,,,,38,,38,,,,,,,,,,,,,,,,,,,,,,,,,,
,,,,,,,,,,,,,13,,13,,,,,,,,,,,,,,,,,,,,,13,13,,,,,,,,,,,,,,,,,,,,,,,,,,,
,,,,,,,,,,,,,,46,,46,,,,,,,,,,,,,,,,,,,,46,,46,,,,,,,,,,,,,,,,,,,,,,,,,,
,,,,,,,,,,,,,16,,,16,,,,,,,,,,,,,,,,,,,16,,,16,,,,,,,,,,,,,,,,,,,,,,,,,,
,,,,,,,,,,,,,25,,25,,,,,,,,,,,,,,,,,,,,25,,25,,,,,,,,,,,,,,,,,,,,,,,,,,,
,,,,,,,,,,,,,24,,,24,,,,,,,,,,,,,,,,,,,,24,,24,,,,,,,,,,,,,,,,,,,,,,,,,,
,,,,,,,,,,,,,27,,,27,,,,,,,,,,,,,,,,,,,27,,,27,,,,,,,,,,,,,,,,,,,,,,,,,,
,,,,,,,,,,,,,,34,34,,,,,,,,,,,,,,,,,,,,,34,34,,,,,,,,,,,,,,,,,,,,,,,,,,,
,,,,,,,,,,,,,,46,,46,,,,,,,,,,,,,,,,,,,,46,,46,,,,,,,,,,,,,,,,,,,,,,,,,,
,,,,,,,,,,,,,,33,,33,,,,,,,,,,,,,,,,,,,,33,,33,,,,,,,,,,,,,,,,,,,,,,,,,,
,,,,,,,,,,,,,27,,,27,,,,,,,,,,,,,,,,,,,27,,,27,,,,,,,,,,,,,,,,,,,,,,,,,,
,,,,,,,,,,,,,,49,,49,,,,,,,,,,,,,,,,,,,49,,,49,,,,,,,,,,,,,,,,,,,,,,,,,,
,,,,,,,,,,,,,,34,34,,,,,,,,,,,,,,,,,,,,,34,34,,,,,,,,,,,,,,,,,,,,,,,,,,,
,,,,,,,,,,,,,,2,,2,,,,,,,,,,,,,,,,,,,2,,,2,,,,,,,,,,,,,,,,,,,,,,,,,,
,,,,,,,,,,,,,,35,,35,,,,,,,,,,,,,,,,,,,,35,,35,,,,,,,,,,,,,,,,,,,,,,,,,,
,,,,,,,,,,,,,,12,12,,,,,,,,,,,,,,,,,,,,12,,12,,,,,,,,,,,,,,,,,,,,,,,,,,,
,,,,,,,,,,,,,4,,,4,,,,,,,,,,,,,,,,,,,,4,,4,,,,,,,,,,,,,,,,,,,,,,,,,,
,,,,,,,,,,,,,,37,,37,,,,,,,,,,,,,,,,,,,,37,,37,,,,,,,,,,,,,,,,,,,,,,,,,,
,,,,,,,,,,,,,25,,25,,,,,,,,,,,,,,,,,,,,25,,25,,,,,,,,,,,,,,,,,,,,,,,,,,,
,,,,,,,,,,,,,,31,,31,,,,,,,,,,,,,,,,,,,31,,,31,,,,,,,,,,,,,,,,,,,,,,,,,,
,,,,,,,,,,,,,28,,28,,,,,,,,,,,,,,,,,,,,28,,28,,,,,,,,,,,,,,,,,,,,,,,,,,,
,,,,,,,,,,,,,,12,12,,,,,,,,,,,,,,,,,,,,12,,12,,,,,,,,,,,,,,,,,,,,,,,,,,,
,,,,,,,,,,,,,,49,,49,,,,,,,,,,,,,,,,,,,49,,,49,,,,,,,,,,,,,,,,,,,,,,,,,,
,,,,,,,,,,,,,7,,7,,,,,,,,,,,,,,,,,,,,,7,7,,,,,,,,,,,,,,,,,,,,,,,,,,,
,,,,,,,,,,,,,23,,,23,,,,,,,,,,,,,,,,,,,23,,,23,,,,,,,,,,,,,,,,,,,,,,,,,,
,,,,,,,,,,,,,,31,,31,,,,,,,,,,,,,,,,,,,31,,,31,,,,,,,,,,,,,,,,,,,,,,,,,,
,,,,,,,,,,,,,,12,12,,,,,,,,,,,,,,,,,,,,12,,12,,,,,,,,,,,,,,,,,,,,,,,,,,,
,,,,,,,,,,,,,7,,7,,,,,,,,,,,,,,,,,,,,,7,7,,,,,,,,,,,,,,,,,,,,,,,,,,,
,,,,,,,,,,,,,29,,,29,,,,,,,,,,,,,,,,,,,29,,,29,,,,,,,,,,,,,,,,,,,,,,,,,,
,,,,,,,,,,,,,,3,3,,,,,,,,,,,,,,,,,,,,3,,3,,,,,,,,,,,,,,,,,,,,,,,,,,,
,,,,,,,,,,,,,,8,,8,,,,,,,,,,,,,,,,,,,8,,,8,,,,,,,,,,,,,,,,,,,,,,,,,,
,,,,,,,,,,,,,25,,25,,,,,,,,,,,,,,,,,,,,25,,25,,,,,,,,,,,,,,,,,,,,,,,,,,,
,,,,,,,,,,,,,,2,,2,,,,,,,,,,,,,,,,,,,2,,,2,,,,,,,,,,,,,,,,,,,,,,,,,,
,,,,,,,,,,,,,,37,,37,,,,,,,,,,,,,,,,,,,,37,,37,,,,,,,,,,,,,,,,,,,,,,,,,,
,,,,,,,,,,,,,13,,13,,,,,,,,,,,,,,,,,,,,,13,13,,,,,,,,,,,,,,,,,,,,,,,,,,,
,,,,,,,,,,,,,,36,36,,,,,,,,,,,,,,,,,,,,,36,36,,,,,,,,,,,,,,,,,,,,,,,,,,,
,,,,,,,,,,,,,7,,7,,,,,,,,,,,,,,,,,,,,,7,7,,,,,,,,,,,,,,,,,,,,,,,,,,,
,,,,,,,,,,,,,10,,,10,,,,,,,,,,,,,,,,,,,,10,,10,,,,,,,,,,,,,,,,,,,,,,,,,,
,,,,,,,,,,,,,,30,30,,,,,,,,,,,,,,,,,,,,30,,30,,,,,,,,,,,,,,,,,,,,,,,,,,,
,,,,,,,,,,,,,28,,28,,,,,,,,,,,,,,,,,,,,28,,28,,,,,,,,,,,,,,,,,,,,,,,,,,,
,,,,,,,,,,,,,25,,25,,,,,,,,,,,,,,,,,,,,25,,25,,,,,,,,,,,,,,,,,,,,,,,,,,,
,,,,,,,,,,,,,,39,39,,,,,,,,,,,,,,,,,,,,,39,39,,,,,,,,,,,,,,,,,,,,,,,,,,,
,,,,,,,,,,,,,44,,44,,,,,,,,,,,,,,,,,,,,,44,44,,,,,,,,,,,,,,,,,,,,,,,,,,,
,,,,,,,,,,,,,25,,25,,,,,,,,,,,,,,,,,,,,25,,25,,,,,,,,,,,,,,,,,,,,,,,,,,,
,,,,,,,,,,,,,27,,,27,,,,,,,,,,,,,,,,,,,27,,,27,,,,,,,,,,,,,,,,,,,,,,,,,,
,,,,,,,,,,,,,25,,25,,,,,,,,,,,,,,,,,,,,25,,25,,,,,,,,,,,,,,,,,,,,,,,,,,,
,,,,,,,,,,,,,,42,42,,,,,,,,,,,,,,,,,,,,,42,42,,,,,,,,,,,,,,,,,,,,,,,,,,,
,,,,,,,,,,,,,24,,,24,,,,,,,,,,,,,,,,,,,,24,,24,,,,,,,,,,,,,,,,,,,,,,,,,,
,,,,,,,,,,,,,,37,,37,,,,,,,,,,,,,,,,,,,,37,,37,,,,,,,,,,,,,,,,,,,,,,,,,,
,,,,,,,,,,,,,10,,,10,,,,,,,,,,,,,,,,,,,,10,,10,,,,,,,,,,,,,,,,,,,,,,,,,,
,,,,,,,,,,,,,15,,15,,,,,,,,,,,,,,,,,,,,,15,15,,,,,,,,,,,,,,,,,,,,,,,,,,,
,,,,,,,,,,,,,,33,,33,,,,,,,,,,,,,,,,,,,,33,,33,,,,,,,,,,,,,,,,,,,,,,,,,,
,,,,,,,,,,,,,15,,15,,,,,,,,,,,,,,,,,,,,,15,15,,,,,,,,,,,,,,,,,,,,,,,,,,,
,,,,,,,,,,,,,23,,,23,,,,,,,,,,,,,,,,,,,23,,,23,,,,,,,,,,,,,,,,,,,,,,,,,,
,,,,,,,,,,,,,,35,,35,,,,,,,,,,,,,,,,,,,,35,,35,,,,,,,,,,,,,,,,,,,,,,,,,,
,,,,,,,,,,,,,,19,,19,,,,,,,,,,,,,,,,,,,,19,,19,,,,,,,,,,,,,,,,,,,,,,,,,,
,,,,,,,,,,,,,,37,,37,,,,,,,,,,,,,,,,,,,,37,,37,,,,,,,,,,,,,,,,,,,,,,,,,,
,,,,,,,,,,,,,20,,20,,,,,,,,,,,,,,,,,,,,,20,20,,,,,,,,,,,,,,,,,,,,,,,,,,,
,,,,,,,,,,,,,25,,25,,,,,,,,,,,,,,,,,,,,25,,25,,,,,,,,,,,,,,,,,,,,,,,,,,,
,,,,,,,,,,,,,,46,,46,,,,,,,,,,,,,,,,,,,,46,,46,,,,,,,,,,,,,,,,,,,,,,,,,,
,,,,,,,,,,,,,10,,,10,,,,,,,,,,,,,,,,,,,,10,,10,,,,,,,,,,,,,,,,,,,,,,,,,,
,,,,,,,,,,,,,10,,,10,,,,,,,,,,,,,,,,,,,,10,,10,,,,,,,,,,,,,,,,,,,,,,,,,,
,,,,,,,,,,,,,13,,13,,,,,,,,,,,,,,,,,,,,,13,13,,,,,,,,,,,,,,,,,,,,,,,,,,,
,,,,,,,,,,,,,,34,34,,,,,,,,,,,,,,,,,,,,,34,34,,,,,,,,,,,,,,,,,,,,,,,,,,,
,,,,,,,,,,,,,,46,,46,,,,,,,,,,,,,,,,,,,,46,,46,,,,,,,,,,,,,,,,,,,,,,,,,,
,,,,,,,,,,,,,28,,28,,,,,,,,,,,,,,,,,,,,28,,28,,,,,,,,,,,,,,,,,,,,,,,,,,,
,,,,,,,,,,,,,,12,12,,,,,,,,,,,,,,,,,,,,12,,12,,,,,,,,,,,,,,,,,,,,,,,,,,,
,,,,,,,,,,,,,,42,42,,,,,,,,,,,,,,,,,,,,,42,42,,,,,,,,,,,,,,,,,,,,,,,,,,,
,,,,,,,,,,,,,,37,,37,,,,,,,,,,,,,,,,,,,,37,,37,,,,,,,,,,,,,,,,,,,,,,,,,,
,,,,,,,,,,,,,28,,28,,,,,,,,,,,,,,,,,,,,28,,28,,,,,,,,,,,,,,,,,,,,,,,,,,,
,,,,,,,,,,,,,,46,,46,,,,,,,,,,,,,,,,,,,,46,,46,,,,,,,,,,,,,,,,,,,,,,,,,,
,,,,,,,,,,,,,25,,25,,,,,,,,,,,,,,,,,,,,25,,25,,,,,,,,,,,,,,,,,,,,,,,,,,,
,,,,,,,,,,,,,,1,1,,,,,,,,,,,,,,,,,,,,,1,1,,,,,,,,,,,,,,,,,,,,,,,,,,,
,,,,,,,,,,,,,23,,,23,,,,,,,,,,,,,,,,,,,23,,,23,,,,,,,,,,,,,,,,,,,,,,,,,,
,,,,,,,,,,,,,,12,12,,,,,,,,,,,,,,,,,,,,12,,12,,,,,,,,,,,,,,,,,,,,,,,,,,,
,,,,,,,,,,,,,15,,15,,,,,,,,,,,,,,,,,,,,,15,15,,,,,,,,,,,,,,,,,,,,,,,,,,,
,,,,,,,,,,,,,48,,,48,,,,,,,,,,,,,,,,,,,,48,,48,,,,,,,,,,,,,,,,,,,,,,,,,,
,,,,,,,,,,,,,22,,22,,,,,,,,,,,,,,,,,,,,22,,22,,,,,,,,,,,,,,,,,,,,,,,,,,,
,,,,,,,,,,,,,17,,17,,,,,,,,,,,,,,,,,,,,17,,17,,,,,,,,,,,,,,,,,,,,,,,,,,,
,,,,,,,,,,,,,,36,36,,,,,,,,,,,,,,,,,,,,,36,36,,,,,,,,,,,,,,,,,,,,,,,,,,,
,,,,,,,,,,,,,,46,,46,,,,,,,,,,,,,,,,,,,,46,,46,,,,,,,,,,,,,,,,,,,,,,,,,,
,,,,,,,,,,,,,13,,13,,,,,,,,,,,,,,,,,,,,,13,13,,,,,,,,,,,,,,,,,,,,,,,,,,,
,,,,,,,,,,,,,,34,34,,,,,,,,,,,,,,,,,,,,,34,34,,,,,,,,,,,,,,,,,,,,,,,,,,,
,,,,,,,,,,,,,13,,13,,,,,,,,,,,,,,,,,,,,,13,13,,,,,,,,,,,,,,,,,,,,,,,,,,,
,,,,,,,,,,,,,,46,,46,,,,,,,,,,,,,,,,,,,,46,,46,,,,,,,,,,,,,,,,,,,,,,,,,,
,,,,,,,,,,,,,,1,1,,,,,,,,,,,,,,,,,,,,,1,1,,,,,,,,,,,,,,,,,,,,,,,,,,,
,,,,,,,,,,,,,10,,,10,,,,,,,,,,,,,,,,,,,,10,,10,,,,,,,,,,,,,,,,,,,,,,,,,,
,,,,,,,,,,,,,4,,,4,,,,,,,,,,,,,,,,,,,,4,,4,,,,,,,,,,,,,,,,,,,,,,,,,,
,,,,,,,,,,,,,,2,,2,,,,,,,,,,,,,,,,,,,2,,,2,,,,,,,,,,,,,,,,,,,,,,,,,,
,,,,,,,,,,,,,,9,9,,,,,,,,,,,,,,,,,,,,9,,9,,,,,,,,,,,,,,,,,,,,,,,,,,,
,,,,,,,,,,,,,,6,6,,,,,,,,,,,,,,,,,,,,6,,6,,,,,,,,,,,,,,,,,,,,,,,,,,,
,,,,,,,,,,,,,,9,9,,,,,,,,,,,,,,,,,,,,9,,9,,,,,,,,,,,,,,,,,,,,,,,,,,,
,,,,,,,,,,,,,14,,,14,,,,,,,,,,,,,,,,,,,,14,,14,,,,,,,,,,,,,,,,,,,,,,,,,,
,,,,,,,,,,,,,,35,,35,,,,,,,,,,,,,,,,,,,,35,,35,,,,,,,,,,,,,,,,,,,,,,,,,,
,,,,,,,,,,,,,26,,26,,,,,,,,,,,,,,,,,,,,,26,26,,,,,,,,,,,,,,,,,,,,,,,,,,,
,,,,,,,,,,,,,,33,,33,,,,,,,,,,,,,,,,,,,,33,,33,,,,,,,,,,,,,,,,,,,,,,,,,,
,,,,,,,,,,,,,24,,,24,,,,,,,,,,,,,,,,,,,,24,,24,,,,,,,,,,,,,,,,,,,,,,,,,,
,,,,,,,,,,,,,7,,7,,,,,,,,,,,,,,,,,,,,,7,7,,,,,,,,,,,,,,,,,,,,,,,,,,,
,,,,,,,,,,,,,17,,17,,,,,,,,,,,,,,,,,,,,17,,17,,,,,,,,,,,,,,,,,,,,,,,,,,,
,,,,,,,,,,,,,,35,,35,,,,,,,,,,,,,,,,,,,,35,,35,,,,,,,,,,,,,,,,,,,,,,,,,,
,,,,,,,,,,,,,10,,,10,,,,,,,,,,,,,,,,,,,,10,,10,,,,,,,,,,,,,,,,,,,,,,,,,,
,,,,,,,,,,,,,4,,,4,,,,,,,,,,,,,,,,,,,,4,,4,,,,,,,,,,,,,,,,,,,,,,,,,,
,,,,,,,,,,,,,,8,,8,,,,,,,,,,,,,,,,,,,8,,,8,,,,,,,,,,,,,,,,,,,,,,,,,,
,,,,,,,,,,,,,13,,13,,,,,,,,,,,,,,,,,,,,,13,13,,,,,,,,,,,,,,,,,,,,,,,,,,,
,,,,,,,,,,,,,7,,7,,,,,,,,,,,,,,,,,,,,,7,7,,,,,,,,,,,,,,,,,,,,,,,,,,,
