0,26,24,25,,,0,25,0,48,,,,,,,,,,,,,,,,,,,,,,,,,,,,,,,
1,27,23,26,,,1,26,4,47,,,,,,,,,,,,,,,,,,,,,,,,,,,,,,,
2,28,22,27,,,2,27,3,46,,,,,,,,,,,,,,,,,,,,,,,,,,,,,,,
3,29,21,28,,,3,28,2,45,,,,,,,,,,,,,,,,,,,,,,,,,,,,,,,
4,30,20,29,,,4,48,1,44,,,,,,,,,,,,,,,,,,,,,,,,,,,,,,,
5,31,19,30,,,5,29,5,43,,,,,,,,,,,,,,,,,,,,,,,,,,,,,,,
6,32,18,31,,,6,30,6,42,,,,,,,,,,,,,,,,,,,,,,,,,,,,,,,
7,33,17,32,,,7,31,7,41,,,,,,,,,,,,,,,,,,,,,,,,,,,,,,,
8,34,16,33,,,8,32,8,40,,,,,,,,,,,,,,,,,,,,,,,,,,,,,,,
9,35,15,34,,,9,33,9,39,,,,,,,,,,,,,,,,,,,,,,,,,,,,,,,
10,36,14,35,,,10,34,10,38,,,,,,,,,,,,,,,,,,,,,,,,,,,,,,,
11,37,13,36,,,11,35,11,37,,,,,,,,,,,,,,,,,,,,,,,,,,,,,,,
12,38,12,37,,,12,36,12,36,,,,,,,,,,,,,,,,,,,,,,,,,,,,,,,
13,39,11,38,,,13,37,13,35,,,,,,,,,,,,,,,,,,,,,,,,,,,,,,,
14,40,10,39,,,14,38,14,34,,,,,,,,,,,,,,,,,,,,,,,,,,,,,,,
15,41,9,40,,,15,39,15,33,,,,,,,,,,,,,,,,,,,,,,,,,,,,,,,
16,42,8,41,,,16,40,16,32,,,,,,,,,,,,,,,,,,,,,,,,,,,,,,,
17,43,7,42,,,17,41,17,31,,,,,,,,,,,,,,,,,,,,,,,,,,,,,,,
18,44,6,43,,,18,42,18,30,,,,,,,,,,,,,,,,,,,,,,,,,,,,,,,
19,45,5,44,,,19,43,19,29,,,,,,,,,,,,,,,,,,,,,,,,,,,,,,,
20,46,4,45,,,20,44,20,28,,,,,,,,,,,,,,,,,,,,,,,,,,,,,,,
21,47,3,46,,,21,45,21,27,,,,,,,,,,,,,,,,,,,,,,,,,,,,,,,
22,48,2,47,,,22,46,22,26,,,,,,,,,,,,,,,,,,,,,,,,,,,,,,,
23,25,1,48,,,23,47,23,25,,,,,,,,,,,,,,,,,,,,,,,,,,,,,,,
24,,0,,,,24,,24,,,,,,,,,,,,,,,,,,,,,,,,,,,,,,,,
,,,,,,,,,,,,,,,,,,,,,,,,,,,,,,,,,,,,,,,,
,,,,,,,,,,,,,,,,,,,,,,,,,,,,,,,,,,,,,,,,
,,,,,,,,,,,,,,,,,,,,,,,,,,,,,,,,,,,,,,,,
,,,,,,,,,,,,,,,,,,,,,,,,,,,,,,,,,,,,,,,,
,,,,,,,,,,,,,,,,,,,,,,,,,,,,,,,,,,,,,,,,
,,,,,,,,,,,,,,,,,,,,,,,,,,,,,,,,,,,,,,,,
,,,,,,,,,,,,,,,,,,,,,,,,,,,,,,,,,,,,,,,,
,,,,,,,,,,,,,,,,,,,,,,,,,,,,,,,,,,,,,,,,
,,,,,,,,,,,,,,,,,,,,,,,,,,,,,,,,,,,,,,,,
,,,,,,,,,,,,,,,,,,,,,,,,,,,,,,,,,,,,,,,,
,,,,,,,,,,,,,,,,,,,,,,,,,,,,,,,,,,,,,,,,
,,,,,,,,,,,,,,,,,,,,,,,,,,,,,,,,,,,,,,,,
,,,,,,,,,,,,,,,,,,,,,,,,,,,,,,,,,,,,,,,,
,,,,,,,,,,,,,,,,,,,,,,,,,,,,,,,,,,,,,,,,
,,,,,,,,,,,,,,,,,,,,,,,,,,,,,,,,,,,,,,,,
,,,,,,,,,,,,,,,,,,,,,,,,,,,,,,,,,,,,,,,,
,,,,,,,,,,,,,,,,,,,,,,,,,,,,,,,,,,,,,,,,
,,,,,,,,,,,,,,,,,,,,,,,,,,,,,,,,,,,,,,,,
,,,,,,,,,,,,,,,,,,,,,,,,,,,,,,,,,,,,,,,,
,,,,,,,,,,,,,,,,,,,,,,,,,,,,,,,,,,,,,,,,
,,,,,,,,,,,,,,,,,,,,,,,,,,,,,,,,,,,,,,,,
,,,,,,,,,,,,,,,,,,,,,,,,,,,,,,,,,,,,,,,,
,,,,,,,,,,,,,,,,,,,,,,,,,,,,,,,,,,,,,,,,
,,,,,,,,,,,,,,,,,,,,,,,,,,,,,,,,,,,,,,,,
,,,,,,,,,,,,,,,,,,,,,,,,,,,,,,,,,,,,,,,,
,,,,,,,,,,,,,,,,,,,,,,,,,,,,,,,,,,,,,,,,
,,,,,,,,,,,,,,,,,,,,,,,,,,,,,,,,,,,,,,,,
,,,,,,,,,,,,,,,,,,,,,,,,,,,,,,,,,,,,,,,,
,,,,,,,,,,,,,,,,,,,,,,,,,,,,,,,,,,,,,,,,
,,,,,,,,,,,,,,,,,,,,,,,,,,,,,,,,,,,,,,,,
,,,,,,,,,,,,,,,,,,,,,,,,,,,,,,,,,,,,,,,,
,,,,,,,,,,,,,,,,,,,,,,,,,,,,,,,,,,,,,,,,
,,,,,,,,,,,,,,,,,,,,,,,,,,,,,,,,,,,,,,,,
,,,,,,,,,,,,,,,,,,,,,,,,,,,,,,,,,,,,,,,,
