,,3,,3,,,,,,,,,3,,3,,,,,,,,,3,,3,,,,,,,,,,3,3,,,,,,,,,,,,,,,,,,,,,,,,,,,
,,4,,,4,,,,,,,,,4,,4,,,,,,,,,4,,4,,,,,,,,4,,,4,,,,,,,,,,,,,,,,,,,,,,,,,,
,,,8,8,,,,,,,,,8,,8,,,,,,,,,,8,8,,,,,,,,,8,,8,,,,,,,,,,,,,,,,,,,,,,,,,,,
,,,9,,9,,,,,,,,,9,9,,,,,,,,,9,,,9,,,,,,,,,9,,9,,,,,,,,,,,,,,,,,,,,,,,,,,
,,2,,,2,,,,,,,,2,,,2,,,,,,,,2,,,2,,,,,,,,,2,,2,,,,,,,,,,,,,,,,,,,,,,,,,,
,,,19,19,,,,,,,,,,19,,19,,,,,,,,19,,19,,,,,,,,,,19,19,,,,,,,,,,,,,,,,,,,,,,,,,,,
,,13,,,13,,,,,,,,13,,,13,,,,,,,,13,,,13,,,,,,,,,13,,13,,,,,,,,,,,,,,,,,,,,,,,,,,
,,,29,,29,,,,,,,,,29,29,,,,,,,,,29,,,29,,,,,,,,,29,,29,,,,,,,,,,,,,,,,,,,,,,,,,,
,,,7,,7,,,,,,,,7,,,7,,,,,,,,,7,,7,,,,,,,,7,,,7,,,,,,,,,,,,,,,,,,,,,,,,,,
,,,39,39,,,,,,,,,,39,,39,,,,,,,,39,,39,,,,,,,,,,39,39,,,,,,,,,,,,,,,,,,,,,,,,,,,
,,,30,30,,,,,,,,,,30,,30,,,,,,,,30,,30,,,,,,,,,,30,30,,,,,,,,,,,,,,,,,,,,,,,,,,,
,,,49,,49,,,,,,,,,49,49,,,,,,,,,49,,,49,,,,,,,,,49,,49,,,,,,,,,,,,,,,,,,,,,,,,,,
,,25,,25,,,,,,,,,,25,25,,,,,,,,,,25,25,,,,,,,,,25,,25,,,,,,,,,,,,,,,,,,,,,,,,,,,
,,,9,,9,,,,,,,,,9,9,,,,,,,,,9,,,9,,,,,,,,,9,,9,,,,,,,,,,,,,,,,,,,,,,,,,,
,,44,,,44,,,,,,,,,44,,44,,,,,,,,,44,,44,,,,,,,,44,,,44,,,,,,,,,,,,,,,,,,,,,,,,,,
,,,19,19,,,,,,,,,,19,,19,,,,,,,,19,,19,,,,,,,,,,19,19,,,,,,,,,,,,,,,,,,,,,,,,,,,
,,,27,,27,,,,,,,,27,,,27,,,,,,,,,27,,27,,,,,,,,27,,,27,,,,,,,,,,,,,,,,,,,,,,,,,,
,,,29,,29,,,,,,,,,29,29,,,,,,,,,29,,,29,,,,,,,,,29,,29,,,,,,,,,,,,,,,,,,,,,,,,,,
,,42,,,42,,,,,,,,42,,,42,,,,,,,,42,,,42,,,,,,,,,42,,42,,,,,,,,,,,,,,,,,,,,,,,,,,
,,,39,39,,,,,,,,,,39,,39,,,,,,,,39,,39,,,,,,,,,,39,39,,,,,,,,,,,,,,,,,,,,,,,,,,,
,,,37,37,,,,,,,,,37,,37,,,,,,,,,,37,37,,,,,,,,,37,,37,,,,,,,,,,,,,,,,,,,,,,,,,,,
,,,49,,49,,,,,,,,,49,49,,,,,,,,,49,,,49,,,,,,,,,49,,49,,,,,,,,,,,,,,,,,,,,,,,,,,
,,15,,,15,,,,,,,,,15,,15,,,,,,,,,15,,15,,,,,,,,15,,,15,,,,,,,,,,,,,,,,,,,,,,,,,,
,,,9,,9,,,,,,,,,9,9,,,,,,,,,9,,,9,,,,,,,,,9,,9,,,,,,,,,,,,,,,,,,,,,,,,,,
,,15,,,15,,,,,,,,,15,,15,,,,,,,,,15,,15,,,,,,,,15,,,15,,,,,,,,,,,,,,,,,,,,,,,,,,
,,,19,19,,,,,,,,,,19,,19,,,,,,,,19,,19,,,,,,,,,,19,19,,,,,,,,,,,,,,,,,,,,,,,,,,,
,,35,,,35,,,,,,,,,35,,35,,,,,,,,,35,,35,,,,,,,,35,,,35,,,,,,,,,,,,,,,,,,,,,,,,,,
,,,29,,29,,,,,,,,,29,29,,,,,,,,,29,,,29,,,,,,,,,29,,29,,,,,,,,,,,,,,,,,,,,,,,,,,
,,,37,37,,,,,,,,,37,,37,,,,,,,,,,37,37,,,,,,,,,37,,37,,,,,,,,,,,,,,,,,,,,,,,,,,,
,,,39,39,,,,,,,,,,39,,39,,,,,,,,39,,39,,,,,,,,,,39,39,,,,,,,,,,,,,,,,,,,,,,,,,,,
,,25,,25,,,,,,,,,,25,25,,,,,,,,,,25,25,,,,,,,,,25,,25,,,,,,,,,,,,,,,,,,,,,,,,,,,
,,,49,,49,,,,,,,,,49,49,,,,,,,,,49,,,49,,,,,,,,,49,,49,,,,,,,,,,,,,,,,,,,,,,,,,,
,,,10,10,,,,,,,,,,10,,10,,,,,,,,10,,10,,,,,,,,,,10,10,,,,,,,,,,,,,,,,,,,,,,,,,,,
,,,9,,9,,,,,,,,,9,9,,,,,,,,,9,,,9,,,,,,,,,9,,9,,,,,,,,,,,,,,,,,,,,,,,,,,
,,13,,,13,,,,,,,,13,,,13,,,,,,,,13,,,13,,,,,,,,,13,,13,,,,,,,,,,,,,,,,,,,,,,,,,,
,,,19,19,,,,,,,,,,19,,19,,,,,,,,19,,19,,,,,,,,,,19,19,,,,,,,,,,,,,,,,,,,,,,,,,,,
,,,46,46,,,,,,,,,46,,46,,,,,,,,,,46,46,,,,,,,,,46,,46,,,,,,,,,,,,,,,,,,,,,,,,,,,
,,,29,,29,,,,,,,,,29,29,,,,,,,,,29,,,29,,,,,,,,,29,,29,,,,,,,,,,,,,,,,,,,,,,,,,,
,,12,,12,,,,,,,,,12,,12,,,,,,,,,12,,12,,,,,,,,,,12,12,,,,,,,,,,,,,,,,,,,,,,,,,,,
,,,39,39,,,,,,,,,,39,,39,,,,,,,,39,,39,,,,,,,,,,39,39,,,,,,,,,,,,,,,,,,,,,,,,,,,
,,,37,37,,,,,,,,,37,,37,,,,,,,,,,37,37,,,,,,,,,37,,37,,,,,,,,,,,,,,,,,,,,,,,,,,,
,,,49,,49,,,,,,,,,49,49,,,,,,,,,49,,,49,,,,,,,,,49,,49,,,,,,,,,,,,,,,,,,,,,,,,,,
,,,46,46,,,,,,,,,46,,46,,,,,,,,,,46,46,,,,,,,,,46,,46,,,,,,,,,,,,,,,,,,,,,,,,,,,
,,,9,,9,,,,,,,,,9,9,,,,,,,,,9,,,9,,,,,,,,,9,,9,,,,,,,,,,,,,,,,,,,,,,,,,,
,,1,,1,,,,,,,,,1,,1,,,,,,,,,1,,1,,,,,,,,,1,,1,,,,,,,,,,,,,,,,,,,,,,,,,,,
,,,19,19,,,,,,,,,,19,,19,,,,,,,,19,,19,,,,,,,,,,19,19,,,,,,,,,,,,,,,,,,,,,,,,,,,
,,12,,12,,,,,,,,,12,,12,,,,,,,,,12,,12,,,,,,,,,,12,12,,,,,,,,,,,,,,,,,,,,,,,,,,,
,,,29,,29,,,,,,,,,29,29,,,,,,,,,29,,,29,,,,,,,,,29,,29,,,,,,,,,,,,,,,,,,,,,,,,,,
,,,48,48,,,,,,,,,,48,,48,,,,,,,,48,,48,,,,,,,,,48,,48,,,,,,,,,,,,,,,,,,,,,,,,,,,
,,,39,39,,,,,,,,,,39,,39,,,,,,,,39,,39,,,,,,,,,,39,39,,,,,,,,,,,,,,,,,,,,,,,,,,,
,,,17,17,,,,,,,,,17,,17,,,,,,,,,,17,17,,,,,,,,,17,,17,,,,,,,,,,,,,,,,,,,,,,,,,,,
,,,49,,49,,,,,,,,,49,49,,,,,,,,,49,,,49,,,,,,,,,49,,49,,,,,,,,,,,,,,,,,,,,,,,,,,
,,,46,46,,,,,,,,,46,,46,,,,,,,,,,46,46,,,,,,,,,46,,46,,,,,,,,,,,,,,,,,,,,,,,,,,,
,,,9,,9,,,,,,,,,9,9,,,,,,,,,9,,,9,,,,,,,,,9,,9,,,,,,,,,,,,,,,,,,,,,,,,,,
,,34,,34,,,,,,,,,,34,34,,,,,,,,,,34,34,,,,,,,,,34,,34,,,,,,,,,,,,,,,,,,,,,,,,,,,
,,,19,19,,,,,,,,,,19,,19,,,,,,,,19,,19,,,,,,,,,,19,19,,,,,,,,,,,,,,,,,,,,,,,,,,,
,,,46,46,,,,,,,,,46,,46,,,,,,,,,,46,46,,,,,,,,,46,,46,,,,,,,,,,,,,,,,,,,,,,,,,,,
,,,29,,29,,,,,,,,,29,29,,,,,,,,,29,,,29,,,,,,,,,29,,29,,,,,,,,,,,,,,,,,,,,,,,,,,
,,,10,10,,,,,,,,,,10,,10,,,,,,,,10,,10,,,,,,,,,,10,10,,,,,,,,,,,,,,,,,,,,,,,,,,,
,,,39,39,,,,,,,,,,39,,39,,,,,,,,39,,39,,,,,,,,,,39,39,,,,,,,,,,,,,,,,,,,,,,,,,,,
,,2,,,2,,,,,,,,2,,,2,,,,,,,,2,,,2,,,,,,,,,2,,2,,,,,,,,,,,,,,,,,,,,,,,,,,
,,,49,,49,,,,,,,,,49,49,,,,,,,,,49,,,49,,,,,,,,,49,,49,,,,,,,,,,,,,,,,,,,,,,,,,,
,,,6,6,,,,,,,,,6,,6,,,,,,,,,,6,6,,,,,,,,,,6,6,,,,,,,,,,,,,,,,,,,,,,,,,,,
,,,9,,9,,,,,,,,,9,9,,,,,,,,,9,,,9,,,,,,,,,9,,9,,,,,,,,,,,,,,,,,,,,,,,,,,
,,14,,14,,,,,,,,,,14,14,,,,,,,,,,14,14,,,,,,,,,14,,14,,,,,,,,,,,,,,,,,,,,,,,,,,,
,,,19,19,,,,,,,,,,19,,19,,,,,,,,19,,19,,,,,,,,,,19,19,,,,,,,,,,,,,,,,,,,,,,,,,,,
,,,26,26,,,,,,,,,26,,26,,,,,,,,,,26,26,,,,,,,,,,26,26,,,,,,,,,,,,,,,,,,,,,,,,,,,
,,,29,,29,,,,,,,,,29,29,,,,,,,,,29,,,29,,,,,,,,,29,,29,,,,,,,,,,,,,,,,,,,,,,,,,,
,,24,,,24,,,,,,,,,24,,24,,,,,,,,,24,,24,,,,,,,,24,,,24,,,,,,,,,,,,,,,,,,,,,,,,,,
,,,39,39,,,,,,,,,,39,,39,,,,,,,,39,,39,,,,,,,,,,39,39,,,,,,,,,,,,,,,,,,,,,,,,,,,
,,,17,17,,,,,,,,,17,,17,,,,,,,,,,17,17,,,,,,,,,17,,17,,,,,,,,,,,,,,,,,,,,,,,,,,,
,,,49,,49,,,,,,,,,49,49,,,,,,,,,49,,,49,,,,,,,,,49,,49,,,,,,,,,,,,,,,,,,,,,,,,,,
,,,10,10,,,,,,,,,,10,,10,,,,,,,,10,,10,,,,,,,,,,10,10,,,,,,,,,,,,,,,,,,,,,,,,,,,
,,,9,,9,,,,,,,,,9,9,,,,,,,,,9,,,9,,,,,,,,,9,,9,,,,,,,,,,,,,,,,,,,,,,,,,,
,,,8,8,,,,,,,,,8,,8,,,,,,,,,,8,8,,,,,,,,,8,,8,,,,,,,,,,,,,,,,,,,,,,,,,,,
,,,29,,29,,,,,,,,,29,29,,,,,,,,,29,,,29,,,,,,,,,29,,29,,,,,,,,,,,,,,,,,,,,,,,,,,
,,,7,,7,,,,,,,,7,,,7,,,,,,,,,7,,7,,,,,,,,7,,,7,,,,,,,,,,,,,,,,,,,,,,,,,,
