,,3,,,3,,,,,,,,3,,,3,,,,,,,,,3,,3,,,,,,3,,,3,,,,,,,,,,,,,,,,,,,,,,,,,,,,
,,,4,,4,,,,,,,,,4,,4,,,,,,,,4,,,4,,,,,,4,,,4,,,,,,,,,,,,,,,,,,,,,,,,,,,,
,,,10,10,,,,,,,,,10,,10,,,,,,,,,,10,10,,,,,,,,10,10,,,,,,,,,,,,,,,,,,,,,,,,,,,,,
,,25,,,25,,,,,,,,25,,,25,,,,,,,,,25,,25,,,,,,25,,,25,,,,,,,,,,,,,,,,,,,,,,,,,,,,
,,47,,,47,,,,,,,,,47,,47,,,,,,,,47,,,47,,,,,,,47,,47,,,,,,,,,,,,,,,,,,,,,,,,,,,,
,,,26,,26,,,,,,,,26,,,26,,,,,,,,26,,,26,,,,,,,26,,26,,,,,,,,,,,,,,,,,,,,,,,,,,,,
,,27,,27,,,,,,,,,,27,27,,,,,,,,,27,,27,,,,,,,,27,27,,,,,,,,,,,,,,,,,,,,,,,,,,,,,
,,41,,41,,,,,,,,,41,,41,,,,,,,,,41,,41,,,,,,,41,,41,,,,,,,,,,,,,,,,,,,,,,,,,,,,,
,,25,,,25,,,,,,,,25,,,25,,,,,,,,,25,,25,,,,,,25,,,25,,,,,,,,,,,,,,,,,,,,,,,,,,,,
,,,2,2,,,,,,,,,,2,2,,,,,,,,,,2,2,,,,,,,2,,2,,,,,,,,,,,,,,,,,,,,,,,,,,,,,
,,,26,,26,,,,,,,,26,,,26,,,,,,,,26,,,26,,,,,,,26,,26,,,,,,,,,,,,,,,,,,,,,,,,,,,,
,,,44,,44,,,,,,,,,44,,44,,,,,,,,44,,,44,,,,,,44,,,44,,,,,,,,,,,,,,,,,,,,,,,,,,,,
,,27,,27,,,,,,,,,,27,27,,,,,,,,,27,,27,,,,,,,,27,27,,,,,,,,,,,,,,,,,,,,,,,,,,,,,
,,,31,,31,,,,,,,,,31,,31,,,,,,,,,31,,31,,,,,,31,,,31,,,,,,,,,,,,,,,,,,,,,,,,,,,,
,,25,,,25,,,,,,,,25,,,25,,,,,,,,,25,,25,,,,,,25,,,25,,,,,,,,,,,,,,,,,,,,,,,,,,,,
,,23,,23,,,,,,,,,23,,23,,,,,,,,,,23,23,,,,,,,23,,23,,,,,,,,,,,,,,,,,,,,,,,,,,,,,
,,,26,,26,,,,,,,,26,,,26,,,,,,,,26,,,26,,,,,,,26,,26,,,,,,,,,,,,,,,,,,,,,,,,,,,,
,,3,,,3,,,,,,,,3,,,3,,,,,,,,,3,,3,,,,,,3,,,3,,,,,,,,,,,,,,,,,,,,,,,,,,,,
,,27,,27,,,,,,,,,,27,27,,,,,,,,,27,,27,,,,,,,,27,27,,,,,,,,,,,,,,,,,,,,,,,,,,,,,
,,,44,,44,,,,,,,,,44,,44,,,,,,,,44,,,44,,,,,,44,,,44,,,,,,,,,,,,,,,,,,,,,,,,,,,,
,,25,,,25,,,,,,,,25,,,25,,,,,,,,,25,,25,,,,,,25,,,25,,,,,,,,,,,,,,,,,,,,,,,,,,,,
,,,15,15,,,,,,,,,,15,15,,,,,,,,,15,,15,,,,,,,15,,15,,,,,,,,,,,,,,,,,,,,,,,,,,,,,
,,,26,,26,,,,,,,,26,,,26,,,,,,,,26,,,26,,,,,,,26,,26,,,,,,,,,,,,,,,,,,,,,,,,,,,,
,,49,,49,,,,,,,,,,49,49,,,,,,,,,49,,49,,,,,,,,49,49,,,,,,,,,,,,,,,,,,,,,,,,,,,,,
,,27,,27,,,,,,,,,,27,27,,,,,,,,,27,,27,,,,,,,,27,27,,,,,,,,,,,,,,,,,,,,,,,,,,,,,
,,,33,33,,,,,,,,,,33,33,,,,,,,,,33,,33,,,,,,,33,,33,,,,,,,,,,,,,,,,,,,,,,,,,,,,,
,,25,,,25,,,,,,,,25,,,25,,,,,,,,,25,,25,,,,,,25,,,25,,,,,,,,,,,,,,,,,,,,,,,,,,,,
,,5,,5,,,,,,,,,5,,5,,,,,,,,,,5,5,,,,,,,5,,5,,,,,,,,,,,,,,,,,,,,,,,,,,,,,
,,,26,,26,,,,,,,,26,,,26,,,,,,,,26,,,26,,,,,,,26,,26,,,,,,,,,,,,,,,,,,,,,,,,,,,,
,,,39,,39,,,,,,,,39,,,39,,,,,,,,,39,,39,,,,,,,39,,39,,,,,,,,,,,,,,,,,,,,,,,,,,,,
,,27,,27,,,,,,,,,,27,27,,,,,,,,,27,,27,,,,,,,,27,27,,,,,,,,,,,,,,,,,,,,,,,,,,,,,
,,38,,,38,,,,,,,,,38,,38,,,,,,,,38,,,38,,,,,,,38,,38,,,,,,,,,,,,,,,,,,,,,,,,,,,,
,,25,,,25,,,,,,,,25,,,25,,,,,,,,,25,,25,,,,,,25,,,25,,,,,,,,,,,,,,,,,,,,,,,,,,,,
,,45,,45,,,,,,,,,,45,45,,,,,,,,,,45,45,,,,,,,,45,45,,,,,,,,,,,,,,,,,,,,,,,,,,,,,
,,,26,,26,,,,,,,,26,,,26,,,,,,,,26,,,26,,,,,,,26,,26,,,,,,,,,,,,,,,,,,,,,,,,,,,,
,,18,,18,,,,,,,,,,18,18,,,,,,,,,18,,18,,,,,,,,18,18,,,,,,,,,,,,,,,,,,,,,,,,,,,,,
,,27,,27,,,,,,,,,,27,27,,,,,,,,,27,,27,,,,,,,,27,27,,,,,,,,,,,,,,,,,,,,,,,,,,,,,
,,16,,,16,,,,,,,,,16,,16,,,,,,,,,16,,16,,,,,,,16,,16,,,,,,,,,,,,,,,,,,,,,,,,,,,,
,,25,,,25,,,,,,,,25,,,25,,,,,,,,,25,,25,,,,,,25,,,25,,,,,,,,,,,,,,,,,,,,,,,,,,,,
,,12,,,12,,,,,,,,12,,,12,,,,,,,,,12,,12,,,,,,12,,,12,,,,,,,,,,,,,,,,,,,,,,,,,,,,
,,,26,,26,,,,,,,,26,,,26,,,,,,,,26,,,26,,,,,,,26,,26,,,,,,,,,,,,,,,,,,,,,,,,,,,,
,,20,,,20,,,,,,,,,20,,20,,,,,,,,20,,,20,,,,,,,20,,20,,,,,,,,,,,,,,,,,,,,,,,,,,,,
,,27,,27,,,,,,,,,,27,27,,,,,,,,,27,,27,,,,,,,,27,27,,,,,,,,,,,,,,,,,,,,,,,,,,,,,
,,,6,6,,,,,,,,,6,,6,,,,,,,,,6,,6,,,,,,,6,,,6,,,,,,,,,,,,,,,,,,,,,,,,,,,,
,,25,,,25,,,,,,,,25,,,25,,,,,,,,,25,,25,,,,,,25,,,25,,,,,,,,,,,,,,,,,,,,,,,,,,,,
,,36,,36,,,,,,,,,,36,36,,,,,,,,,,36,36,,,,,,,,36,36,,,,,,,,,,,,,,,,,,,,,,,,,,,,,
,,,26,,26,,,,,,,,26,,,26,,,,,,,,26,,,26,,,,,,,26,,26,,,,,,,,,,,,,,,,,,,,,,,,,,,,
,,47,,,47,,,,,,,,,47,,47,,,,,,,,47,,,47,,,,,,,47,,47,,,,,,,,,,,,,,,,,,,,,,,,,,,,
,,27,,27,,,,,,,,,,27,27,,,,,,,,,27,,27,,,,,,,,27,27,,,,,,,,,,,,,,,,,,,,,,,,,,,,,
,,41,,41,,,,,,,,,41,,41,,,,,,,,,41,,41,,,,,,,41,,41,,,,,,,,,,,,,,,,,,,,,,,,,,,,,
,,25,,,25,,,,,,,,25,,,25,,,,,,,,,25,,25,,,,,,25,,,25,,,,,,,,,,,,,,,,,,,,,,,,,,,,
,,,26,,26,,,,,,,,26,,,26,,,,,,,,26,,,26,,,,,,,26,,26,,,,,,,,,,,,,,,,,,,,,,,,,,,,
,,,26,,26,,,,,,,,26,,,26,,,,,,,,26,,,26,,,,,,,26,,26,,,,,,,,,,,,,,,,,,,,,,,,,,,,
,,,17,,17,,,,,,,,17,,,17,,,,,,,,,17,,17,,,,,,,17,,17,,,,,,,,,,,,,,,,,,,,,,,,,,,,
,,27,,27,,,,,,,,,,27,27,,,,,,,,,27,,27,,,,,,,,27,27,,,,,,,,,,,,,,,,,,,,,,,,,,,,,
,,,37,37,,,,,,,,,37,,37,,,,,,,,,,37,37,,,,,,,,37,37,,,,,,,,,,,,,,,,,,,,,,,,,,,,,
,,25,,,25,,,,,,,,25,,,25,,,,,,,,,25,,25,,,,,,25,,,25,,,,,,,,,,,,,,,,,,,,,,,,,,,,
,,49,,49,,,,,,,,,,49,49,,,,,,,,,49,,49,,,,,,,,49,49,,,,,,,,,,,,,,,,,,,,,,,,,,,,,
,,,26,,26,,,,,,,,26,,,26,,,,,,,,26,,,26,,,,,,,26,,26,,,,,,,,,,,,,,,,,,,,,,,,,,,,
,,34,,,34,,,,,,,,34,,,34,,,,,,,,,34,,34,,,,,,34,,,34,,,,,,,,,,,,,,,,,,,,,,,,,,,,
,,27,,27,,,,,,,,,,27,27,,,,,,,,,27,,27,,,,,,,,27,27,,,,,,,,,,,,,,,,,,,,,,,,,,,,,
,,,26,,26,,,,,,,,26,,,26,,,,,,,,26,,,26,,,,,,,26,,26,,,,,,,,,,,,,,,,,,,,,,,,,,,,
,,25,,,25,,,,,,,,25,,,25,,,,,,,,,25,,25,,,,,,25,,,25,,,,,,,,,,,,,,,,,,,,,,,,,,,,
,,40,,,40,,,,,,,,,40,40,,,,,,,,,40,,40,,,,,,,,40,40,,,,,,,,,,,,,,,,,,,,,,,,,,,,,
,,,26,,26,,,,,,,,26,,,26,,,,,,,,26,,,26,,,,,,,26,,26,,,,,,,,,,,,,,,,,,,,,,,,,,,,
,,29,,,29,,,,,,,,,29,,29,,,,,,,,29,,,29,,,,,,,29,,29,,,,,,,,,,,,,,,,,,,,,,,,,,,,
,,27,,27,,,,,,,,,,27,27,,,,,,,,,27,,27,,,,,,,,27,27,,,,,,,,,,,,,,,,,,,,,,,,,,,,,
,,25,,,25,,,,,,,,25,,,25,,,,,,,,,25,,25,,,,,,25,,,25,,,,,,,,,,,,,,,,,,,,,,,,,,,,
,,25,,,25,,,,,,,,25,,,25,,,,,,,,,25,,25,,,,,,25,,,25,,,,,,,,,,,,,,,,,,,,,,,,,,,,
,,,2,2,,,,,,,,,,2,2,,,,,,,,,,2,2,,,,,,,2,,2,,,,,,,,,,,,,,,,,,,,,,,,,,,,,
,,,26,,26,,,,,,,,26,,,26,,,,,,,,26,,,26,,,,,,,26,,26,,,,,,,,,,,,,,,,,,,,,,,,,,,,
,,47,,,47,,,,,,,,,47,,47,,,,,,,,47,,,47,,,,,,,47,,47,,,,,,,,,,,,,,,,,,,,,,,,,,,,
,,27,,27,,,,,,,,,,27,27,,,,,,,,,27,,27,,,,,,,,27,27,,,,,,,,,,,,,,,,,,,,,,,,,,,,,
,,,15,15,,,,,,,,,,15,15,,,,,,,,,15,,15,,,,,,,15,,15,,,,,,,,,,,,,,,,,,,,,,,,,,,,,
