,,3,,,3,,,,,,,,,3,,3,,,,,,,,,3,,3,,,,,,,,3,,,3,,,,,,,,,,,,,,,,,,,,,,,,,,
,,,4,4,,,,,,,,,4,,4,,,,,,,,,,4,4,,,,,,,,,4,,4,,,,,,,,,,,,,,,,,,,,,,,,,,,
,,,39,,39,,,,,,,,,39,,39,,,,,,,,39,,,39,,,,,,,,,39,,39,,,,,,,,,,,,,,,,,,,,,,,,,,
,,,29,,29,,,,,,,,29,,,29,,,,,,,,,29,,29,,,,,,,,29,,,29,,,,,,,,,,,,,,,,,,,,,,,,,,
,,,13,,13,,,,,,,,,13,,13,,,,,,,,13,,,13,,,,,,,,13,,,13,,,,,,,,,,,,,,,,,,,,,,,,,,
,,5,,,5,,,,,,,,5,,,5,,,,,,,,5,,,5,,,,,,,,,5,,5,,,,,,,,,,,,,,,,,,,,,,,,,,
,,2,,2,,,,,,,,,,2,2,,,,,,,,,,2,2,,,,,,,,,2,,2,,,,,,,,,,,,,,,,,,,,,,,,,,,
,,30,,30,,,,,,,,,30,,30,,,,,,,,,30,,30,,,,,,,,,30,,30,,,,,,,,,,,,,,,,,,,,,,,,,,,
,,5,,,5,,,,,,,,5,,,5,,,,,,,,5,,,5,,,,,,,,,5,,5,,,,,,,,,,,,,,,,,,,,,,,,,,
,,,21,,21,,,,,,,,21,,,21,,,,,,,,,21,,21,,,,,,,,21,,,21,,,,,,,,,,,,,,,,,,,,,,,,,,
,,,32,,32,,,,,,,,32,,,32,,,,,,,,,32,,32,,,,,,,,32,,,32,,,,,,,,,,,,,,,,,,,,,,,,,,
,,12,,12,,,,,,,,,12,,12,,,,,,,,,12,,12,,,,,,,,,12,,12,,,,,,,,,,,,,,,,,,,,,,,,,,,
,,,9,9,,,,,,,,,,9,9,,,,,,,,,9,,9,,,,,,,,,9,,9,,,,,,,,,,,,,,,,,,,,,,,,,,,
,,27,,27,,,,,,,,,27,,27,,,,,,,,,27,,27,,,,,,,,,,27,27,,,,,,,,,,,,,,,,,,,,,,,,,,,
,,,21,,21,,,,,,,,21,,,21,,,,,,,,,21,,21,,,,,,,,21,,,21,,,,,,,,,,,,,,,,,,,,,,,,,,
,,,10,10,,,,,,,,,10,,10,,,,,,,,,,10,10,,,,,,,,,,10,10,,,,,,,,,,,,,,,,,,,,,,,,,,,
,,27,,27,,,,,,,,,27,,27,,,,,,,,,27,,27,,,,,,,,,,27,27,,,,,,,,,,,,,,,,,,,,,,,,,,,
,,34,,,34,,,,,,,,34,,,34,,,,,,,,34,,,34,,,,,,,,,34,,34,,,,,,,,,,,,,,,,,,,,,,,,,,
,,,9,9,,,,,,,,,,9,9,,,,,,,,,9,,9,,,,,,,,,9,,9,,,,,,,,,,,,,,,,,,,,,,,,,,,
,,12,,12,,,,,,,,,12,,12,,,,,,,,,12,,12,,,,,,,,,12,,12,,,,,,,,,,,,,,,,,,,,,,,,,,,
,,,14,,14,,,,,,,,14,,,14,,,,,,,,,14,,14,,,,,,,,,14,,14,,,,,,,,,,,,,,,,,,,,,,,,,,
,,,35,35,,,,,,,,,,35,35,,,,,,,,,35,,35,,,,,,,,,,35,35,,,,,,,,,,,,,,,,,,,,,,,,,,,
,,37,,37,,,,,,,,,,37,37,,,,,,,,,,37,37,,,,,,,,,37,,37,,,,,,,,,,,,,,,,,,,,,,,,,,,
,,27,,27,,,,,,,,,27,,27,,,,,,,,,27,,27,,,,,,,,,,27,27,,,,,,,,,,,,,,,,,,,,,,,,,,,
,,38,,38,,,,,,,,,38,,38,,,,,,,,,38,,38,,,,,,,,,,38,38,,,,,,,,,,,,,,,,,,,,,,,,,,,
,,19,,19,,,,,,,,,,19,19,,,,,,,,,,19,19,,,,,,,,,,19,19,,,,,,,,,,,,,,,,,,,,,,,,,,,
,,,6,,6,,,,,,,,,6,,6,,,,,,,,6,,,6,,,,,,,,,6,,6,,,,,,,,,,,,,,,,,,,,,,,,,,
,,16,,,16,,,,,,,,16,,,16,,,,,,,,16,,,16,,,,,,,,16,,,16,,,,,,,,,,,,,,,,,,,,,,,,,,
,,,48,48,,,,,,,,,,48,48,,,,,,,,,48,,48,,,,,,,,,,48,48,,,,,,,,,,,,,,,,,,,,,,,,,,,
,,24,,24,,,,,,,,,,24,24,,,,,,,,,,24,24,,,,,,,,,24,,24,,,,,,,,,,,,,,,,,,,,,,,,,,,
,,,25,25,,,,,,,,,25,,25,,,,,,,,,,25,25,,,,,,,,,25,,25,,,,,,,,,,,,,,,,,,,,,,,,,,,
,,,14,,14,,,,,,,,14,,,14,,,,,,,,,14,,14,,,,,,,,,14,,14,,,,,,,,,,,,,,,,,,,,,,,,,,
,,46,,,46,,,,,,,,,46,,46,,,,,,,,,46,,46,,,,,,,,46,,,46,,,,,,,,,,,,,,,,,,,,,,,,,,
,,5,,,5,,,,,,,,5,,,5,,,,,,,,5,,,5,,,,,,,,,5,,5,,,,,,,,,,,,,,,,,,,,,,,,,,
,,27,,27,,,,,,,,,27,,27,,,,,,,,,27,,27,,,,,,,,,,27,27,,,,,,,,,,,,,,,,,,,,,,,,,,,
,,,29,,29,,,,,,,,29,,,29,,,,,,,,,29,,29,,,,,,,,29,,,29,,,,,,,,,,,,,,,,,,,,,,,,,,
,,,6,,6,,,,,,,,,6,,6,,,,,,,,6,,,6,,,,,,,,,6,,6,,,,,,,,,,,,,,,,,,,,,,,,,,
,,2,,2,,,,,,,,,,2,2,,,,,,,,,,2,2,,,,,,,,,2,,2,,,,,,,,,,,,,,,,,,,,,,,,,,,
,,20,,,20,,,,,,,,,20,,20,,,,,,,,,20,,20,,,,,,,,20,,,20,,,,,,,,,,,,,,,,,,,,,,,,,,
,,12,,12,,,,,,,,,12,,12,,,,,,,,,12,,12,,,,,,,,,12,,12,,,,,,,,,,,,,,,,,,,,,,,,,,,
,,,26,,26,,,,,,,,,26,,26,,,,,,,,26,,,26,,,,,,,,,26,,26,,,,,,,,,,,,,,,,,,,,,,,,,,
,,,14,,14,,,,,,,,14,,,14,,,,,,,,,14,,14,,,,,,,,,14,,14,,,,,,,,,,,,,,,,,,,,,,,,,,
,,,25,25,,,,,,,,,25,,25,,,,,,,,,,25,25,,,,,,,,,25,,25,,,,,,,,,,,,,,,,,,,,,,,,,,,
,,,6,,6,,,,,,,,,6,,6,,,,,,,,6,,,6,,,,,,,,,6,,6,,,,,,,,,,,,,,,,,,,,,,,,,,
,,28,,,28,,,,,,,,,28,,28,,,,,,,,,28,,28,,,,,,,,28,,,28,,,,,,,,,,,,,,,,,,,,,,,,,,
,,38,,38,,,,,,,,,38,,38,,,,,,,,,38,,38,,,,,,,,,,38,38,,,,,,,,,,,,,,,,,,,,,,,,,,,
,,20,,,20,,,,,,,,,20,,20,,,,,,,,,20,,20,,,,,,,,20,,,20,,,,,,,,,,,,,,,,,,,,,,,,,,
,,,7,7,,,,,,,,,,7,7,,,,,,,,,7,,7,,,,,,,,,,7,7,,,,,,,,,,,,,,,,,,,,,,,,,,,
,,49,,,49,,,,,,,,49,,,49,,,,,,,,49,,,49,,,,,,,,,49,,49,,,,,,,,,,,,,,,,,,,,,,,,,,
,,,31,,31,,,,,,,,,31,,31,,,,,,,,31,,,31,,,,,,,,,31,,31,,,,,,,,,,,,,,,,,,,,,,,,,,
,,,6,,6,,,,,,,,,6,,6,,,,,,,,6,,,6,,,,,,,,,6,,6,,,,,,,,,,,,,,,,,,,,,,,,,,
,,,40,40,,,,,,,,,,40,40,,,,,,,,,40,,40,,,,,,,,,,40,40,,,,,,,,,,,,,,,,,,,,,,,,,,,
,,,29,,29,,,,,,,,29,,,29,,,,,,,,,29,,29,,,,,,,,29,,,29,,,,,,,,,,,,,,,,,,,,,,,,,,
,,,6,,6,,,,,,,,,6,,6,,,,,,,,6,,,6,,,,,,,,,6,,6,,,,,,,,,,,,,,,,,,,,,,,,,,
,,8,,8,,,,,,,,,8,,8,,,,,,,,,8,,8,,,,,,,,,,8,8,,,,,,,,,,,,,,,,,,,,,,,,,,,
,,,10,10,,,,,,,,,10,,10,,,,,,,,,,10,10,,,,,,,,,,10,10,,,,,,,,,,,,,,,,,,,,,,,,,,,
,,34,,,34,,,,,,,,34,,,34,,,,,,,,34,,,34,,,,,,,,,34,,34,,,,,,,,,,,,,,,,,,,,,,,,,,
,,37,,37,,,,,,,,,,37,37,,,,,,,,,,37,37,,,,,,,,,37,,37,,,,,,,,,,,,,,,,,,,,,,,,,,,
,,,21,,21,,,,,,,,21,,,21,,,,,,,,,21,,21,,,,,,,,21,,,21,,,,,,,,,,,,,,,,,,,,,,,,,,
,,,36,36,,,,,,,,,36,,36,,,,,,,,,,36,36,,,,,,,,,36,,36,,,,,,,,,,,,,,,,,,,,,,,,,,,
,,,13,,13,,,,,,,,,13,,13,,,,,,,,13,,,13,,,,,,,,13,,,13,,,,,,,,,,,,,,,,,,,,,,,,,,
,,41,,,41,,,,,,,,41,,,41,,,,,,,,41,,,41,,,,,,,,,41,,41,,,,,,,,,,,,,,,,,,,,,,,,,,
,,30,,30,,,,,,,,,30,,30,,,,,,,,,30,,30,,,,,,,,,30,,30,,,,,,,,,,,,,,,,,,,,,,,,,,,
,,2,,2,,,,,,,,,,2,2,,,,,,,,,,2,2,,,,,,,,,2,,2,,,,,,,,,,,,,,,,,,,,,,,,,,,
,,,25,25,,,,,,,,,25,,25,,,,,,,,,,25,25,,,,,,,,,25,,25,,,,,,,,,,,,,,,,,,,,,,,,,,,
,,,44,,44,,,,,,,,,44,,44,,,,,,,,44,,,44,,,,,,,,,44,,44,,,,,,,,,,,,,,,,,,,,,,,,,,
,,49,,,49,,,,,,,,49,,,49,,,,,,,,49,,,49,,,,,,,,,49,,49,,,,,,,,,,,,,,,,,,,,,,,,,,
,,,25,25,,,,,,,,,25,,25,,,,,,,,,,25,25,,,,,,,,,25,,25,,,,,,,,,,,,,,,,,,,,,,,,,,,
,,38,,38,,,,,,,,,38,,38,,,,,,,,,38,,38,,,,,,,,,,38,38,,,,,,,,,,,,,,,,,,,,,,,,,,,
,,,25,25,,,,,,,,,25,,25,,,,,,,,,,25,25,,,,,,,,,25,,25,,,,,,,,,,,,,,,,,,,,,,,,,,,
,,24,,24,,,,,,,,,,24,24,,,,,,,,,,24,24,,,,,,,,,24,,24,,,,,,,,,,,,,,,,,,,,,,,,,,,
,,3,,,3,,,,,,,,,3,,3,,,,,,,,,3,,3,,,,,,,,3,,,3,,,,,,,,,,,,,,,,,,,,,,,,,,
,,37,,37,,,,,,,,,,37,37,,,,,,,,,,37,37,,,,,,,,,37,,37,,,,,,,,,,,,,,,,,,,,,,,,,,,
,,,44,,44,,,,,,,,,44,,44,,,,,,,,44,,,44,,,,,,,,,44,,44,,,,,,,,,,,,,,,,,,,,,,,,,,
,,15,,,15,,,,,,,,,15,,15,,,,,,,,,15,,15,,,,,,,,,15,,15,,,,,,,,,,,,,,,,,,,,,,,,,,
,,15,,,15,,,,,,,,,15,,15,,,,,,,,,15,,15,,,,,,,,,15,,15,,,,,,,,,,,,,,,,,,,,,,,,,,
,,38,,38,,,,,,,,,38,,38,,,,,,,,,38,,38,,,,,,,,,,38,38,,,,,,,,,,,,,,,,,,,,,,,,,,,
,,23,,,23,,,,,,,,23,,,23,,,,,,,,23,,,23,,,,,,,,,23,,23,,,,,,,,,,,,,,,,,,,,,,,,,,
,,24,,24,,,,,,,,,,24,24,,,,,,,,,,24,24,,,,,,,,,24,,24,,,,,,,,,,,,,,,,,,,,,,,,,,,
,,19,,19,,,,,,,,,,19,19,,,,,,,,,,19,19,,,,,,,,,,19,19,,,,,,,,,,,,,,,,,,,,,,,,,,,
,,2,,2,,,,,,,,,,2,2,,,,,,,,,,2,2,,,,,,,,,2,,2,,,,,,,,,,,,,,,,,,,,,,,,,,,
,,5,,,5,,,,,,,,5,,,5,,,,,,,,5,,,5,,,,,,,,,5,,5,,,,,,,,,,,,,,,,,,,,,,,,,,
,,,25,25,,,,,,,,,25,,25,,,,,,,,,,25,25,,,,,,,,,25,,25,,,,,,,,,,,,,,,,,,,,,,,,,,,
,,,39,,39,,,,,,,,,39,,39,,,,,,,,39,,,39,,,,,,,,,39,,39,,,,,,,,,,,,,,,,,,,,,,,,,,
,,,10,10,,,,,,,,,10,,10,,,,,,,,,,10,10,,,,,,,,,,10,10,,,,,,,,,,,,,,,,,,,,,,,,,,,
,,38,,38,,,,,,,,,38,,38,,,,,,,,,38,,38,,,,,,,,,,38,38,,,,,,,,,,,,,,,,,,,,,,,,,,,
,,,4,4,,,,,,,,,4,,4,,,,,,,,,,4,4,,,,,,,,,4,,4,,,,,,,,,,,,,,,,,,,,,,,,,,,
,,34,,,34,,,,,,,,34,,,34,,,,,,,,34,,,34,,,,,,,,,34,,34,,,,,,,,,,,,,,,,,,,,,,,,,,
,,5,,,5,,,,,,,,5,,,5,,,,,,,,5,,,5,,,,,,,,,5,,5,,,,,,,,,,,,,,,,,,,,,,,,,,
,,28,,,28,,,,,,,,,28,,28,,,,,,,,,28,,28,,,,,,,,28,,,28,,,,,,,,,,,,,,,,,,,,,,,,,,
,,,21,,21,,,,,,,,21,,,21,,,,,,,,,21,,21,,,,,,,,21,,,21,,,,,,,,,,,,,,,,,,,,,,,,,,
,,16,,,16,,,,,,,,16,,,16,,,,,,,,16,,,16,,,,,,,,16,,,16,,,,,,,,,,,,,,,,,,,,,,,,,,
,,37,,37,,,,,,,,,,37,37,,,,,,,,,,37,37,,,,,,,,,37,,37,,,,,,,,,,,,,,,,,,,,,,,,,,,
,,12,,12,,,,,,,,,12,,12,,,,,,,,,12,,12,,,,,,,,,12,,12,,,,,,,,,,,,,,,,,,,,,,,,,,,
,,46,,,46,,,,,,,,,46,,46,,,,,,,,,46,,46,,,,,,,,46,,,46,,,,,,,,,,,,,,,,,,,,,,,,,,
,,20,,,20,,,,,,,,,20,,20,,,,,,,,,20,,20,,,,,,,,20,,,20,,,,,,,,,,,,,,,,,,,,,,,,,,
,,34,,,34,,,,,,,,34,,,34,,,,,,,,34,,,34,,,,,,,,,34,,34,,,,,,,,,,,,,,,,,,,,,,,,,,
,,23,,,23,,,,,,,,23,,,23,,,,,,,,23,,,23,,,,,,,,,23,,23,,,,,,,,,,,,,,,,,,,,,,,,,,
,,,26,,26,,,,,,,,,26,,26,,,,,,,,26,,,26,,,,,,,,,26,,26,,,,,,,,,,,,,,,,,,,,,,,,,,
,,15,,,15,,,,,,,,,15,,15,,,,,,,,,15,,15,,,,,,,,,15,,15,,,,,,,,,,,,,,,,,,,,,,,,,,
,,30,,30,,,,,,,,,30,,30,,,,,,,,,30,,30,,,,,,,,,30,,30,,,,,,,,,,,,,,,,,,,,,,,,,,,
,,,47,,47,,,,,,,,47,,,47,,,,,,,,,47,,47,,,,,,,,47,,,47,,,,,,,,,,,,,,,,,,,,,,,,,,
,,,17,17,,,,,,,,,,17,17,,,,,,,,,17,,17,,,,,,,,,17,,17,,,,,,,,,,,,,,,,,,,,,,,,,,,
,,41,,,41,,,,,,,,41,,,41,,,,,,,,41,,,41,,,,,,,,,41,,41,,,,,,,,,,,,,,,,,,,,,,,,,,
,,46,,,46,,,,,,,,,46,,46,,,,,,,,,46,,46,,,,,,,,46,,,46,,,,,,,,,,,,,,,,,,,,,,,,,,
,,,26,,26,,,,,,,,,26,,26,,,,,,,,26,,,26,,,,,,,,,26,,26,,,,,,,,,,,,,,,,,,,,,,,,,,
,,,35,35,,,,,,,,,,35,35,,,,,,,,,35,,35,,,,,,,,,,35,35,,,,,,,,,,,,,,,,,,,,,,,,,,,
,,,13,,13,,,,,,,,,13,,13,,,,,,,,13,,,13,,,,,,,,13,,,13,,,,,,,,,,,,,,,,,,,,,,,,,,
,,27,,27,,,,,,,,,27,,27,,,,,,,,,27,,27,,,,,,,,,,27,27,,,,,,,,,,,,,,,,,,,,,,,,,,,
,,,1,,1,,,,,,,,1,,,1,,,,,,,,,1,,1,,,,,,,,1,,,1,,,,,,,,,,,,,,,,,,,,,,,,,,
,,,36,36,,,,,,,,,36,,36,,,,,,,,,,36,36,,,,,,,,,36,,36,,,,,,,,,,,,,,,,,,,,,,,,,,,
,,49,,,49,,,,,,,,49,,,49,,,,,,,,49,,,49,,,,,,,,,49,,49,,,,,,,,,,,,,,,,,,,,,,,,,,
,,2,,2,,,,,,,,,,2,2,,,,,,,,,,2,2,,,,,,,,,2,,2,,,,,,,,,,,,,,,,,,,,,,,,,,,
,,34,,,34,,,,,,,,34,,,34,,,,,,,,34,,,34,,,,,,,,,34,,34,,,,,,,,,,,,,,,,,,,,,,,,,,
,,,6,,6,,,,,,,,,6,,6,,,,,,,,6,,,6,,,,,,,,,6,,6,,,,,,,,,,,,,,,,,,,,,,,,,,
,,,26,,26,,,,,,,,,26,,26,,,,,,,,26,,,26,,,,,,,,,26,,26,,,,,,,,,,,,,,,,,,,,,,,,,,
,,34,,,34,,,,,,,,34,,,34,,,,,,,,34,,,34,,,,,,,,,34,,34,,,,,,,,,,,,,,,,,,,,,,,,,,
,,,35,35,,,,,,,,,,35,35,,,,,,,,,35,,35,,,,,,,,,,35,35,,,,,,,,,,,,,,,,,,,,,,,,,,,
,,,1,,1,,,,,,,,1,,,1,,,,,,,,,1,,1,,,,,,,,1,,,1,,,,,,,,,,,,,,,,,,,,,,,,,,
,,33,,,33,,,,,,,,,33,,33,,,,,,,,,33,,33,,,,,,,,33,,,33,,,,,,,,,,,,,,,,,,,,,,,,,,
,,12,,12,,,,,,,,,12,,12,,,,,,,,,12,,12,,,,,,,,,12,,12,,,,,,,,,,,,,,,,,,,,,,,,,,,
,,,25,25,,,,,,,,,25,,25,,,,,,,,,,25,25,,,,,,,,,25,,25,,,,,,,,,,,,,,,,,,,,,,,,,,,
,,,17,17,,,,,,,,,,17,17,,,,,,,,,17,,17,,,,,,,,,17,,17,,,,,,,,,,,,,,,,,,,,,,,,,,,
,,2,,2,,,,,,,,,,2,2,,,,,,,,,,2,2,,,,,,,,,2,,2,,,,,,,,,,,,,,,,,,,,,,,,,,,
,,,10,10,,,,,,,,,10,,10,,,,,,,,,,10,10,,,,,,,,,,10,10,,,,,,,,,,,,,,,,,,,,,,,,,,,
,,,47,,47,,,,,,,,47,,,47,,,,,,,,,47,,47,,,,,,,,47,,,47,,,,,,,,,,,,,,,,,,,,,,,,,,
,,,10,10,,,,,,,,,10,,10,,,,,,,,,,10,10,,,,,,,,,,10,10,,,,,,,,,,,,,,,,,,,,,,,,,,,
,,,13,,13,,,,,,,,,13,,13,,,,,,,,13,,,13,,,,,,,,13,,,13,,,,,,,,,,,,,,,,,,,,,,,,,,
,,27,,27,,,,,,,,,27,,27,,,,,,,,,27,,27,,,,,,,,,,27,27,,,,,,,,,,,,,,,,,,,,,,,,,,,
