13,,13,,,13,,,,,13,13,,13,,,,,,,,,,,,,,,,,,,,,,,,,,,
21,,21,,,21,,,,,21,21,,,21,,,,,,,,,,,,,,,,,,,,,,,,,,
,14,,14,14,,,,,14,,,14,14,,,,,,,,,,,,,,,,,,,,,,,,,,,
,16,16,,16,,,,,16,,16,,16,,,,,,,,,,,,,,,,,,,,,,,,,,,
23,,,23,23,,,,,23,,,23,,23,,,,,,,,,,,,,,,,,,,,,,,,,,
5,,5,,,5,,,,,5,5,,5,,,,,,,,,,,,,,,,,,,,,,,,,,,
7,,,7,7,,,,,7,,,7,7,,,,,,,,,,,,,,,,,,,,,,,,,,,
,18,,18,,18,,,,,18,,18,,18,,,,,,,,,,,,,,,,,,,,,,,,,,
,22,,22,22,,,,,22,,,22,,22,,,,,,,,,,,,,,,,,,,,,,,,,,
31,,,31,31,,,,,31,,,31,,31,,,,,,,,,,,,,,,,,,,,,,,,,,
,32,32,,32,,,,,32,,,,,32,,,,,,,,,,,,,,,,,,,,,,,,,,
29,,29,,,29,,,,,29,29,,,29,,,,,,,,,,,,,,,,,,,,,,,,,,
27,,,27,,27,,,,,27,,27,,27,,,,,,,,,,,,,,,,,,,,,,,,,,
,18,,18,,18,,,,,18,,18,,18,,,,,,,,,,,,,,,,,,,,,,,,,,
17,,17,,17,,,,,17,,17,,,17,,,,,,,,,,,,,,,,,,,,,,,,,,
,12,12,,,12,,,,,12,12,,12,,,,,,,,,,,,,,,,,,,,,,,,,,,
11,,,11,,11,,,,,11,,11,11,,,,,,,,,,,,,,,,,,,,,,,,,,,
7,,,7,7,,,,,7,,,7,7,,,,,,,,,,,,,,,,,,,,,,,,,,,
,16,16,,16,,,,,16,,16,,16,,,,,,,,,,,,,,,,,,,,,,,,,,,
5,,5,,,5,,,,,5,5,,5,,,,,,,,,,,,,,,,,,,,,,,,,,,
23,,,23,23,,,,,23,,,23,,23,,,,,,,,,,,,,,,,,,,,,,,,,,
,24,24,,24,,,,,24,,24,,,24,,,,,,,,,,,,,,,,,,,,,,,,,,
,18,,18,,18,,,,,18,,18,,18,,,,,,,,,,,,,,,,,,,,,,,,,,
13,,13,,,13,,,,,13,13,,13,,,,,,,,,,,,,,,,,,,,,,,,,,,
,16,16,,16,,,,,16,,16,,16,,,,,,,,,,,,,,,,,,,,,,,,,,,
19,,,19,,19,,,,,19,,19,,19,,,,,,,,,,,,,,,,,,,,,,,,,,
25,,25,,25,,,,,25,,25,,,25,,,,,,,,,,,,,,,,,,,,,,,,,,
,20,20,,,20,,,,,20,20,,,20,,,,,,,,,,,,,,,,,,,,,,,,,,
21,,21,,,21,,,,,21,21,,,21,,,,,,,,,,,,,,,,,,,,,,,,,,
,24,24,,24,,,,,24,,24,,,24,,,,,,,,,,,,,,,,,,,,,,,,,,
,32,32,,32,,,,,32,,,,,32,,,,,,,,,,,,,,,,,,,,,,,,,,
,33,33,,33,,,,,33,,33,,,33,,,,,,,,,,,,,,,,,,,,,,,,,,
31,,,31,31,,,,,31,,,31,,31,,,,,,,,,,,,,,,,,,,,,,,,,,
,28,28,,,28,,,,,28,28,,,28,,,,,,,,,,,,,,,,,,,,,,,,,,
27,,,27,,27,,,,,27,,27,,27,,,,,,,,,,,,,,,,,,,,,,,,,,
,18,,18,,18,,,,,18,,18,,18,,,,,,,,,,,,,,,,,,,,,,,,,,
19,,,19,,19,,,,,19,,19,,19,,,,,,,,,,,,,,,,,,,,,,,,,,
,20,20,,,20,,,,,20,20,,,20,,,,,,,,,,,,,,,,,,,,,,,,,,,
4,4,,,4,,,,,4,4,,4,,,,,,,,,,,,,,,,,,,,,,,,,,,
3,,,3,,3,,,,,3,,3,3,,,,,,,,,,,,,,,,,,,,,,,,,,,
,2,,2,,2,,,,,2,,2,2,,,,,,,,,,,,,,,,,,,,,,,,,,,
1,,1,,1,,,,,1,,1,,1,,,,,,,,,,,,,,,,,,,,,,,,,,,
5,,5,,,5,,,,,5,5,,5,,,,,,,,,,,,,,,,,,,,,,,,,,,
13,,13,,,13,,,,,13,13,,13,,,,,,,,,,,,,,,,,,,,,,,,,,,
11,,,11,,11,,,,,11,,11,11,,,,,,,,,,,,,,,,,,,,,,,,,,,
17,,17,,17,,,,,17,,17,,,17,,,,,,,,,,,,,,,,,,,,,,,,,,
,18,,18,,18,,,,,18,,18,,18,,,,,,,,,,,,,,,,,,,,,,,,,,
19,,,19,,19,,,,,19,,19,,19,,,,,,,,,,,,,,,,,,,,,,,,,,
,20,20,,,20,,,,,20,20,,,20,,,,,,,,,,,,,,,,,,,,,,,,,,
31,,,31,31,,,,,31,,,31,,31,,,,,,,,,,,,,,,,,,,,,,,,,,
,24,24,,24,,,,,24,,24,,,24,,,,,,,,,,,,,,,,,,,,,,,,,,
,16,16,,16,,,,,16,,16,,16,,,,,,,,,,,,,,,,,,,,,,,,,,,
17,,17,,17,,,,,17,,17,,,17,,,,,,,,,,,,,,,,,,,,,,,,,,
19,,,19,,19,,,,,19,,19,,19,,,,,,,,,,,,,,,,,,,,,,,,,,
,20,20,,,20,,,,,20,20,,,20,,,,,,,,,,,,,,,,,,,,,,,,,,
21,,21,,,21,,,,,21,21,,,21,,,,,,,,,,,,,,,,,,,,,,,,,,
31,,,31,31,,,,,31,,,31,,31,,,,,,,,,,,,,,,,,,,,,,,,,,
,32,32,,32,,,,,32,,,,,32,,,,,,,,,,,,,,,,,,,,,,,,,,
17,,17,,17,,,,,17,,17,,,17,,,,,,,,,,,,,,,,,,,,,,,,,,
13,,13,,,13,,,,,13,13,,13,,,,,,,,,,,,,,,,,,,,,,,,,,,
,18,,18,,18,,,,,18,,18,,18,,,,,,,,,,,,,,,,,,,,,,,,,,
21,,21,,,21,,,,,21,21,,,21,,,,,,,,,,,,,,,,,,,,,,,,,,
19,,,19,,19,,,,,19,,19,,19,,,,,,,,,,,,,,,,,,,,,,,,,,
21,,21,,,21,,,,,21,21,,,21,,,,,,,,,,,,,,,,,,,,,,,,,,
,4,4,,,4,,,,,4,4,,4,,,,,,,,,,,,,,,,,,,,,,,,,,,
,4,4,,,4,,,,,4,4,,4,,,,,,,,,,,,,,,,,,,,,,,,,,,
,4,4,,,4,,,,,4,4,,4,,,,,,,,,,,,,,,,,,,,,,,,,,,
7,,,7,7,,,,,7,,,7,7,,,,,,,,,,,,,,,,,,,,,,,,,,,
,8,8,,8,,,,,8,,8,,8,,,,,,,,,,,,,,,,,,,,,,,,,,,
9,,9,,9,,,,,9,,9,,9,,,,,,,,,,,,,,,,,,,,,,,,,,,
13,,13,,,13,,,,,13,13,,13,,,,,,,,,,,,,,,,,,,,,,,,,,,
,16,16,,16,,,,,16,,16,,16,,,,,,,,,,,,,,,,,,,,,,,,,,,
15,,,15,15,,,,,15,,,15,15,,,,,,,,,,,,,,,,,,,,,,,,,,,
17,,17,,17,,,,,17,,17,,,17,,,,,,,,,,,,,,,,,,,,,,,,,,
,12,12,,,12,,,,,12,12,,12,,,,,,,,,,,,,,,,,,,,,,,,,,,
13,,13,,,13,,,,,13,13,,13,,,,,,,,,,,,,,,,,,,,,,,,,,,
,18,,18,,18,,,,,18,,18,,18,,,,,,,,,,,,,,,,,,,,,,,,,,
21,,21,,,21,,,,,21,21,,,21,,,,,,,,,,,,,,,,,,,,,,,,,,
31,,,31,31,,,,,31,,,31,,31,,,,,,,,,,,,,,,,,,,,,,,,,,
,4,4,,,4,,,,,4,4,,4,,,,,,,,,,,,,,,,,,,,,,,,,,,
5,,5,,,5,,,,,5,5,,5,,,,,,,,,,,,,,,,,,,,,,,,,,,
,6,,6,6,,,,,6,,,6,6,,,,,,,,,,,,,,,,,,,,,,,,,,,
23,,,23,23,,,,,23,,,23,,23,,,,,,,,,,,,,,,,,,,,,,,,,,
,32,32,,32,,,,,32,,,,,32,,,,,,,,,,,,,,,,,,,,,,,,,,
,16,16,,16,,,,,16,,16,,16,,,,,,,,,,,,,,,,,,,,,,,,,,,
13,,13,,,13,,,,,13,13,,13,,,,,,,,,,,,,,,,,,,,,,,,,,,
,14,,14,14,,,,,14,,,14,14,,,,,,,,,,,,,,,,,,,,,,,,,,,
17,,17,,17,,,,,17,,17,,,17,,,,,,,,,,,,,,,,,,,,,,,,,,
,18,,18,,18,,,,,18,,18,,18,,,,,,,,,,,,,,,,,,,,,,,,,,
,6,,6,6,,,,,6,,,6,6,,,,,,,,,,,,,,,,,,,,,,,,,,,
21,,21,,,21,,,,,21,21,,,21,,,,,,,,,,,,,,,,,,,,,,,,,,
13,,13,,,13,,,,,13,13,,13,,,,,,,,,,,,,,,,,,,,,,,,,,,
15,,,15,15,,,,,15,,,15,15,,,,,,,,,,,,,,,,,,,,,,,,,,,
17,,17,,17,,,,,17,,17,,,17,,,,,,,,,,,,,,,,,,,,,,,,,,
,18,,18,,18,,,,,18,,18,,18,,,,,,,,,,,,,,,,,,,,,,,,,,
,16,16,,16,,,,,16,,16,,16,,,,,,,,,,,,,,,,,,,,,,,,,,,
21,,21,,,21,,,,,21,21,,,21,,,,,,,,,,,,,,,,,,,,,,,,,,
,32,32,,32,,,,,32,,,,,32,,,,,,,,,,,,,,,,,,,,,,,,,,
,14,,14,14,,,,,14,,,14,14,,,,,,,,,,,,,,,,,,,,,,,,,,,
,16,16,,16,,,,,16,,16,,16,,,,,,,,,,,,,,,,,,,,,,,,,,,
17,,17,,17,,,,,17,,17,,,17,,,,,,,,,,,,,,,,,,,,,,,,,,
,18,,18,,18,,,,,18,,18,,18,,,,,,,,,,,,,,,,,,,,,,,,,,
23,,,23,23,,,,,23,,,23,,23,,,,,,,,,,,,,,,,,,,,,,,,,,
17,,17,,17,,,,,17,,17,,,17,,,,,,,,,,,,,,,,,,,,,,,,,,
,32,32,,32,,,,,32,,,,,32,,,,,,,,,,,,,,,,,,,,,,,,,,
15,,,15,15,,,,,15,,,15,15,,,,,,,,,,,,,,,,,,,,,,,,,,,
,14,,14,14,,,,,14,,,14,14,,,,,,,,,,,,,,,,,,,,,,,,,,,
17,,17,,17,,,,,17,,17,,,17,,,,,,,,,,,,,,,,,,,,,,,,,,
19,,,19,,19,,,,,19,,19,,19,,,,,,,,,,,,,,,,,,,,,,,,,,
21,,21,,,21,,,,,21,21,,,21,,,,,,,,,,,,,,,,,,,,,,,,,,
,8,8,,8,,,,,8,,8,,8,,,,,,,,,,,,,,,,,,,,,,,,,,,
,4,4,,,4,,,,,4,4,,4,,,,,,,,,,,,,,,,,,,,,,,,,,,
,2,,2,,2,,,,,2,,2,2,,,,,,,,,,,,,,,,,,,,,,,,,,,
9,,9,,9,,,,,9,,9,,9,,,,,,,,,,,,,,,,,,,,,,,,,,,
11,,,11,,11,,,,,11,,11,11,,,,,,,,,,,,,,,,,,,,,,,,,,,
,16,16,,16,,,,,16,,16,,16,,,,,,,,,,,,,,,,,,,,,,,,,,,
13,,13,,,13,,,,,13,13,,13,,,,,,,,,,,,,,,,,,,,,,,,,,,
1,,1,,1,,,,,1,,1,,1,,,,,,,,,,,,,,,,,,,,,,,,,,,
,16,16,,16,,,,,16,,16,,16,,,,,,,,,,,,,,,,,,,,,,,,,,,
21,,21,,,21,,,,,21,21,,,21,,,,,,,,,,,,,,,,,,,,,,,,,,
13,,13,,,13,,,,,13,13,,13,,,,,,,,,,,,,,,,,,,,,,,,,,,
17,,17,,17,,,,,17,,17,,,17,,,,,,,,,,,,,,,,,,,,,,,,,,
,24,24,,24,,,,,24,,24,,,24,,,,,,,,,,,,,,,,,,,,,,,,,,
15,,,15,15,,,,,15,,,15,15,,,,,,,,,,,,,,,,,,,,,,,,,,,
25,,25,,25,,,,,25,,25,,,25,,,,,,,,,,,,,,,,,,,,,,,,,,
31,,,31,31,,,,,31,,,31,,31,,,,,,,,,,,,,,,,,,,,,,,,,,
,26,,26,,26,,,,,26,,26,,26,,,,,,,,,,,,,,,,,,,,,,,,,,
27,,,27,,27,,,,,27,,27,,27,,,,,,,,,,,,,,,,,,,,,,,,,,
,28,28,,,28,,,,,28,28,,,28,,,,,,,,,,,,,,,,,,,,,,,,,,
,14,,14,14,,,,,14,,,14,14,,,,,,,,,,,,,,,,,,,,,,,,,,,
,12,12,,,12,,,,,12,12,,12,,,,,,,,,,,,,,,,,,,,,,,,,,,
,16,16,,16,,,,,16,,16,,16,,,,,,,,,,,,,,,,,,,,,,,,,,,
17,,17,,17,,,,,17,,17,,,17,,,,,,,,,,,,,,,,,,,,,,,,,,
19,,,19,,19,,,,,19,,19,,19,,,,,,,,,,,,,,,,,,,,,,,,,,
31,,,31,31,,,,,31,,,31,,31,,,,,,,,,,,,,,,,,,,,,,,,,,
,32,32,,32,,,,,32,,,,,32,,,,,,,,,,,,,,,,,,,,,,,,,,
,16,16,,16,,,,,16,,16,,16,,,,,,,,,,,,,,,,,,,,,,,,,,,
,18,,18,,18,,,,,18,,18,,18,,,,,,,,,,,,,,,,,,,,,,,,,,
19,,,19,,19,,,,,19,,19,,19,,,,,,,,,,,,,,,,,,,,,,,,,,
11,,,11,,11,,,,,11,,11,11,,,,,,,,,,,,,,,,,,,,,,,,,,,
15,,,15,15,,,,,15,,,15,15,,,,,,,,,,,,,,,,,,,,,,,,,,,
,26,,26,,26,,,,,26,,26,,26,,,,,,,,,,,,,,,,,,,,,,,,,,
31,,,31,31,,,,,31,,,31,,31,,,,,,,,,,,,,,,,,,,,,,,,,,
5,,5,,,5,,,,,5,5,,5,,,,,,,,,,,,,,,,,,,,,,,,,,,
3,,,3,,3,,,,,3,,3,3,,,,,,,,,,,,,,,,,,,,,,,,,,,
,6,,6,6,,,,,6,,,6,6,,,,,,,,,,,,,,,,,,,,,,,,,,,
7,,,7,7,,,,,7,,,7,7,,,,,,,,,,,,,,,,,,,,,,,,,,,
,2,,2,,2,,,,,2,,2,2,,,,,,,,,,,,,,,,,,,,,,,,,,,
11,,,11,,11,,,,,11,,11,11,,,,,,,,,,,,,,,,,,,,,,,,,,,
13,,13,,,13,,,,,13,13,,13,,,,,,,,,,,,,,,,,,,,,,,,,,,
19,,,19,,19,,,,,19,,19,,19,,,,,,,,,,,,,,,,,,,,,,,,,,
,18,,18,,18,,,,,18,,18,,18,,,,,,,,,,,,,,,,,,,,,,,,,,
,24,24,,24,,,,,24,,24,,,24,,,,,,,,,,,,,,,,,,,,,,,,,,
25,,25,,25,,,,,25,,25,,,25,,,,,,,,,,,,,,,,,,,,,,,,,,
,16,16,,16,,,,,16,,16,,16,,,,,,,,,,,,,,,,,,,,,,,,,,,
17,,17,,17,,,,,17,,17,,,17,,,,,,,,,,,,,,,,,,,,,,,,,,
,32,32,,32,,,,,32,,,,,32,,,,,,,,,,,,,,,,,,,,,,,,,,
19,,,19,,19,,,,,19,,19,,19,,,,,,,,,,,,,,,,,,,,,,,,,,
21,,21,,,21,,,,,21,21,,,21,,,,,,,,,,,,,,,,,,,,,,,,,,
,33,33,,33,,,,,33,,33,,,33,,,,,,,,,,,,,,,,,,,,,,,,,,
,24,24,,24,,,,,24,,24,,,24,,,,,,,,,,,,,,,,,,,,,,,,,,
,16,16,,16,,,,,16,,16,,16,,,,,,,,,,,,,,,,,,,,,,,,,,,
19,,,19,,19,,,,,19,,19,,19,,,,,,,,,,,,,,,,,,,,,,,,,,
13,,13,,,13,,,,,13,13,,13,,,,,,,,,,,,,,,,,,,,,,,,,,,
,24,24,,24,,,,,24,,24,,,24,,,,,,,,,,,,,,,,,,,,,,,,,,
,12,12,,,12,,,,,12,12,,12,,,,,,,,,,,,,,,,,,,,,,,,,,,
17,,17,,17,,,,,17,,17,,,17,,,,,,,,,,,,,,,,,,,,,,,,,,
,24,24,,24,,,,,24,,24,,,24,,,,,,,,,,,,,,,,,,,,,,,,,,
31,,,31,31,,,,,31,,,31,,31,,,,,,,,,,,,,,,,,,,,,,,,,,
,4,4,,,4,,,,,4,4,,4,,,,,,,,,,,,,,,,,,,,,,,,,,,
21,,21,,,21,,,,,21,21,,,21,,,,,,,,,,,,,,,,,,,,,,,,,,
13,,13,,,13,,,,,13,13,,13,,,,,,,,,,,,,,,,,,,,,,,,,,,
17,,17,,17,,,,,17,,17,,,17,,,,,,,,,,,,,,,,,,,,,,,,,,
7,,,7,7,,,,,7,,,7,7,,,,,,,,,,,,,,,,,,,,,,,,,,,
,8,8,,8,,,,,8,,8,,8,,,,,,,,,,,,,,,,,,,,,,,,,,,
9,,9,,9,,,,,9,,9,,9,,,,,,,,,,,,,,,,,,,,,,,,,,,
,14,,14,14,,,,,14,,,14,14,,,,,,,,,,,,,,,,,,,,,,,,,,,
13,,13,,,13,,,,,13,13,,13,,,,,,,,,,,,,,,,,,,,,,,,,,,
17,,17,,17,,,,,17,,17,,,17,,,,,,,,,,,,,,,,,,,,,,,,,,
,18,,18,,18,,,,,18,,18,,18,,,,,,,,,,,,,,,,,,,,,,,,,,
19,,,19,,19,,,,,19,,19,,19,,,,,,,,,,,,,,,,,,,,,,,,,,
,20,20,,,20,,,,,20,20,,,20,,,,,,,,,,,,,,,,,,,,,,,,,,
23,,,23,23,,,,,23,,,23,,23,,,,,,,,,,,,,,,,,,,,,,,,,,
,24,24,,24,,,,,24,,24,,,24,,,,,,,,,,,,,,,,,,,,,,,,,,
,16,16,,16,,,,,16,,16,,16,,,,,,,,,,,,,,,,,,,,,,,,,,,
15,,,15,15,,,,,15,,,15,15,,,,,,,,,,,,,,,,,,,,,,,,,,,
,2,,2,,2,,,,,2,,2,2,,,,,,,,,,,,,,,,,,,,,,,,,,,
,6,,6,6,,,,,6,,,6,6,,,,,,,,,,,,,,,,,,,,,,,,,,,
9,,9,,9,,,,,9,,9,,9,,,,,,,,,,,,,,,,,,,,,,,,,,,
11,,,11,,11,,,,,11,,11,11,,,,,,,,,,,,,,,,,,,,,,,,,,,
7,,,7,7,,,,,7,,,7,7,,,,,,,,,,,,,,,,,,,,,,,,,,,
,14,,14,14,,,,,14,,,14,14,,,,,,,,,,,,,,,,,,,,,,,,,,,
19,,,19,,19,,,,,19,,19,,19,,,,,,,,,,,,,,,,,,,,,,,,,,
,18,,18,,18,,,,,18,,18,,18,,,,,,,,,,,,,,,,,,,,,,,,,,
23,,,23,23,,,,,23,,,23,,23,,,,,,,,,,,,,,,,,,,,,,,,,,
,32,32,,32,,,,,32,,,,,32,,,,,,,,,,,,,,,,,,,,,,,,,,
,4,4,,,4,,,,,4,4,,4,,,,,,,,,,,,,,,,,,,,,,,,,,,
,18,,18,,18,,,,,18,,18,,18,,,,,,,,,,,,,,,,,,,,,,,,,,
11,,,11,,11,,,,,11,,11,11,,,,,,,,,,,,,,,,,,,,,,,,,,,
,16,16,,16,,,,,16,,16,,16,,,,,,,,,,,,,,,,,,,,,,,,,,,
13,,13,,,13,,,,,13,13,,13,,,,,,,,,,,,,,,,,,,,,,,,,,,
,8,8,,8,,,,,8,,8,,8,,,,,,,,,,,,,,,,,,,,,,,,,,,
11,,,11,,11,,,,,11,,11,11,,,,,,,,,,,,,,,,,,,,,,,,,,,
23,,,23,23,,,,,23,,,23,,23,,,,,,,,,,,,,,,,,,,,,,,,,,
,4,4,,,4,,,,,4,4,,4,,,,,,,,,,,,,,,,,,,,,,,,,,,
7,,,7,7,,,,,7,,,7,7,,,,,,,,,,,,,,,,,,,,,,,,,,,
,16,16,,16,,,,,16,,16,,16,,,,,,,,,,,,,,,,,,,,,,,,,,,
,12,12,,,12,,,,,12,12,,12,,,,,,,,,,,,,,,,,,,,,,,,,,,
15,,,15,15,,,,,15,,,15,15,,,,,,,,,,,,,,,,,,,,,,,,,,,
23,,,23,23,,,,,23,,,23,,23,,,,,,,,,,,,,,,,,,,,,,,,,,
,4,4,,,4,,,,,4,4,,4,,,,,,,,,,,,,,,,,,,,,,,,,,,
,4,4,,,4,,,,,4,4,,4,,,,,,,,,,,,,,,,,,,,,,,,,,,
3,,,3,,3,,,,,3,,3,3,,,,,,,,,,,,,,,,,,,,,,,,,,,
1,,1,,1,,,,,1,,1,,1,,,,,,,,,,,,,,,,,,,,,,,,,,,
21,,21,,,21,,,,,21,21,,,21,,,,,,,,,,,,,,,,,,,,,,,,,,
,33,33,,33,,,,,33,,33,,,33,,,,,,,,,,,,,,,,,,,,,,,,,,
,22,,22,22,,,,,22,,,22,,22,,,,,,,,,,,,,,,,,,,,,,,,,,
,18,,18,,18,,,,,18,,18,,18,,,,,,,,,,,,,,,,,,,,,,,,,,
19,,,19,,19,,,,,19,,19,,19,,,,,,,,,,,,,,,,,,,,,,,,,,
21,,21,,,21,,,,,21,21,,,21,,,,,,,,,,,,,,,,,,,,,,,,,,
17,,17,,17,,,,,17,,17,,,17,,,,,,,,,,,,,,,,,,,,,,,,,,
,24,24,,24,,,,,24,,24,,,24,,,,,,,,,,,,,,,,,,,,,,,,,,
19,,,19,,19,,,,,19,,19,,19,,,,,,,,,,,,,,,,,,,,,,,,,,
31,,,31,31,,,,,31,,,31,,31,,,,,,,,,,,,,,,,,,,,,,,,,,
,30,,30,30,,,,,30,,,30,,30,,,,,,,,,,,,,,,,,,,,,,,,,,
27,,,27,,27,,,,,27,,27,,27,,,,,,,,,,,,,,,,,,,,,,,,,,
19,,,19,,19,,,,,19,,19,,19,,,,,,,,,,,,,,,,,,,,,,,,,,
,12,12,,,12,,,,,12,12,,12,,,,,,,,,,,,,,,,,,,,,,,,,,,
,14,,14,14,,,,,14,,,14,14,,,,,,,,,,,,,,,,,,,,,,,,,,,
9,,9,,9,,,,,9,,9,,9,,,,,,,,,,,,,,,,,,,,,,,,,,,
11,,,11,,11,,,,,11,,11,11,,,,,,,,,,,,,,,,,,,,,,,,,,,
,14,,14,14,,,,,14,,,14,14,,,,,,,,,,,,,,,,,,,,,,,,,,,
23,,,23,23,,,,,23,,,23,,23,,,,,,,,,,,,,,,,,,,,,,,,,,
19,,,19,,19,,,,,19,,19,,19,,,,,,,,,,,,,,,,,,,,,,,,,,
,24,24,,24,,,,,24,,24,,,24,,,,,,,,,,,,,,,,,,,,,,,,,,
31,,,31,31,,,,,31,,,31,,31,,,,,,,,,,,,,,,,,,,,,,,,,,
25,,25,,25,,,,,25,,25,,,25,,,,,,,,,,,,,,,,,,,,,,,,,,
,18,,18,,18,,,,,18,,18,,18,,,,,,,,,,,,,,,,,,,,,,,,,,
,32,32,,32,,,,,32,,32,,,32,,,,,,,,,,,,,,,,,,,,,,,,,,
9,,9,,9,,,,,9,,9,,9,,,,,,,,,,,,,,,,,,,,,,,,,,,
3,,,3,,3,,,,,3,,3,3,,,,,,,,,,,,,,,,,,,,,,,,,,,
,2,,2,,2,,,,,2,,2,2,,,,,,,,,,,,,,,,,,,,,,,,,,,
9,,9,,9,,,,,9,,9,,9,,,,,,,,,,,,,,,,,,,,,,,,,,,
1,,1,,1,,,,,1,,1,,1,,,,,,,,,,,,,,,,,,,,,,,,,,,
17,,17,,17,,,,,17,,17,,,17,,,,,,,,,,,,,,,,,,,,,,,,,,
15,,,15,15,,,,,15,,,15,15,,,,,,,,,,,,,,,,,,,,,,,,,,,
,12,12,,,12,,,,,12,12,,12,,,,,,,,,,,,,,,,,,,,,,,,,,,
,14,,14,14,,,,,14,,,14,14,,,,,,,,,,,,,,,,,,,,,,,,,,,
21,,21,,,21,,,,,21,21,,,21,,,,,,,,,,,,,,,,,,,,,,,,,,
31,,,31,31,,,,,31,,,31,,31,,,,,,,,,,,,,,,,,,,,,,,,,,
,22,,22,22,,,,,22,,,22,,22,,,,,,,,,,,,,,,,,,,,,,,,,,
31,,,31,31,,,,,31,,,31,,31,,,,,,,,,,,,,,,,,,,,,,,,,,
,16,16,,16,,,,,16,,16,,16,,,,,,,,,,,,,,,,,,,,,,,,,,,
19,,,19,,19,,,,,19,,19,,19,,,,,,,,,,,,,,,,,,,,,,,,,,
31,,,31,31,,,,,31,,,31,,31,,,,,,,,,,,,,,,,,,,,,,,,,,
,14,,14,14,,,,,14,,,14,14,,,,,,,,,,,,,,,,,,,,,,,,,,,
,18,,18,,18,,,,,18,,18,,18,,,,,,,,,,,,,,,,,,,,,,,,,,
,16,16,,16,,,,,16,,16,,16,,,,,,,,,,,,,,,,,,,,,,,,,,,
21,,21,,,21,,,,,21,21,,,21,,,,,,,,,,,,,,,,,,,,,,,,,,
,16,16,,16,,,,,16,,16,,16,,,,,,,,,,,,,,,,,,,,,,,,,,,
,14,,14,14,,,,,14,,,14,14,,,,,,,,,,,,,,,,,,,,,,,,,,,
21,,21,,,21,,,,,21,21,,,21,,,,,,,,,,,,,,,,,,,,,,,,,,
,32,32,,32,,,,,32,,32,,,32,,,,,,,,,,,,,,,,,,,,,,,,,,
17,,17,,17,,,,,17,,17,,,17,,,,,,,,,,,,,,,,,,,,,,,,,,
19,,,19,,19,,,,,19,,19,,19,,,,,,,,,,,,,,,,,,,,,,,,,,
21,,21,,,21,,,,,21,21,,,21,,,,,,,,,,,,,,,,,,,,,,,,,,
31,,,31,31,,,,,31,,,31,,31,,,,,,,,,,,,,,,,,,,,,,,,,,
,20,20,,,20,,,,,20,20,,,20,,,,,,,,,,,,,,,,,,,,,,,,,,
,22,,22,22,,,,,22,,,22,,22,,,,,,,,,,,,,,,,,,,,,,,,,,
,30,,30,30,,,,,30,,,30,,30,,,,,,,,,,,,,,,,,,,,,,,,,,
,12,12,,,12,,,,,12,12,,12,,,,,,,,,,,,,,,,,,,,,,,,,,,
11,,,11,,11,,,,,11,,11,11,,,,,,,,,,,,,,,,,,,,,,,,,,,
21,,21,,,21,,,,,21,21,,,21,,,,,,,,,,,,,,,,,,,,,,,,,,
,18,,18,,18,,,,,18,,18,,18,,,,,,,,,,,,,,,,,,,,,,,,,,
19,,,19,,19,,,,,19,,19,,19,,,,,,,,,,,,,,,,,,,,,,,,,,
,16,16,,16,,,,,16,,16,,16,,,,,,,,,,,,,,,,,,,,,,,,,,,
31,,,31,31,,,,,31,,,31,,31,,,,,,,,,,,,,,,,,,,,,,,,,,
23,,,23,23,,,,,23,,,23,,23,,,,,,,,,,,,,,,,,,,,,,,,,,
,4,4,,,4,,,,,4,4,,4,,,,,,,,,,,,,,,,,,,,,,,,,,,
7,,,7,7,,,,,7,,,7,7,,,,,,,,,,,,,,,,,,,,,,,,,,,
,8,8,,8,,,,,8,,8,,8,,,,,,,,,,,,,,,,,,,,,,,,,,,
15,,,15,15,,,,,15,,,15,15,,,,,,,,,,,,,,,,,,,,,,,,,,,
13,,13,,,13,,,,,13,13,,13,,,,,,,,,,,,,,,,,,,,,,,,,,,
,16,16,,16,,,,,16,,16,,16,,,,,,,,,,,,,,,,,,,,,,,,,,,
,4,4,,,4,,,,,4,4,,4,,,,,,,,,,,,,,,,,,,,,,,,,,,
15,,,15,15,,,,,15,,,15,15,,,,,,,,,,,,,,,,,,,,,,,,,,,
21,,21,,,21,,,,,21,21,,,21,,,,,,,,,,,,,,,,,,,,,,,,,,
,18,,18,,18,,,,,18,,18,,18,,,,,,,,,,,,,,,,,,,,,,,,,,
3,,,3,,3,,,,,3,,3,3,,,,,,,,,,,,,,,,,,,,,,,,,,,
,6,,6,6,,,,,6,,,6,6,,,,,,,,,,,,,,,,,,,,,,,,,,,
7,,,7,7,,,,,7,,,7,7,,,,,,,,,,,,,,,,,,,,,,,,,,,
,2,,2,,2,,,,,2,,2,2,,,,,,,,,,,,,,,,,,,,,,,,,,,
9,,9,,9,,,,,9,,9,,9,,,,,,,,,,,,,,,,,,,,,,,,,,,
21,,21,,,21,,,,,21,21,,,21,,,,,,,,,,,,,,,,,,,,,,,,,,
,18,,18,,18,,,,,18,,18,,18,,,,,,,,,,,,,,,,,,,,,,,,,,
21,,21,,,21,,,,,21,21,,,21,,,,,,,,,,,,,,,,,,,,,,,,,,
27,,,27,,27,,,,,27,,27,,27,,,,,,,,,,,,,,,,,,,,,,,,,,
29,,29,,,29,,,,,29,29,,,29,,,,,,,,,,,,,,,,,,,,,,,,,,
31,,,31,31,,,,,31,,,31,,31,,,,,,,,,,,,,,,,,,,,,,,,,,
,4,4,,,4,,,,,4,4,,4,,,,,,,,,,,,,,,,,,,,,,,,,,,
,8,8,,8,,,,,8,,8,,8,,,,,,,,,,,,,,,,,,,,,,,,,,,
9,,9,,9,,,,,9,,9,,9,,,,,,,,,,,,,,,,,,,,,,,,,,,
13,,13,,,13,,,,,13,13,,13,,,,,,,,,,,,,,,,,,,,,,,,,,,
15,,,15,15,,,,,15,,,15,15,,,,,,,,,,,,,,,,,,,,,,,,,,,
,24,24,,24,,,,,24,,24,,,24,,,,,,,,,,,,,,,,,,,,,,,,,,
,18,,18,,18,,,,,18,,18,,18,,,,,,,,,,,,,,,,,,,,,,,,,,
19,,,19,,19,,,,,19,,19,,19,,,,,,,,,,,,,,,,,,,,,,,,,,
,20,20,,,20,,,,,20,20,,,20,,,,,,,,,,,,,,,,,,,,,,,,,,
,22,,22,22,,,,,22,,,22,,22,,,,,,,,,,,,,,,,,,,,,,,,,,
,18,,18,,18,,,,,18,,18,,18,,,,,,,,,,,,,,,,,,,,,,,,,,
31,,,31,31,,,,,31,,,31,,31,,,,,,,,,,,,,,,,,,,,,,,,,,
,24,24,,24,,,,,24,,24,,,24,,,,,,,,,,,,,,,,,,,,,,,,,,
,16,16,,16,,,,,16,,16,,16,,,,,,,,,,,,,,,,,,,,,,,,,,,
,18,,18,,18,,,,,18,,18,,18,,,,,,,,,,,,,,,,,,,,,,,,,,
19,,,19,,19,,,,,19,,19,,19,,,,,,,,,,,,,,,,,,,,,,,,,,
19,,,19,,19,,,,,19,,19,,19,,,,,,,,,,,,,,,,,,,,,,,,,,
21,,21,,,21,,,,,21,21,,,21,,,,,,,,,,,,,,,,,,,,,,,,,,
,22,,22,22,,,,,22,,,22,,22,,,,,,,,,,,,,,,,,,,,,,,,,,
19,,,19,,19,,,,,19,,19,,19,,,,,,,,,,,,,,,,,,,,,,,,,,
21,,21,,,21,,,,,21,21,,,21,,,,,,,,,,,,,,,,,,,,,,,,,,
,26,,26,,26,,,,,26,,26,,26,,,,,,,,,,,,,,,,,,,,,,,,,,
,30,,30,30,,,,,30,,,30,,30,,,,,,,,,,,,,,,,,,,,,,,,,,
23,,,23,23,,,,,23,,,23,,23,,,,,,,,,,,,,,,,,,,,,,,,,,
25,,25,,25,,,,,25,,25,,,25,,,,,,,,,,,,,,,,,,,,,,,,,,
27,,,27,,27,,,,,27,,27,,27,,,,,,,,,,,,,,,,,,,,,,,,,,
,16,16,,16,,,,,16,,16,,16,,,,,,,,,,,,,,,,,,,,,,,,,,,
19,,,19,,19,,,,,19,,19,,19,,,,,,,,,,,,,,,,,,,,,,,,,,
27,,,27,,27,,,,,27,,27,,27,,,,,,,,,,,,,,,,,,,,,,,,,,
13,,13,,,13,,,,,13,13,,13,,,,,,,,,,,,,,,,,,,,,,,,,,,
,18,,18,,18,,,,,18,,18,,18,,,,,,,,,,,,,,,,,,,,,,,,,,
,30,,30,30,,,,,30,,,30,,30,,,,,,,,,,,,,,,,,,,,,,,,,,
,33,33,,33,,,,,33,,33,,,33,,,,,,,,,,,,,,,,,,,,,,,,,,
,16,16,,16,,,,,16,,16,,16,,,,,,,,,,,,,,,,,,,,,,,,,,,
15,,,15,15,,,,,15,,,15,15,,,,,,,,,,,,,,,,,,,,,,,,,,,
17,,17,,17,,,,,17,,17,,,17,,,,,,,,,,,,,,,,,,,,,,,,,,
,14,,14,14,,,,,14,,,14,14,,,,,,,,,,,,,,,,,,,,,,,,,,,
,12,12,,,12,,,,,12,12,,12,,,,,,,,,,,,,,,,,,,,,,,,,,,
,14,,14,14,,,,,14,,,14,14,,,,,,,,,,,,,,,,,,,,,,,,,,,
,16,16,,16,,,,,16,,16,,16,,,,,,,,,,,,,,,,,,,,,,,,,,,
23,,,23,23,,,,,23,,,23,,23,,,,,,,,,,,,,,,,,,,,,,,,,,
,18,,18,,18,,,,,18,,18,,18,,,,,,,,,,,,,,,,,,,,,,,,,,
15,,,15,15,,,,,15,,,15,15,,,,,,,,,,,,,,,,,,,,,,,,,,,
13,,13,,,13,,,,,13,13,,13,,,,,,,,,,,,,,,,,,,,,,,,,,,
,24,24,,24,,,,,24,,24,,,24,,,,,,,,,,,,,,,,,,,,,,,,,,
25,,25,,25,,,,,25,,25,,,25,,,,,,,,,,,,,,,,,,,,,,,,,,
,4,4,,,4,,,,,4,4,,4,,,,,,,,,,,,,,,,,,,,,,,,,,,
7,,,7,7,,,,,7,,,7,7,,,,,,,,,,,,,,,,,,,,,,,,,,,
,16,16,,16,,,,,16,,16,,16,,,,,,,,,,,,,,,,,,,,,,,,,,,
,12,12,,,12,,,,,12,12,,12,,,,,,,,,,,,,,,,,,,,,,,,,,,
15,,,15,15,,,,,15,,,15,15,,,,,,,,,,,,,,,,,,,,,,,,,,,
23,,,23,23,,,,,23,,,23,,23,,,,,,,,,,,,,,,,,,,,,,,,,,
,16,16,,16,,,,,16,,16,,16,,,,,,,,,,,,,,,,,,,,,,,,,,,
31,,,31,31,,,,,31,,,31,,31,,,,,,,,,,,,,,,,,,,,,,,,,,
,18,,18,,18,,,,,18,,18,,18,,,,,,,,,,,,,,,,,,,,,,,,,,
15,,,15,15,,,,,15,,,15,15,,,,,,,,,,,,,,,,,,,,,,,,,,,
15,,,15,15,,,,,15,,,15,15,,,,,,,,,,,,,,,,,,,,,,,,,,,
,16,16,,16,,,,,16,,16,,16,,,,,,,,,,,,,,,,,,,,,,,,,,,
,4,4,,,4,,,,,4,4,,4,,,,,,,,,,,,,,,,,,,,,,,,,,,
19,,,19,,19,,,,,19,,19,,19,,,,,,,,,,,,,,,,,,,,,,,,,,
13,,13,,,13,,,,,13,13,,13,,,,,,,,,,,,,,,,,,,,,,,,,,,
,24,24,,24,,,,,24,,24,,,24,,,,,,,,,,,,,,,,,,,,,,,,,,
31,,,31,31,,,,,31,,,31,,31,,,,,,,,,,,,,,,,,,,,,,,,,,
19,,,19,,19,,,,,19,,19,,19,,,,,,,,,,,,,,,,,,,,,,,,,,
21,,21,,,21,,,,,21,21,,,21,,,,,,,,,,,,,,,,,,,,,,,,,,
,24,24,,24,,,,,24,,24,,,24,,,,,,,,,,,,,,,,,,,,,,,,,,
,6,,6,6,,,,,6,,,6,6,,,,,,,,,,,,,,,,,,,,,,,,,,,
5,,5,,,5,,,,,5,5,,5,,,,,,,,,,,,,,,,,,,,,,,,,,,
15,,,15,15,,,,,15,,,15,15,,,,,,,,,,,,,,,,,,,,,,,,,,,
23,,,23,23,,,,,23,,,23,,23,,,,,,,,,,,,,,,,,,,,,,,,,,
15,,,15,15,,,,,15,,,15,15,,,,,,,,,,,,,,,,,,,,,,,,,,,
17,,17,,17,,,,,17,,17,,,17,,,,,,,,,,,,,,,,,,,,,,,,,,
,24,24,,24,,,,,24,,24,,,24,,,,,,,,,,,,,,,,,,,,,,,,,,
17,,17,,17,,,,,17,,17,,,17,,,,,,,,,,,,,,,,,,,,,,,,,,
19,,,19,,19,,,,,19,,19,,19,,,,,,,,,,,,,,,,,,,,,,,,,,
,24,24,,24,,,,,24,,24,,,24,,,,,,,,,,,,,,,,,,,,,,,,,,
,,,,,,,,,,,,,,,,,,,,,,,,,,,,,,,,,,,,,,,,
3,,,3,,3,,,,,3,,3,3,,,,,,,,,,,,,,,,,,,,,,,,,,,
,4,4,,,4,,,,,4,4,,4,,,,,,,,,,,,,,,,,,,,,,,,,,,
11,,,11,,11,,,,,11,,11,11,,,,,,,,,,,,,,,,,,,,,,,,,,,
15,,,15,15,,,,,15,,,15,15,,,,,,,,,,,,,,,,,,,,,,,,,,,
11,,,11,,11,,,,,11,,11,11,,,,,,,,,,,,,,,,,,,,,,,,,,,
17,,17,,17,,,,,17,,17,,,17,,,,,,,,,,,,,,,,,,,,,,,,,,
,16,16,,16,,,,,16,,16,,16,,,,,,,,,,,,,,,,,,,,,,,,,,,
,18,,18,,18,,,,,18,,18,,18,,,,,,,,,,,,,,,,,,,,,,,,,,
21,,21,,,21,,,,,21,21,,,21,,,,,,,,,,,,,,,,,,,,,,,,,,
,18,,18,,18,,,,,18,,18,,18,,,,,,,,,,,,,,,,,,,,,,,,,,
,24,24,,24,,,,,24,,24,,,24,,,,,,,,,,,,,,,,,,,,,,,,,,
,18,,18,,18,,,,,18,,18,,18,,,,,,,,,,,,,,,,,,,,,,,,,,
13,,13,,,13,,,,,13,13,,13,,,,,,,,,,,,,,,,,,,,,,,,,,,
19,,,19,,19,,,,,19,,19,,19,,,,,,,,,,,,,,,,,,,,,,,,,,
,24,24,,24,,,,,24,,24,,,24,,,,,,,,,,,,,,,,,,,,,,,,,,
,16,16,,16,,,,,16,,16,,16,,,,,,,,,,,,,,,,,,,,,,,,,,,
,24,24,,24,,,,,24,,24,,,24,,,,,,,,,,,,,,,,,,,,,,,,,,
13,,13,,,13,,,,,13,13,,13,,,,,,,,,,,,,,,,,,,,,,,,,,,
,4,4,,,4,,,,,4,4,,4,,,,,,,,,,,,,,,,,,,,,,,,,,,
,16,16,,16,,,,,16,,16,,16,,,,,,,,,,,,,,,,,,,,,,,,,,,
7,,,7,7,,,,,7,,,7,7,,,,,,,,,,,,,,,,,,,,,,,,,,,
5,,5,,,5,,,,,5,5,,5,,,,,,,,,,,,,,,,,,,,,,,,,,,
9,,9,,9,,,,,9,,9,,9,,,,,,,,,,,,,,,,,,,,,,,,,,,
11,,,11,,11,,,,,11,,11,11,,,,,,,,,,,,,,,,,,,,,,,,,,,
,8,8,,8,,,,,8,,8,,8,,,,,,,,,,,,,,,,,,,,,,,,,,,
11,,,11,,11,,,,,11,,11,11,,,,,,,,,,,,,,,,,,,,,,,,,,,
,2,,2,,2,,,,,2,,2,2,,,,,,,,,,,,,,,,,,,,,,,,,,,
,4,4,,,4,,,,,4,4,,4,,,,,,,,,,,,,,,,,,,,,,,,,,,
,8,8,,8,,,,,8,,8,,8,,,,,,,,,,,,,,,,,,,,,,,,,,,
11,,,11,,11,,,,,11,,11,11,,,,,,,,,,,,,,,,,,,,,,,,,,,
21,,21,,,21,,,,,21,21,,,21,,,,,,,,,,,,,,,,,,,,,,,,,,
,24,24,,24,,,,,24,,24,,,24,,,,,,,,,,,,,,,,,,,,,,,,,,
,4,4,,,4,,,,,4,4,,4,,,,,,,,,,,,,,,,,,,,,,,,,,,
11,,,11,,11,,,,,11,,11,11,,,,,,,,,,,,,,,,,,,,,,,,,,,
15,,,15,15,,,,,15,,,15,15,,,,,,,,,,,,,,,,,,,,,,,,,,,
,24,24,,24,,,,,24,,24,,,24,,,,,,,,,,,,,,,,,,,,,,,,,,
31,,,31,31,,,,,31,,,31,,31,,,,,,,,,,,,,,,,,,,,,,,,,,
,26,,26,,26,,,,,26,,26,,26,,,,,,,,,,,,,,,,,,,,,,,,,,
31,,,31,31,,,,,31,,,31,,31,,,,,,,,,,,,,,,,,,,,,,,,,,
5,,5,,,5,,,,,5,5,,5,,,,,,,,,,,,,,,,,,,,,,,,,,,
15,,,15,15,,,,,15,,,15,15,,,,,,,,,,,,,,,,,,,,,,,,,,,
11,,,11,,11,,,,,11,,11,11,,,,,,,,,,,,,,,,,,,,,,,,,,,
,8,8,,8,,,,,8,,8,,8,,,,,,,,,,,,,,,,,,,,,,,,,,,
,16,16,,16,,,,,16,,16,,16,,,,,,,,,,,,,,,,,,,,,,,,,,,
5,,5,,,5,,,,,5,5,,5,,,,,,,,,,,,,,,,,,,,,,,,,,,
13,,13,,,13,,,,,13,13,,13,,,,,,,,,,,,,,,,,,,,,,,,,,,
19,,,19,,19,,,,,19,,19,,19,,,,,,,,,,,,,,,,,,,,,,,,,,
31,,,31,31,,,,,31,,,31,,31,,,,,,,,,,,,,,,,,,,,,,,,,,
,26,,26,,26,,,,,26,,26,,26,,,,,,,,,,,,,,,,,,,,,,,,,,
13,,13,,,13,,,,,13,13,,13,,,,,,,,,,,,,,,,,,,,,,,,,,,
,24,24,,24,,,,,24,,24,,,24,,,,,,,,,,,,,,,,,,,,,,,,,,
15,,,15,15,,,,,15,,,15,15,,,,,,,,,,,,,,,,,,,,,,,,,,,
,18,,18,,18,,,,,18,,18,,18,,,,,,,,,,,,,,,,,,,,,,,,,,
21,,21,,,21,,,,,21,21,,,21,,,,,,,,,,,,,,,,,,,,,,,,,,
,16,16,,16,,,,,16,,16,,16,,,,,,,,,,,,,,,,,,,,,,,,,,,
21,,21,,,21,,,,,21,21,,,21,,,,,,,,,,,,,,,,,,,,,,,,,,
3,,,3,,3,,,,,3,,3,3,,,,,,,,,,,,,,,,,,,,,,,,,,,
5,,5,,,5,,,,,5,5,,5,,,,,,,,,,,,,,,,,,,,,,,,,,,
,6,,6,6,,,,,6,,,6,6,,,,,,,,,,,,,,,,,,,,,,,,,,,
,16,16,,16,,,,,16,,16,,16,,,,,,,,,,,,,,,,,,,,,,,,,,,
21,,21,,,21,,,,,21,21,,,21,,,,,,,,,,,,,,,,,,,,,,,,,,
,18,,18,,18,,,,,18,,18,,18,,,,,,,,,,,,,,,,,,,,,,,,,,
,24,24,,24,,,,,24,,24,,,24,,,,,,,,,,,,,,,,,,,,,,,,,,
31,,,31,31,,,,,31,,,31,,31,,,,,,,,,,,,,,,,,,,,,,,,,,
13,,13,,,13,,,,,13,13,,13,,,,,,,,,,,,,,,,,,,,,,,,,,,
21,,21,,,21,,,,,21,21,,,21,,,,,,,,,,,,,,,,,,,,,,,,,,
17,,17,,17,,,,,17,,17,,,17,,,,,,,,,,,,,,,,,,,,,,,,,,
,24,24,,24,,,,,24,,24,,,24,,,,,,,,,,,,,,,,,,,,,,,,,,
31,,,31,31,,,,,31,,,31,,31,,,,,,,,,,,,,,,,,,,,,,,,,,
,24,24,,24,,,,,24,,24,,,24,,,,,,,,,,,,,,,,,,,,,,,,,,
31,,,31,31,,,,,31,,,31,,31,,,,,,,,,,,,,,,,,,,,,,,,,,
25,,25,,25,,,,,25,,25,,,25,,,,,,,,,,,,,,,,,,,,,,,,,,
,16,16,,16,,,,,16,,16,,16,,,,,,,,,,,,,,,,,,,,,,,,,,,
,2,,2,,2,,,,,2,,2,2,,,,,,2,,2,,2,,,,,,,,,,,,,,,,,
5,,5,,,5,,,,,5,5,,5,,,,,,5,5,,,5,,,,,,,,,,,,,,,,,
,12,12,,,12,,,,,12,12,,12,,,,,,12,12,,12,,,,,,,,,,,,,,,,,,
,18,,18,,18,,,,,18,,18,,18,,,,,18,,18,,18,,,,,,,,,,,,,,,,,
19,,,19,,19,,,,,19,,19,,19,,,,,19,,19,19,,,,,,,,,,,,,,,,,,
23,,,23,23,,,,,23,,,23,,23,,,,23,,,23,23,,,,,,,,,,,,,,,,,,
,32,32,,32,,,,,32,,32,,,32,,,,32,,32,,32,,,,,,,,,,,,,,,,,,
,12,12,,,12,,,,,12,12,,12,,,,,,12,12,,12,,,,,,,,,,,,,,,,,,
13,,13,,,13,,,,,13,13,,13,,,,,,13,13,,,13,,,,,,,,,,,,,,,,,
,12,12,,,12,,,,,12,12,,12,,,,,,12,12,,12,,,,,,,,,,,,,,,,,,
,18,,18,,18,,,,,18,,18,,18,,,,,18,,18,,18,,,,,,,,,,,,,,,,,
23,,,23,23,,,,,23,,,23,,23,,,,23,,,23,23,,,,,,,,,,,,,,,,,,
,22,,22,22,,,,,22,,,22,,22,,,,22,,,22,,22,,,,,,,,,,,,,,,,,
11,,,11,,11,,,,,11,,11,11,,,,,,11,,11,11,,,,,,,,,,,,,,,,,,
,22,,22,22,,,,,22,,,22,,22,,,,22,,,22,,22,,,,,,,,,,,,,,,,,
,33,33,,33,,,,,33,,33,,,33,,,,33,,33,,33,,,,,,,,,,,,,,,,,,
,14,,14,14,,,,,14,,,14,14,,,,,14,,,14,,14,,,,,,,,,,,,,,,,,
19,,,19,,19,,,,,19,,19,,19,,,,,19,,19,19,,,,,,,,,,,,,,,,,,
,20,20,,,20,,,,,20,20,,,20,,,,,20,20,,20,,,,,,,,,,,,,,,,,,
,32,32,,32,,,,,32,,32,,,32,,,,32,,32,,32,,,,,,,,,,,,,,,,,,
21,,21,,,21,,,,,21,21,,,21,,,,,21,21,,,21,,,,,,,,,,,,,,,,,
23,,,23,23,,,,,23,,,23,,23,,,,23,,,23,23,,,,,,,,,,,,,,,,,,
,12,12,,,12,,,,,12,12,,12,,,,,,12,12,,12,,,,,,,,,,,,,,,,,,
,12,12,,,12,,,,,12,12,,12,,,,,,12,12,,12,,,,,,,,,,,,,,,,,,
,2,,2,,2,,,,,2,,2,2,,,,,,2,,2,,2,,,,,,,,,,,,,,,,,
,32,32,,32,,,,,32,,32,,,32,,,,32,,32,,32,,,,,,,,,,,,,,,,,,
13,,13,,,13,,,,,13,13,,13,,,,,,13,13,,,13,,,,,,,,,,,,,,,,,
,14,,14,14,,,,,14,,,14,14,,,,,14,,,14,,14,,,,,,,,,,,,,,,,,
15,,,15,15,,,,,15,,,15,15,,,,,15,,,15,15,,,,,,,,,,,,,,,,,,
15,,,15,15,,,,,15,,,15,15,,,,,15,,,15,15,,,,,,,,,,,,,,,,,,
,4,4,,,4,,,,,4,4,,4,,,,,,4,4,,4,,,,,,,,,,,,,,,,,,
,18,,18,,18,,,,,18,,18,,18,,,,,18,,18,,18,,,,,,,,,,,,,,,,,
19,,,19,,19,,,,,19,,19,,19,,,,,19,,19,19,,,,,,,,,,,,,,,,,,
,12,12,,,12,,,,,12,12,,12,,,,,,12,12,,12,,,,,,,,,,,,,,,,,,
,14,,14,14,,,,,14,,,14,14,,,,,14,,,14,,14,,,,,,,,,,,,,,,,,
17,,17,,17,,,,,17,,17,,,17,,,,17,,17,,,17,,,,,,,,,,,,,,,,,
19,,,19,,19,,,,,19,,19,,19,,,,,19,,19,19,,,,,,,,,,,,,,,,,,
13,,13,,,13,,,,,13,13,,13,,,,,,13,13,,,13,,,,,,,,,,,,,,,,,
,18,,18,,18,,,,,18,,18,,18,,,,,18,,18,,18,,,,,,,,,,,,,,,,,
21,,21,,,21,,,,,21,21,,,21,,,,,21,21,,,21,,,,,,,,,,,,,,,,,
23,,,23,23,,,,,23,,,23,,23,,,,23,,,23,23,,,,,,,,,,,,,,,,,,
21,,21,,,21,,,,,21,21,,,21,,,,,21,21,,,21,,,,,,,,,,,,,,,,,
,24,24,,24,,,,,24,,24,,,24,,,,24,,24,,24,,,,,,,,,,,,,,,,,,
27,,,27,,27,,,,,27,,27,,27,,,,,27,,27,27,,,,,,,,,,,,,,,,,,
29,,29,,,29,,,,,29,29,,,29,,,,,29,29,,,29,,,,,,,,,,,,,,,,,
,12,12,,,12,,,,,12,12,,12,,,,,,12,12,,12,,,,,,,,,,,,,,,,,,
13,,13,,,13,,,,,13,13,,13,,,,,,13,13,,,13,,,,,,,,,,,,,,,,,
,12,12,,,12,,,,,12,12,,12,,,,,,12,12,,12,,,,,,,,,,,,,,,,,,
15,,,15,15,,,,,15,,,15,15,,,,,15,,,15,15,,,,,,,,,,,,,,,,,,
,4,4,,,4,,,,,4,4,,4,,,,,,4,4,,4,,,,,,,,,,,,,,,,,,
,12,12,,,12,,,,,12,12,,12,,,,,,12,12,,12,,,,,,,,,,,,,,,,,,
,14,,14,14,,,,,14,,,14,14,,,,,14,,,14,,14,,,,,,,,,,,,,,,,,
17,,17,,17,,,,,17,,17,,,17,,,,17,,17,,,17,,,,,,,,,,,,,,,,,
,28,28,,,28,,,,,28,28,,,28,,,,,28,28,,28,,,,,,,,,,,,,,,,,,
23,,,23,23,,,,,23,,,23,,23,,,,23,,,23,23,,,,,,,,,,,,,,,,,,
23,,,23,23,,,,,23,,,23,,23,,,,23,,,23,23,,,,,,,,,,,,,,,,,,
,12,12,,,12,,,,,12,12,,12,,,,,,12,12,,12,,,,,,,,,,,,,,,,,,
17,,17,,17,,,,,17,,17,,,17,,,,17,,17,,,17,,,,,,,,,,,,,,,,,
23,,,23,23,,,,,23,,,23,,23,,,,23,,,23,23,,,,,,,,,,,,,,,,,,
17,,17,,17,,,,,17,,17,,,17,,,,17,,17,,,17,,,,,,,,,,,,,,,,,
29,,29,,,29,,,,,29,29,,,29,,,,,29,29,,,29,,,,,,,,,,,,,,,,,
,20,20,,,20,,,,,20,20,,,20,,,,,20,20,,20,,,,,,,,,,,,,,,,,,
,12,12,,,12,,,,,12,12,,12,,,,,,12,12,,12,,,,,,,,,,,,,,,,,,
,14,,14,14,,,,,14,,,14,14,,,,,14,,,14,,14,,,,,,,,,,,,,,,,,
17,,17,,17,,,,,17,,17,,,17,,,,17,,17,,,17,,,,,,,,,,,,,,,,,
23,,,23,23,,,,,23,,,23,,23,,,,23,,,23,23,,,,,,,,,,,,,,,,,,
21,,21,,,21,,,,,21,21,,,21,,,,,21,21,,,21,,,,,,,,,,,,,,,,,
,32,32,,32,,,,,32,,32,,,32,,,,32,,32,,32,,,,,,,,,,,,,,,,,,
,12,12,,,12,,,,,12,12,,12,,,,,,12,12,,12,,,,,,,,,,,,,,,,,,
,12,12,,,12,,,,,12,12,,12,,,,,,12,12,,12,,,,,,,,,,,,,,,,,,
,4,4,,,4,,,,,4,4,,4,,,,,,4,4,,4,,,,,,,,,,,,,,,,,,
9,,9,,9,,,,,9,,9,,9,,,,,9,,9,,,9,,,,,,,,,,,,,,,,,
,8,8,,8,,,,,8,,8,,8,,,,,8,,8,,8,,,,,,,,,,,,,,,,,,
7,,,7,7,,,,,7,,,7,7,,,,,7,,,7,7,,,,,,,,,,,,,,,,,,
,6,,6,6,,,,,6,,,6,6,,,,,6,,,6,,6,,,,,,,,,,,,,,,,,
5,,5,,,5,,,,,5,5,,5,,,,,,5,5,,,5,,,,,,,,,,,,,,,,,
3,,,3,,3,,,,,3,,3,3,,,,,,3,,3,3,,,,,,,,,,,,,,,,,,
1,,1,,1,,,,,1,,1,,1,,,,,1,,1,,,1,,,,,,,,,,,,,,,,,
,4,4,,,4,,,,,4,4,,4,,,,,,4,4,,4,,,,,,,,,,,,,,,,,,
21,,21,,,21,,,,,21,21,,,21,,,,,21,21,,,21,,,,,,,,,,,,,,,,,
13,,13,,,13,,,,,13,13,,13,,,,,,13,13,,,13,,,,,,,,,,,,,,,,,
21,,21,,,21,,,,,21,21,,,21,,,,,21,21,,,21,,,,,,,,,,,,,,,,,
,16,16,,16,,,,,16,,16,,16,,,,,16,,16,,16,,,,,,,,,,,,,,,,,,
,18,,18,,18,,,,,18,,18,,18,,,,,18,,18,,18,,,,,,,,,,,,,,,,,
29,,29,,,29,,,,,29,29,,,29,,,,,29,29,,,29,,,,,,,,,,,,,,,,,
,30,,30,30,,,,,30,,,30,,30,,,,30,,,30,,30,,,,,,,,,,,,,,,,,
31,,,31,31,,,,,31,,,31,,31,,,,31,,,31,31,,,,,,,,,,,,,,,,,,
23,,,23,23,,,,,23,,,23,,23,,,,23,,,23,23,,,,,,,,,,,,,,,,,,
,32,32,,32,,,,,32,,32,,,32,,,,32,,32,,32,,,,,,,,,,,,,,,,,,
,12,12,,,12,,,,,12,12,,12,,,,,,12,12,,12,,,,,,,,,,,,,,,,,,
25,,25,,25,,,,,25,,25,,,25,,,,25,,25,,,25,,,,,,,,,,,,,,,,,
,12,12,,,12,,,,,12,12,,12,,,,,,12,12,,12,,,,,,,,,,,,,,,,,,
7,,,7,7,,,,,7,,,7,7,,,,,7,,,7,7,,,,,,,,,,,,,,,,,,
9,,9,,9,,,,,9,,9,,9,,,,,9,,9,,,9,,,,,,,,,,,,,,,,,
,8,8,,8,,,,,8,,8,,8,,,,,8,,8,,8,,,,,,,,,,,,,,,,,,
,4,4,,,4,,,,,4,4,,4,,,,,,4,4,,4,,,,,,,,,,,,,,,,,,
,12,12,,,12,,,,,12,12,,12,,,,,,12,12,,12,,,,,,,,,,,,,,,,,,
,14,,14,14,,,,,14,,,14,14,,,,,14,,,14,,14,,,,,,,,,,,,,,,,,
23,,,23,23,,,,,23,,,23,,23,,,,23,,,23,23,,,,,,,,,,,,,,,,,,
,4,4,,,4,,,,,4,4,,4,,,,,,4,4,,4,,,,,,,,,,,,,,,,,,
3,,,3,,3,,,,,3,,3,3,,,,,,3,,3,3,,,,,,,,,,,,,,,,,,
21,,21,,,21,,,,,21,21,,,21,,,,,21,21,,,21,,,,,,,,,,,,,,,,,
15,,,15,15,,,,,15,,,15,15,,,,,15,,,15,15,,,,,,,,,,,,,,,,,,
,18,,18,,18,,,,,18,,18,,18,,,,,18,,18,,18,,,,,,,,,,,,,,,,,
19,,,19,,19,,,,,19,,19,,19,,,,,19,,19,19,,,,,,,,,,,,,,,,,,
,12,12,,,12,,,,,12,12,,12,,,,,,12,12,,12,,,,,,,,,,,,,,,,,,
,14,,14,14,,,,,14,,,14,14,,,,,14,,,14,,14,,,,,,,,,,,,,,,,,
,4,4,,,4,,,,,4,4,,4,,,,,,4,4,,4,,,,,,,,,,,,,,,,,,
13,,13,,,13,,,,,13,13,,13,,,,,,13,13,,,13,,,,,,,,,,,,,,,,,
5,,5,,,5,,,,,5,5,,5,,,,,,5,5,,,5,,,,,,,,,,,,,,,,,,,,,,,,,,
5,,5,,,5,,,,,5,5,,5,,,,,,5,5,,,5,,,,,,,,,,,,,,,,,,,,,,,,,,
5,,5,,,5,,,,,5,5,,5,,,,,,5,5,,,5,,,,,,,,,,,,,,,,,,,,,,,,,,
9,,9,,9,,,,,9,,9,,9,,,,,9,,9,,,9,,,,,,,,,,,,,,,,,,,,,,,,,,
9,,9,,9,,,,,9,,9,,9,,,,,9,,9,,,9,,,,,,,,,,,,,,,,,,,,,,,,,,
9,,9,,9,,,,,9,,9,,9,,,,,9,,9,,,9,,,,,,,,,,,,,,,,,,,,,,,,,,
7,,,7,7,,,,,7,,,7,7,,,,,7,,,7,7,,,,,,,,,,,,,,,,,,,,,,,,,,,
7,,,7,7,,,,,7,,,7,7,,,,,7,,,7,7,,,,,,,,,,,,,,,,,,,,,,,,,,,
,2,,2,,2,,,,,2,,2,2,,,,,,2,,2,,2,,,,,,,,,,,,,,,,,,,,,,,,,,
,2,,2,,2,,,,,2,,2,2,,,,,,2,,2,,2,,,,,,,,,,,,,,,,,,,,,,,,,,
,2,,2,,2,,,,,2,,2,2,,,,,,2,,2,,2,,,,,,,,,,,,,,,,,,,,,,,,,,
3,,,3,,3,,,,,3,,3,3,,,,,,3,,3,3,,,,,,,,,,,,,,,,,,,,,,,,,,,
3,,,3,,3,,,,,3,,3,3,,,,,,3,,3,3,,,,,,,,,,,,,,,,,,,,,,,,,,,
3,,,3,,3,,,,,3,,3,3,,,,,,3,,3,3,,,,,,,,,,,,,,,,,,,,,,,,,,,
,4,4,,,4,,,,,4,4,,4,,,,,,4,4,,4,,,,,,,,,,,,,,,,,,,,,,,,,,,
,4,4,,,4,,,,,4,4,,4,,,,,,4,4,,4,,,,,,,,,,,,,,,,,,,,,,,,,,,
,4,4,,,4,,,,,4,4,,4,,,,,,4,4,,4,,,,,,,,,,,,,,,,,,,,,,,,,,,
23,,,23,23,,,,,23,,,23,,23,,,,23,,,23,23,,,,,,,,,,,,,,,,,,,,,,,,,,,,,,,,,,,,,,,,,,
23,,,23,23,,,,,23,,,23,,23,,,,23,,,23,23,,,,,,,,,,,,,,,,,,,,,,,,,,,,,,,,,,,,,,,,,,
1,,1,,1,,,,,1,,1,,1,,,,,1,,1,,,1,,,,,,,,,,,,,,,,,,,,,,,,,,,,,,,,,,,,,,,,,
1,,1,,1,,,,,1,,1,,1,,,,,1,,1,,,1,,,,,,,,,,,,,,,,,,,,,,,,,,,,,,,,,,,,,,,,,
11,,,11,,11,,,,,11,,11,11,,,,,,11,,11,11,,,,,,,,,,,,,,,,,,,,,,,,,,,,,,,,,,,,,,,,,,
,2,,2,,2,,,,,2,,2,2,,,,,,2,,2,,2,,,,,,,,,,,,,,,,,,,,,,,,,,,,,,,,,,,,,,,,,
,2,,2,,2,,,,,2,,2,2,,,,,,2,,2,,2,,,,,,,,,,,,,,,,,,,,,,,,,,,,,,,,,,,,,,,,,
,2,,2,,2,,,,,2,,2,2,,,,,,2,,2,,2,,,,,,,,,,,,,,,,,,,,,,,,,,,,,,,,,,,,,,,,,
,4,4,,,4,,,,,4,4,,4,,,,,,4,4,,4,,,,,,,,,,,,,,,,,,,,,,,,,,,,,,,,,,,,,,,,,,
5,,5,,,5,,,,,5,5,,5,,,,,,5,5,,,5,,,,,,,,,,,,,,,,,,,,,,,,,,,,,,,,,,,,,,,,,
1,,1,,1,,,,,1,,1,,1,,,,,1,,1,,,1,,,,,,,,,,,,,,,,,,,,,,,,,,,,,,,,,,,,,,,,,
1,,1,,1,,,,,1,,1,,1,,,,,1,,1,,,1,,,,,,,,,,,,,,,,,,,,,,,,,,,,,,,,,,,,,,,,,
1,,1,,1,,,,,1,,1,,1,,,,,1,,1,,,1,,,,,,,,,,,,,,,,,,,,,,,,,,,,,,,,,,,,,,,,,,,,,,,,,,,,,,,,,,,,,,,,,,,,,,,,,,,,,,,,,,,,,,,,,,,,,,,,,,,,,,,,,,,,,,,,,,,,,,,,,,,,,,,,,,,,,,,,,,,,,,,,,,,,,,,,,,,,,,,,,,,,,,,,,,,,,,,,,,,,,,,,,,,,,,,,,,,,,,,,,,,,,,,,,,,,,,,,,,,,,,,,,,,,,,,,,,,,,,,,,,,,,,,,,,,,,,,,,,,,,,,,,,,,,,,,,,,,,,,,,,,,,,,,,,,,,,,,,,,,,,,,,,,,,,,,,,,,,,,,,,,,,,,,,,,,,,,,,,,,,,,,,,,,,,,,,,,,,,,,,,,,,,,,,,,,,,,,,,,,,,,,,,,,,,,,,,,,,,,,,,,,,,,,,,,,,,,,,,,,,,,,,,
1,,1,,1,,,,,1,,1,,1,,,,,1,,1,,,1,,,,,,,,,,,,,,,,,
,2,,2,,2,,,,,2,,2,2,,,,,,2,,2,,2,,,,,,,,,,,,,,,,,
