,,3,,,3,,,,,,,,,3,,3,,,,,,,,,3,,3,,,,,,,,3,,,3,,,,,,,,,,,,,,,,,,,,,,,,,,
,,,4,,4,,,,,,,,4,,,4,,,,,,,,,4,,4,,,,,,,,,4,,4,,,,,,,,,,,,,,,,,,,,,,,,,,
,,10,,10,,,,,,,,,10,,10,,,,,,,,,10,,10,,,,,,,,,10,,10,,,,,,,,,,,,,,,,,,,,,,,,,,,
,,10,,10,,,,,,,,,10,,10,,,,,,,,,10,,10,,,,,,,,,10,,10,,,,,,,,,,,,,,,,,,,,,,,,,,,
,,,47,,47,,,,,,,,,47,47,,,,,,,,,47,,,47,,,,,,,,,47,,47,,,,,,,,,,,,,,,,,,,,,,,,,,
,,11,,,11,,,,,,,,11,,,11,,,,,,,,11,,,11,,,,,,,,11,,,11,,,,,,,,,,,,,,,,,,,,,,,,,,
,,12,,12,,,,,,,,,12,,12,,,,,,,,,12,,12,,,,,,,,,12,,12,,,,,,,,,,,,,,,,,,,,,,,,,,,
,,,41,,41,,,,,,,,,41,41,,,,,,,,,41,,,41,,,,,,,,,41,,41,,,,,,,,,,,,,,,,,,,,,,,,,,
,,10,,10,,,,,,,,,10,,10,,,,,,,,,10,,10,,,,,,,,,10,,10,,,,,,,,,,,,,,,,,,,,,,,,,,,
,,,2,2,,,,,,,,,2,,2,,,,,,,,,,2,2,,,,,,,,,,2,2,,,,,,,,,,,,,,,,,,,,,,,,,,,
,,11,,,11,,,,,,,,11,,,11,,,,,,,,11,,,11,,,,,,,,11,,,11,,,,,,,,,,,,,,,,,,,,,,,,,,
,,,44,44,,,,,,,,,,44,,44,,,,,,,,44,,44,,,,,,,,,,44,44,,,,,,,,,,,,,,,,,,,,,,,,,,,
,,12,,12,,,,,,,,,12,,12,,,,,,,,,12,,12,,,,,,,,,12,,12,,,,,,,,,,,,,,,,,,,,,,,,,,,
,,31,,,31,,,,,,,,31,,,31,,,,,,,,31,,,31,,,,,,,,,31,,31,,,,,,,,,,,,,,,,,,,,,,,,,,
,,10,,10,,,,,,,,,10,,10,,,,,,,,,10,,10,,,,,,,,,10,,10,,,,,,,,,,,,,,,,,,,,,,,,,,,
,,,23,,23,,,,,,,,23,,,23,,,,,,,,,23,,23,,,,,,,,23,,,23,,,,,,,,,,,,,,,,,,,,,,,,,,
,,11,,,11,,,,,,,,11,,,11,,,,,,,,11,,,11,,,,,,,,11,,,11,,,,,,,,,,,,,,,,,,,,,,,,,,
,,3,,,3,,,,,,,,,3,,3,,,,,,,,,3,,3,,,,,,,,3,,,3,,,,,,,,,,,,,,,,,,,,,,,,,,
,,12,,12,,,,,,,,,12,,12,,,,,,,,,12,,12,,,,,,,,,12,,12,,,,,,,,,,,,,,,,,,,,,,,,,,,
,,,44,44,,,,,,,,,,44,,44,,,,,,,,44,,44,,,,,,,,,,44,44,,,,,,,,,,,,,,,,,,,,,,,,,,,
,,10,,10,,,,,,,,,10,,10,,,,,,,,,10,,10,,,,,,,,,10,,10,,,,,,,,,,,,,,,,,,,,,,,,,,,
,,15,,,15,,,,,,,,15,,,15,,,,,,,,15,,,15,,,,,,,,,15,,15,,,,,,,,,,,,,,,,,,,,,,,,,,
,,11,,,11,,,,,,,,11,,,11,,,,,,,,11,,,11,,,,,,,,11,,,11,,,,,,,,,,,,,,,,,,,,,,,,,,
,,,49,,49,,,,,,,,,49,49,,,,,,,,,49,,,49,,,,,,,,,49,,49,,,,,,,,,,,,,,,,,,,,,,,,,,
,,12,,12,,,,,,,,,12,,12,,,,,,,,,12,,12,,,,,,,,,12,,12,,,,,,,,,,,,,,,,,,,,,,,,,,,
,,33,,,33,,,,,,,,,33,,33,,,,,,,,,33,,33,,,,,,,,,33,,33,,,,,,,,,,,,,,,,,,,,,,,,,,
,,10,,10,,,,,,,,,10,,10,,,,,,,,,10,,10,,,,,,,,,10,,10,,,,,,,,,,,,,,,,,,,,,,,,,,,
,,5,,5,,,,,,,,,,5,5,,,,,,,,,,5,5,,,,,,,,,5,,5,,,,,,,,,,,,,,,,,,,,,,,,,,,
,,11,,,11,,,,,,,,11,,,11,,,,,,,,11,,,11,,,,,,,,11,,,11,,,,,,,,,,,,,,,,,,,,,,,,,,
,,39,,,39,,,,,,,,,39,,39,,,,,,,,,39,,39,,,,,,,,39,,,39,,,,,,,,,,,,,,,,,,,,,,,,,,
,,12,,12,,,,,,,,,12,,12,,,,,,,,,12,,12,,,,,,,,,12,,12,,,,,,,,,,,,,,,,,,,,,,,,,,,
,,38,,38,,,,,,,,,,38,38,,,,,,,,,,38,38,,,,,,,,,38,,38,,,,,,,,,,,,,,,,,,,,,,,,,,,
,,10,,10,,,,,,,,,10,,10,,,,,,,,,10,,10,,,,,,,,,10,,10,,,,,,,,,,,,,,,,,,,,,,,,,,,
,,,45,,45,,,,,,,,,45,45,,,,,,,,,45,,,45,,,,,,,,,45,,45,,,,,,,,,,,,,,,,,,,,,,,,,,
,,11,,,11,,,,,,,,11,,,11,,,,,,,,11,,,11,,,,,,,,11,,,11,,,,,,,,,,,,,,,,,,,,,,,,,,
,,18,,18,,,,,,,,,18,,18,,,,,,,,,18,,18,,,,,,,,,,18,18,,,,,,,,,,,,,,,,,,,,,,,,,,,
,,12,,12,,,,,,,,,12,,12,,,,,,,,,12,,12,,,,,,,,,12,,12,,,,,,,,,,,,,,,,,,,,,,,,,,,
,,16,,16,,,,,,,,,16,,16,,,,,,,,,16,,16,,,,,,,,,,16,16,,,,,,,,,,,,,,,,,,,,,,,,,,,
,,10,,10,,,,,,,,,10,,10,,,,,,,,,10,,10,,,,,,,,,10,,10,,,,,,,,,,,,,,,,,,,,,,,,,,,
,,12,,12,,,,,,,,,12,,12,,,,,,,,,12,,12,,,,,,,,,12,,12,,,,,,,,,,,,,,,,,,,,,,,,,,,
,,11,,,11,,,,,,,,11,,,11,,,,,,,,11,,,11,,,,,,,,11,,,11,,,,,,,,,,,,,,,,,,,,,,,,,,
,,,20,20,,,,,,,,,20,,20,,,,,,,,,,20,20,,,,,,,,,20,,20,,,,,,,,,,,,,,,,,,,,,,,,,,,
,,12,,12,,,,,,,,,12,,12,,,,,,,,,12,,12,,,,,,,,,12,,12,,,,,,,,,,,,,,,,,,,,,,,,,,,
,,,6,6,,,,,,,,,6,,6,,,,,,,,,,6,6,,,,,,,,,,6,6,,,,,,,,,,,,,,,,,,,,,,,,,,,
,,10,,10,,,,,,,,,10,,10,,,,,,,,,10,,10,,,,,,,,,10,,10,,,,,,,,,,,,,,,,,,,,,,,,,,,
,,36,,36,,,,,,,,,,36,36,,,,,,,,,,36,36,,,,,,,,,36,,36,,,,,,,,,,,,,,,,,,,,,,,,,,,
,,11,,,11,,,,,,,,11,,,11,,,,,,,,11,,,11,,,,,,,,11,,,11,,,,,,,,,,,,,,,,,,,,,,,,,,
,,,47,,47,,,,,,,,,47,47,,,,,,,,,47,,,47,,,,,,,,,47,,47,,,,,,,,,,,,,,,,,,,,,,,,,,
,,12,,12,,,,,,,,,12,,12,,,,,,,,,12,,12,,,,,,,,,12,,12,,,,,,,,,,,,,,,,,,,,,,,,,,,
,,,41,,41,,,,,,,,,41,41,,,,,,,,,41,,,41,,,,,,,,,41,,41,,,,,,,,,,,,,,,,,,,,,,,,,,
,,10,,10,,,,,,,,,10,,10,,,,,,,,,10,,10,,,,,,,,,10,,10,,,,,,,,,,,,,,,,,,,,,,,,,,,
,,,26,26,,,,,,,,,26,,26,,,,,,,,,,26,26,,,,,,,,,26,,26,,,,,,,,,,,,,,,,,,,,,,,,,,,
,,11,,,11,,,,,,,,11,,,11,,,,,,,,11,,,11,,,,,,,,11,,,11,,,,,,,,,,,,,,,,,,,,,,,,,,
,,17,,,17,,,,,,,,17,,,17,,,,,,,,17,,,17,,,,,,,,,17,,17,,,,,,,,,,,,,,,,,,,,,,,,,,
,,12,,12,,,,,,,,,12,,12,,,,,,,,,12,,12,,,,,,,,,12,,12,,,,,,,,,,,,,,,,,,,,,,,,,,,
,,37,,,37,,,,,,,,,37,,37,,,,,,,,,37,,37,,,,,,,,37,,,37,,,,,,,,,,,,,,,,,,,,,,,,,,
,,10,,10,,,,,,,,,10,,10,,,,,,,,,10,,10,,,,,,,,,10,,10,,,,,,,,,,,,,,,,,,,,,,,,,,,
,,,49,,49,,,,,,,,,49,49,,,,,,,,,49,,,49,,,,,,,,,49,,49,,,,,,,,,,,,,,,,,,,,,,,,,,
,,11,,,11,,,,,,,,11,,,11,,,,,,,,11,,,11,,,,,,,,11,,,11,,,,,,,,,,,,,,,,,,,,,,,,,,
,,34,,34,,,,,,,,,,34,34,,,,,,,,,,34,34,,,,,,,,,,34,34,,,,,,,,,,,,,,,,,,,,,,,,,,,
,,12,,12,,,,,,,,,12,,12,,,,,,,,,12,,12,,,,,,,,,12,,12,,,,,,,,,,,,,,,,,,,,,,,,,,,
,,,26,26,,,,,,,,,26,,26,,,,,,,,,,26,26,,,,,,,,,26,,26,,,,,,,,,,,,,,,,,,,,,,,,,,,
,,10,,10,,,,,,,,,10,,10,,,,,,,,,10,,10,,,,,,,,,10,,10,,,,,,,,,,,,,,,,,,,,,,,,,,,
,,,40,40,,,,,,,,,,40,,40,,,,,,,,40,,40,,,,,,,,,40,,40,,,,,,,,,,,,,,,,,,,,,,,,,,,
,,11,,,11,,,,,,,,11,,,11,,,,,,,,11,,,11,,,,,,,,11,,,11,,,,,,,,,,,,,,,,,,,,,,,,,,
,,,29,,29,,,,,,,,,29,29,,,,,,,,,29,,,29,,,,,,,,29,,,29,,,,,,,,,,,,,,,,,,,,,,,,,,
,,12,,12,,,,,,,,,12,,12,,,,,,,,,12,,12,,,,,,,,,12,,12,,,,,,,,,,,,,,,,,,,,,,,,,,,
,,,25,,25,,,,,,,,25,,,25,,,,,,,,,25,,25,,,,,,,,25,,,25,,,,,,,,,,,,,,,,,,,,,,,,,,
,,10,,10,,,,,,,,,10,,10,,,,,,,,,10,,10,,,,,,,,,10,,10,,,,,,,,,,,,,,,,,,,,,,,,,,,
,,,2,2,,,,,,,,,2,,2,,,,,,,,,,2,2,,,,,,,,,,2,2,,,,,,,,,,,,,,,,,,,,,,,,,,,
,,11,,,11,,,,,,,,11,,,11,,,,,,,,11,,,11,,,,,,,,11,,,11,,,,,,,,,,,,,,,,,,,,,,,,,,
,,,47,,47,,,,,,,,,47,47,,,,,,,,,47,,,47,,,,,,,,,47,,47,,,,,,,,,,,,,,,,,,,,,,,,,,
,,12,,12,,,,,,,,,12,,12,,,,,,,,,12,,12,,,,,,,,,12,,12,,,,,,,,,,,,,,,,,,,,,,,,,,,
,,15,,,15,,,,,,,,15,,,15,,,,,,,,15,,,15,,,,,,,,,15,,15,,,,,,,,,,,,,,,,,,,,,,,,,,
