,,3,,3,,,,,,,,,3,,3,,,,,,,,,3,,3,,,,,,,,,,3,3,,,,,,,,,,,,,,,,,,,,,,,,,,,
,,4,,,4,,,,,,,,,4,,4,,,,,,,,,4,,4,,,,,,,,4,,,4,,,,,,,,,,,,,,,,,,,,,,,,,,
,,,,,,,,,,,,,21,,21,,,,,,,,,,,,,,,,,,,,21,,21,,,,,,,,,,,,,,,,,,,,,,,,,,,
,,,,,,,,,,,,,6,,6,,,,,,,,,,,,,,,,,,,,,6,6,,,,,,,,,,,,,,,,,,,,,,,,,,,
,,,,,,,,,,,,,46,,46,,,,,,,,,,,,,,,,,,,,46,,46,,,,,,,,,,,,,,,,,,,,,,,,,,,
,,,,,,,,,,,,,,45,45,,,,,,,,,,,,,,,,,,,,45,,45,,,,,,,,,,,,,,,,,,,,,,,,,,,
,,,,,,,,,,,,,17,,17,,,,,,,,,,,,,,,,,,,,17,,17,,,,,,,,,,,,,,,,,,,,,,,,,,,
,,,,,,,,,,,,,,34,34,,,,,,,,,,,,,,,,,,,,34,,34,,,,,,,,,,,,,,,,,,,,,,,,,,,
,,,,,,,,,,,,,,33,,33,,,,,,,,,,,,,,,,,,,,33,,33,,,,,,,,,,,,,,,,,,,,,,,,,,
,,,,,,,,,,,,,3,,3,,,,,,,,,,,,,,,,,,,,,3,3,,,,,,,,,,,,,,,,,,,,,,,,,,,
,,,,,,,,,,,,,,44,,44,,,,,,,,,,,,,,,,,,,44,,,44,,,,,,,,,,,,,,,,,,,,,,,,,,
,,,,,,,,,,,,,27,,,27,,,,,,,,,,,,,,,,,,,27,,,27,,,,,,,,,,,,,,,,,,,,,,,,,,
,,,,,,,,,,,,,6,,6,,,,,,,,,,,,,,,,,,,,,6,6,,,,,,,,,,,,,,,,,,,,,,,,,,,
,,,,,,,,,,,,,27,,,27,,,,,,,,,,,,,,,,,,,27,,,27,,,,,,,,,,,,,,,,,,,,,,,,,,
,,,,,,,,,,,,,,45,45,,,,,,,,,,,,,,,,,,,,45,,45,,,,,,,,,,,,,,,,,,,,,,,,,,,
,,,,,,,,,,,,,13,,,13,,,,,,,,,,,,,,,,,,,,13,,13,,,,,,,,,,,,,,,,,,,,,,,,,,
,,,,,,,,,,,,,,39,,39,,,,,,,,,,,,,,,,,,,,39,39,,,,,,,,,,,,,,,,,,,,,,,,,,,
,,,,,,,,,,,,,37,,37,,,,,,,,,,,,,,,,,,,,37,,37,,,,,,,,,,,,,,,,,,,,,,,,,,,
,,,,,,,,,,,,,,19,,19,,,,,,,,,,,,,,,,,,,,19,19,,,,,,,,,,,,,,,,,,,,,,,,,,,
,,,,,,,,,,,,,,49,49,,,,,,,,,,,,,,,,,,,,,49,,49,,,,,,,,,,,,,,,,,,,,,,,,,,
,,,,,,,,,,,,,11,,,11,,,,,,,,,,,,,,,,,,,11,,,11,,,,,,,,,,,,,,,,,,,,,,,,,,
,,,,,,,,,,,,,,25,25,,,,,,,,,,,,,,,,,,,,25,,25,,,,,,,,,,,,,,,,,,,,,,,,,,,
,,,,,,,,,,,,,,45,45,,,,,,,,,,,,,,,,,,,,45,,45,,,,,,,,,,,,,,,,,,,,,,,,,,,
,,,,,,,,,,,,,,29,29,,,,,,,,,,,,,,,,,,,,,29,,29,,,,,,,,,,,,,,,,,,,,,,,,,,
,,,,,,,,,,,,,,5,5,,,,,,,,,,,,,,,,,,,,5,,5,,,,,,,,,,,,,,,,,,,,,,,,,,,
,,,,,,,,,,,,,,24,,24,,,,,,,,,,,,,,,,,,,24,,,24,,,,,,,,,,,,,,,,,,,,,,,,,,
,,,,,,,,,,,,,,34,34,,,,,,,,,,,,,,,,,,,,34,,34,,,,,,,,,,,,,,,,,,,,,,,,,,,
,,,,,,,,,,,,,13,,,13,,,,,,,,,,,,,,,,,,,,13,,13,,,,,,,,,,,,,,,,,,,,,,,,,,
,,,,,,,,,,,,,,38,38,,,,,,,,,,,,,,,,,,,,38,,,38,,,,,,,,,,,,,,,,,,,,,,,,,,
,,,,,,,,,,,,,,24,,24,,,,,,,,,,,,,,,,,,,24,,,24,,,,,,,,,,,,,,,,,,,,,,,,,,
,,,,,,,,,,,,,27,,,27,,,,,,,,,,,,,,,,,,,27,,,27,,,,,,,,,,,,,,,,,,,,,,,,,,
,,,,,,,,,,,,,,10,,10,,,,,,,,,,,,,,,,,,,,10,10,,,,,,,,,,,,,,,,,,,,,,,,,,,
,,,,,,,,,,,,,27,,,27,,,,,,,,,,,,,,,,,,,27,,,27,,,,,,,,,,,,,,,,,,,,,,,,,,
,,,,,,,,,,,,,,23,23,,,,,,,,,,,,,,,,,,,,,23,23,,,,,,,,,,,,,,,,,,,,,,,,,,,
,,,,,,,,,,,,,,14,14,,,,,,,,,,,,,,,,,,,,14,,14,,,,,,,,,,,,,,,,,,,,,,,,,,,
,,,,,,,,,,,,,11,,,11,,,,,,,,,,,,,,,,,,,11,,,11,,,,,,,,,,,,,,,,,,,,,,,,,,
,,,,,,,,,,,,,6,,6,,,,,,,,,,,,,,,,,,,,,6,6,,,,,,,,,,,,,,,,,,,,,,,,,,,
,,,,,,,,,,,,,42,,,42,,,,,,,,,,,,,,,,,,,,42,,42,,,,,,,,,,,,,,,,,,,,,,,,,,
,,,,,,,,,,,,,11,,,11,,,,,,,,,,,,,,,,,,,11,,,11,,,,,,,,,,,,,,,,,,,,,,,,,,
,,,,,,,,,,,,,,33,,33,,,,,,,,,,,,,,,,,,,,33,,33,,,,,,,,,,,,,,,,,,,,,,,,,,
,,,,,,,,,,,,,3,,3,,,,,,,,,,,,,,,,,,,,,3,3,,,,,,,,,,,,,,,,,,,,,,,,,,,
,,,,,,,,,,,,,,19,,19,,,,,,,,,,,,,,,,,,,,19,19,,,,,,,,,,,,,,,,,,,,,,,,,,,
,,,,,,,,,,,,,6,,6,,,,,,,,,,,,,,,,,,,,,6,6,,,,,,,,,,,,,,,,,,,,,,,,,,,
,,,,,,,,,,,,,42,,,42,,,,,,,,,,,,,,,,,,,,42,,42,,,,,,,,,,,,,,,,,,,,,,,,,,
,,,,,,,,,,,,,,,,,,,,,,,,,,,,,,,,,,,,,,,,,,,,,,,,,,,,,,,,,,,,,,,,
,,,,,,,,,,,,,,28,,28,,,,,,,,,,,,,,,,,,,28,,28,,,,,,,,,,,,,,,,,,,,,,,,,,,
,,,,,,,,,,,,,42,,,42,,,,,,,,,,,,,,,,,,,,42,,42,,,,,,,,,,,,,,,,,,,,,,,,,,
,,,,,,,,,,,,,,20,20,,,,,,,,,,,,,,,,,,,,,20,,20,,,,,,,,,,,,,,,,,,,,,,,,,,
,,,,,,,,,,,,,,14,14,,,,,,,,,,,,,,,,,,,,14,,14,,,,,,,,,,,,,,,,,,,,,,,,,,,
,,,,,,,,,,,,,1,,1,,,,,,,,,,,,,,,,,,,,1,,1,,,,,,,,,,,,,,,,,,,,,,,,,,,
,,,,,,,,,,,,,46,,46,,,,,,,,,,,,,,,,,,,,46,,46,,,,,,,,,,,,,,,,,,,,,,,,,,,
,,,,,,,,,,,,,,45,45,,,,,,,,,,,,,,,,,,,,45,,45,,,,,,,,,,,,,,,,,,,,,,,,,,,
,,,,,,,,,,,,,,30,,30,,,,,,,,,,,,,,,,,,,,30,30,,,,,,,,,,,,,,,,,,,,,,,,,,,
,,,,,,,,,,,,,6,,6,,,,,,,,,,,,,,,,,,,,,6,6,,,,,,,,,,,,,,,,,,,,,,,,,,,
,,,,,,,,,,,,,,30,,30,,,,,,,,,,,,,,,,,,,,30,30,,,,,,,,,,,,,,,,,,,,,,,,,,,
,,,,,,,,,,,,,,30,,30,,,,,,,,,,,,,,,,,,,,30,30,,,,,,,,,,,,,,,,,,,,,,,,,,,
,,,,,,,,,,,,,,5,5,,,,,,,,,,,,,,,,,,,,5,,5,,,,,,,,,,,,,,,,,,,,,,,,,,,
,,,,,,,,,,,,,22,,,22,,,,,,,,,,,,,,,,,,,,22,,22,,,,,,,,,,,,,,,,,,,,,,,,,,
,,,,,,,,,,,,,7,,,7,,,,,,,,,,,,,,,,,,,7,,,7,,,,,,,,,,,,,,,,,,,,,,,,,,
,,,,,,,,,,,,,,9,9,,,,,,,,,,,,,,,,,,,,,9,,9,,,,,,,,,,,,,,,,,,,,,,,,,,
,,,,,,,,,,,,,6,,6,,,,,,,,,,,,,,,,,,,,,6,6,,,,,,,,,,,,,,,,,,,,,,,,,,,
,,,,,,,,,,,,,,28,,28,,,,,,,,,,,,,,,,,,,28,,28,,,,,,,,,,,,,,,,,,,,,,,,,,,
,,,,,,,,,,,,,,49,49,,,,,,,,,,,,,,,,,,,,,49,,49,,,,,,,,,,,,,,,,,,,,,,,,,,
,,,,,,,,,,,,,,44,,44,,,,,,,,,,,,,,,,,,,44,,,44,,,,,,,,,,,,,,,,,,,,,,,,,,
,,,,,,,,,,,,,,35,,35,,,,,,,,,,,,,,,,,,,35,,,35,,,,,,,,,,,,,,,,,,,,,,,,,,
,,,,,,,,,,,,,2,,,2,,,,,,,,,,,,,,,,,,,,2,,2,,,,,,,,,,,,,,,,,,,,,,,,,,
,,,,,,,,,,,,,,15,,15,,,,,,,,,,,,,,,,,,,15,,,15,,,,,,,,,,,,,,,,,,,,,,,,,,
,,,,,,,,,,,,,,10,,10,,,,,,,,,,,,,,,,,,,,10,10,,,,,,,,,,,,,,,,,,,,,,,,,,,
,,,,,,,,,,,,,27,,,27,,,,,,,,,,,,,,,,,,,27,,,27,,,,,,,,,,,,,,,,,,,,,,,,,,
,,,,,,,,,,,,,,44,,44,,,,,,,,,,,,,,,,,,,44,,,44,,,,,,,,,,,,,,,,,,,,,,,,,,
,,,,,,,,,,,,,,15,,15,,,,,,,,,,,,,,,,,,,15,,,15,,,,,,,,,,,,,,,,,,,,,,,,,,
,,,,,,,,,,,,,,4,,4,,,,,,,,,,,,,,,,,,,4,,,4,,,,,,,,,,,,,,,,,,,,,,,,,,
,,,,,,,,,,,,,7,,,7,,,,,,,,,,,,,,,,,,,7,,,7,,,,,,,,,,,,,,,,,,,,,,,,,,
,,,,,,,,,,,,,2,,,2,,,,,,,,,,,,,,,,,,,,2,,2,,,,,,,,,,,,,,,,,,,,,,,,,,
,,,,,,,,,,,,,36,,,36,,,,,,,,,,,,,,,,,,,36,,,36,,,,,,,,,,,,,,,,,,,,,,,,,,
,,,,,,,,,,,,,2,,,2,,,,,,,,,,,,,,,,,,,,2,,2,,,,,,,,,,,,,,,,,,,,,,,,,,
,,,,,,,,,,,,,21,,21,,,,,,,,,,,,,,,,,,,,21,,21,,,,,,,,,,,,,,,,,,,,,,,,,,,
,,,,,,,,,,,,,,43,43,,,,,,,,,,,,,,,,,,,,,43,43,,,,,,,,,,,,,,,,,,,,,,,,,,,
,,,,,,,,,,,,,47,,,47,,,,,,,,,,,,,,,,,,,47,,,47,,,,,,,,,,,,,,,,,,,,,,,,,,
,,,,,,,,,,,,,,39,,39,,,,,,,,,,,,,,,,,,,,39,39,,,,,,,,,,,,,,,,,,,,,,,,,,,
,,,,,,,,,,,,,8,,8,,,,,,,,,,,,,,,,,,,,8,,8,,,,,,,,,,,,,,,,,,,,,,,,,,,
,,,,,,,,,,,,,13,,,13,,,,,,,,,,,,,,,,,,,,13,,13,,,,,,,,,,,,,,,,,,,,,,,,,,
,,,,,,,,,,,,,,44,,44,,,,,,,,,,,,,,,,,,,44,,,44,,,,,,,,,,,,,,,,,,,,,,,,,,
,,,,,,,,,,,,,1,,1,,,,,,,,,,,,,,,,,,,,1,,1,,,,,,,,,,,,,,,,,,,,,,,,,,,
,,,,,,,,,,,,,,49,49,,,,,,,,,,,,,,,,,,,,,49,,49,,,,,,,,,,,,,,,,,,,,,,,,,,
,,,,,,,,,,,,,41,,41,,,,,,,,,,,,,,,,,,,,,41,41,,,,,,,,,,,,,,,,,,,,,,,,,,,
,,,,,,,,,,,,,,14,14,,,,,,,,,,,,,,,,,,,,14,,14,,,,,,,,,,,,,,,,,,,,,,,,,,,
,,,,,,,,,,,,,,15,,15,,,,,,,,,,,,,,,,,,,15,,,15,,,,,,,,,,,,,,,,,,,,,,,,,,
,,,,,,,,,,,,,,19,,19,,,,,,,,,,,,,,,,,,,,19,19,,,,,,,,,,,,,,,,,,,,,,,,,,,
,,,,,,,,,,,,,,48,,48,,,,,,,,,,,,,,,,,,,48,,48,,,,,,,,,,,,,,,,,,,,,,,,,,,
,,,,,,,,,,,,,,28,,28,,,,,,,,,,,,,,,,,,,28,,28,,,,,,,,,,,,,,,,,,,,,,,,,,,
,,,,,,,,,,,,,18,,,18,,,,,,,,,,,,,,,,,,,18,,,18,,,,,,,,,,,,,,,,,,,,,,,,,,
,,,,,,,,,,,,,11,,,11,,,,,,,,,,,,,,,,,,,11,,,11,,,,,,,,,,,,,,,,,,,,,,,,,,
,,,,,,,,,,,,,,33,,33,,,,,,,,,,,,,,,,,,,,33,,33,,,,,,,,,,,,,,,,,,,,,,,,,,
,,,,,,,,,,,,,32,,32,,,,,,,,,,,,,,,,,,,,,32,32,,,,,,,,,,,,,,,,,,,,,,,,,,,
,,,,,,,,,,,,,8,,8,,,,,,,,,,,,,,,,,,,,8,,8,,,,,,,,,,,,,,,,,,,,,,,,,,,
,,,,,,,,,,,,,,15,,15,,,,,,,,,,,,,,,,,,,15,,,15,,,,,,,,,,,,,,,,,,,,,,,,,,
,,,,,,,,,,,,,32,,32,,,,,,,,,,,,,,,,,,,,,32,32,,,,,,,,,,,,,,,,,,,,,,,,,,,
,,,,,,,,,,,,,18,,,18,,,,,,,,,,,,,,,,,,,18,,,18,,,,,,,,,,,,,,,,,,,,,,,,,,
,,,,,,,,,,,,,12,,12,,,,,,,,,,,,,,,,,,,,,12,12,,,,,,,,,,,,,,,,,,,,,,,,,,,
,,,,,,,,,,,,,47,,,47,,,,,,,,,,,,,,,,,,,47,,,47,,,,,,,,,,,,,,,,,,,,,,,,,,
,,,,,,,,,,,,,,24,,24,,,,,,,,,,,,,,,,,,,24,,,24,,,,,,,,,,,,,,,,,,,,,,,,,,
,,,,,,,,,,,,,6,,6,,,,,,,,,,,,,,,,,,,,,6,6,,,,,,,,,,,,,,,,,,,,,,,,,,,
,,,,,,,,,,,,,47,,,47,,,,,,,,,,,,,,,,,,,47,,,47,,,,,,,,,,,,,,,,,,,,,,,,,,
,,,,,,,,,,,,,1,,1,,,,,,,,,,,,,,,,,,,,1,,1,,,,,,,,,,,,,,,,,,,,,,,,,,,
,,,,,,,,,,,,,,25,25,,,,,,,,,,,,,,,,,,,,25,,25,,,,,,,,,,,,,,,,,,,,,,,,,,,
,,,,,,,,,,,,,32,,32,,,,,,,,,,,,,,,,,,,,,32,32,,,,,,,,,,,,,,,,,,,,,,,,,,,
,,,,,,,,,,,,,,34,34,,,,,,,,,,,,,,,,,,,,34,,34,,,,,,,,,,,,,,,,,,,,,,,,,,,
,,,,,,,,,,,,,,29,29,,,,,,,,,,,,,,,,,,,,,29,,29,,,,,,,,,,,,,,,,,,,,,,,,,,
,,,,,,,,,,,,,16,,,16,,,,,,,,,,,,,,,,,,,,16,,16,,,,,,,,,,,,,,,,,,,,,,,,,,
,,,,,,,,,,,,,,23,23,,,,,,,,,,,,,,,,,,,,,23,23,,,,,,,,,,,,,,,,,,,,,,,,,,,
,,,,,,,,,,,,,,44,,44,,,,,,,,,,,,,,,,,,,44,,,44,,,,,,,,,,,,,,,,,,,,,,,,,,
,,,,,,,,,,,,,,24,,24,,,,,,,,,,,,,,,,,,,24,,,24,,,,,,,,,,,,,,,,,,,,,,,,,,
,,,,,,,,,,,,,,39,,39,,,,,,,,,,,,,,,,,,,,39,39,,,,,,,,,,,,,,,,,,,,,,,,,,,
,,,,,,,,,,,,,7,,,7,,,,,,,,,,,,,,,,,,,7,,,7,,,,,,,,,,,,,,,,,,,,,,,,,,
,,,,,,,,,,,,,27,,,27,,,,,,,,,,,,,,,,,,,27,,,27,,,,,,,,,,,,,,,,,,,,,,,,,,
,,,,,,,,,,,,,,48,,48,,,,,,,,,,,,,,,,,,,48,,48,,,,,,,,,,,,,,,,,,,,,,,,,,,
,,,,,,,,,,,,,,40,40,,,,,,,,,,,,,,,,,,,,,40,,40,,,,,,,,,,,,,,,,,,,,,,,,,,
,,,,,,,,,,,,,8,,8,,,,,,,,,,,,,,,,,,,,8,,8,,,,,,,,,,,,,,,,,,,,,,,,,,,
,,,,,,,,,,,,,1,,1,,,,,,,,,,,,,,,,,,,,1,,1,,,,,,,,,,,,,,,,,,,,,,,,,,,
,,,,,,,,,,,,,18,,,18,,,,,,,,,,,,,,,,,,,18,,,18,,,,,,,,,,,,,,,,,,,,,,,,,,
,,,,,,,,,,,,,,40,40,,,,,,,,,,,,,,,,,,,,,40,,40,,,,,,,,,,,,,,,,,,,,,,,,,,
,,,,,,,,,,,,,42,,,42,,,,,,,,,,,,,,,,,,,,42,,42,,,,,,,,,,,,,,,,,,,,,,,,,,
,,,,,,,,,,,,,,14,14,,,,,,,,,,,,,,,,,,,,14,,14,,,,,,,,,,,,,,,,,,,,,,,,,,,
,,,,,,,,,,,,,18,,,18,,,,,,,,,,,,,,,,,,,18,,,18,,,,,,,,,,,,,,,,,,,,,,,,,,
,,,,,,,,,,,,,26,,26,,,,,,,,,,,,,,,,,,,,,26,26,,,,,,,,,,,,,,,,,,,,,,,,,,,
,,,,,,,,,,,,,,33,,33,,,,,,,,,,,,,,,,,,,,33,,33,,,,,,,,,,,,,,,,,,,,,,,,,,
,,,,,,,,,,,,,,10,,10,,,,,,,,,,,,,,,,,,,,10,10,,,,,,,,,,,,,,,,,,,,,,,,,,,
,,,,,,,,,,,,,,33,,33,,,,,,,,,,,,,,,,,,,,33,,33,,,,,,,,,,,,,,,,,,,,,,,,,,
,,,,,,,,,,,,,,48,,48,,,,,,,,,,,,,,,,,,,48,,48,,,,,,,,,,,,,,,,,,,,,,,,,,,
,,,,,,,,,,,,,,43,43,,,,,,,,,,,,,,,,,,,,,43,43,,,,,,,,,,,,,,,,,,,,,,,,,,,
,,,,,,,,,,,,,,48,,48,,,,,,,,,,,,,,,,,,,48,,48,,,,,,,,,,,,,,,,,,,,,,,,,,,
,,,,,,,,,,,,,6,,6,,,,,,,,,,,,,,,,,,,,,6,6,,,,,,,,,,,,,,,,,,,,,,,,,,,
,,,,,,,,,,,,,32,,32,,,,,,,,,,,,,,,,,,,,,32,32,,,,,,,,,,,,,,,,,,,,,,,,,,,
,,,,,,,,,,,,,46,,46,,,,,,,,,,,,,,,,,,,,46,,46,,,,,,,,,,,,,,,,,,,,,,,,,,,
,,,,,,,,,,,,,,19,,19,,,,,,,,,,,,,,,,,,,,19,19,,,,,,,,,,,,,,,,,,,,,,,,,,,
,,,,,,,,,,,,,,44,,44,,,,,,,,,,,,,,,,,,,44,,,44,,,,,,,,,,,,,,,,,,,,,,,,,,
,,,,,,,,,,,,,,35,,35,,,,,,,,,,,,,,,,,,,35,,,35,,,,,,,,,,,,,,,,,,,,,,,,,,
,,,,,,,,,,,,,,44,,44,,,,,,,,,,,,,,,,,,,44,,,44,,,,,,,,,,,,,,,,,,,,,,,,,,
,,,,,,,,,,,,,,29,29,,,,,,,,,,,,,,,,,,,,,29,,29,,,,,,,,,,,,,,,,,,,,,,,,,,
,,,,,,,,,,,,,,33,,33,,,,,,,,,,,,,,,,,,,,33,,33,,,,,,,,,,,,,,,,,,,,,,,,,,
,,,,,,,,,,,,,36,,,36,,,,,,,,,,,,,,,,,,,36,,,36,,,,,,,,,,,,,,,,,,,,,,,,,,
,,,,,,,,,,,,,16,,,16,,,,,,,,,,,,,,,,,,,,16,,16,,,,,,,,,,,,,,,,,,,,,,,,,,
,,,,,,,,,,,,,,29,29,,,,,,,,,,,,,,,,,,,,,29,,29,,,,,,,,,,,,,,,,,,,,,,,,,,
,,,,,,,,,,,,,31,,,31,,,,,,,,,,,,,,,,,,,,31,,31,,,,,,,,,,,,,,,,,,,,,,,,,,
,,,,,,,,,,,,,,14,14,,,,,,,,,,,,,,,,,,,,14,,14,,,,,,,,,,,,,,,,,,,,,,,,,,,
,,,,,,,,,,,,,16,,,16,,,,,,,,,,,,,,,,,,,,16,,16,,,,,,,,,,,,,,,,,,,,,,,,,,
,,,,,,,,,,,,,,29,29,,,,,,,,,,,,,,,,,,,,,29,,29,,,,,,,,,,,,,,,,,,,,,,,,,,
,,,,,,,,,,,,,22,,,22,,,,,,,,,,,,,,,,,,,,22,,22,,,,,,,,,,,,,,,,,,,,,,,,,,
,,,,,,,,,,,,,,4,,4,,,,,,,,,,,,,,,,,,,4,,,4,,,,,,,,,,,,,,,,,,,,,,,,,,
,,,,,,,,,,,,,,39,,39,,,,,,,,,,,,,,,,,,,,39,39,,,,,,,,,,,,,,,,,,,,,,,,,,,
,,,,,,,,,,,,,,49,49,,,,,,,,,,,,,,,,,,,,,49,,49,,,,,,,,,,,,,,,,,,,,,,,,,,
,,,,,,,,,,,,,13,,,13,,,,,,,,,,,,,,,,,,,,13,,13,,,,,,,,,,,,,,,,,,,,,,,,,,
,,,,,,,,,,,,,,24,,24,,,,,,,,,,,,,,,,,,,24,,,24,,,,,,,,,,,,,,,,,,,,,,,,,,
,,,,,,,,,,,,,,14,14,,,,,,,,,,,,,,,,,,,,14,,14,,,,,,,,,,,,,,,,,,,,,,,,,,,
,,,,,,,,,,,,,2,,,2,,,,,,,,,,,,,,,,,,,,2,,2,,,,,,,,,,,,,,,,,,,,,,,,,,
,,,,,,,,,,,,,11,,,11,,,,,,,,,,,,,,,,,,,11,,,11,,,,,,,,,,,,,,,,,,,,,,,,,,
,,,,,,,,,,,,,,5,5,,,,,,,,,,,,,,,,,,,,5,,5,,,,,,,,,,,,,,,,,,,,,,,,,,,
,,,,,,,,,,,,,32,,32,,,,,,,,,,,,,,,,,,,,,32,32,,,,,,,,,,,,,,,,,,,,,,,,,,,
,,,,,,,,,,,,,32,,32,,,,,,,,,,,,,,,,,,,,,32,32,,,,,,,,,,,,,,,,,,,,,,,,,,,
,,,,,,,,,,,,,12,,12,,,,,,,,,,,,,,,,,,,,,12,12,,,,,,,,,,,,,,,,,,,,,,,,,,,
,,,,,,,,,,,,,,15,,15,,,,,,,,,,,,,,,,,,,15,,,15,,,,,,,,,,,,,,,,,,,,,,,,,,
,,,,,,,,,,,,,27,,,27,,,,,,,,,,,,,,,,,,,27,,,27,,,,,,,,,,,,,,,,,,,,,,,,,,
,,,,,,,,,,,,,47,,,47,,,,,,,,,,,,,,,,,,,47,,,47,,,,,,,,,,,,,,,,,,,,,,,,,,
,,,,,,,,,,,,,,10,,10,,,,,,,,,,,,,,,,,,,,10,10,,,,,,,,,,,,,,,,,,,,,,,,,,,
,,,,,,,,,,,,,27,,,27,,,,,,,,,,,,,,,,,,,27,,,27,,,,,,,,,,,,,,,,,,,,,,,,,,
,,,,,,,,,,,,,,14,14,,,,,,,,,,,,,,,,,,,,14,,14,,,,,,,,,,,,,,,,,,,,,,,,,,,
,,,,,,,,,,,,,,9,9,,,,,,,,,,,,,,,,,,,,,9,,9,,,,,,,,,,,,,,,,,,,,,,,,,,
,,,,,,,,,,,,,26,,26,,,,,,,,,,,,,,,,,,,,,26,26,,,,,,,,,,,,,,,,,,,,,,,,,,,
,,,,,,,,,,,,,,33,,33,,,,,,,,,,,,,,,,,,,,33,,33,,,,,,,,,,,,,,,,,,,,,,,,,,
,,,,,,,,,,,,,,35,,35,,,,,,,,,,,,,,,,,,,35,,,35,,,,,,,,,,,,,,,,,,,,,,,,,,
,,,,,,,,,,,,,,33,,33,,,,,,,,,,,,,,,,,,,,33,,33,,,,,,,,,,,,,,,,,,,,,,,,,,
,,,,,,,,,,,,,27,,,27,,,,,,,,,,,,,,,,,,,27,,,27,,,,,,,,,,,,,,,,,,,,,,,,,,
,,,,,,,,,,,,,,25,25,,,,,,,,,,,,,,,,,,,,25,,25,,,,,,,,,,,,,,,,,,,,,,,,,,,
,,,,,,,,,,,,,,19,,19,,,,,,,,,,,,,,,,,,,,19,19,,,,,,,,,,,,,,,,,,,,,,,,,,,
,,,,,,,,,,,,,6,,6,,,,,,,,,,,,,,,,,,,,,6,6,,,,,,,,,,,,,,,,,,,,,,,,,,,
,,,,,,,,,,,,,37,,37,,,,,,,,,,,,,,,,,,,,37,,37,,,,,,,,,,,,,,,,,,,,,,,,,,,
,,,,,,,,,,,,,,48,,48,,,,,,,,,,,,,,,,,,,48,,48,,,,,,,,,,,,,,,,,,,,,,,,,,,
,,,,,,,,,,,,,,34,34,,,,,,,,,,,,,,,,,,,,34,,34,,,,,,,,,,,,,,,,,,,,,,,,,,,
,,,,,,,,,,,,,,25,25,,,,,,,,,,,,,,,,,,,,25,,25,,,,,,,,,,,,,,,,,,,,,,,,,,,
,,,,,,,,,,,,,,14,14,,,,,,,,,,,,,,,,,,,,14,,14,,,,,,,,,,,,,,,,,,,,,,,,,,,
,,,,,,,,,,,,,17,,17,,,,,,,,,,,,,,,,,,,,17,,17,,,,,,,,,,,,,,,,,,,,,,,,,,,
,,,,,,,,,,,,,,5,5,,,,,,,,,,,,,,,,,,,,5,,5,,,,,,,,,,,,,,,,,,,,,,,,,,,
,,,,,,,,,,,,,,44,,44,,,,,,,,,,,,,,,,,,,44,,,44,,,,,,,,,,,,,,,,,,,,,,,,,,
,,,,,,,,,,,,,,29,29,,,,,,,,,,,,,,,,,,,,,29,,29,,,,,,,,,,,,,,,,,,,,,,,,,,
,,,,,,,,,,,,,6,,6,,,,,,,,,,,,,,,,,,,,,6,6,,,,,,,,,,,,,,,,,,,,,,,,,,,
,,,,,,,,,,,,,7,,,7,,,,,,,,,,,,,,,,,,,7,,,7,,,,,,,,,,,,,,,,,,,,,,,,,,
,,,,,,,,,,,,,,20,20,,,,,,,,,,,,,,,,,,,,,20,,20,,,,,,,,,,,,,,,,,,,,,,,,,,
,,,,,,,,,,,,,,19,,19,,,,,,,,,,,,,,,,,,,,19,19,,,,,,,,,,,,,,,,,,,,,,,,,,,
,,,,,,,,,,,,,26,,26,,,,,,,,,,,,,,,,,,,,,26,26,,,,,,,,,,,,,,,,,,,,,,,,,,,
,,,,,,,,,,,,,,14,14,,,,,,,,,,,,,,,,,,,,14,,14,,,,,,,,,,,,,,,,,,,,,,,,,,,
,,,,,,,,,,,,,18,,,18,,,,,,,,,,,,,,,,,,,18,,,18,,,,,,,,,,,,,,,,,,,,,,,,,,
,,,,,,,,,,,,,6,,6,,,,,,,,,,,,,,,,,,,,,6,6,,,,,,,,,,,,,,,,,,,,,,,,,,,
,,,,,,,,,,,,,,39,,39,,,,,,,,,,,,,,,,,,,,39,39,,,,,,,,,,,,,,,,,,,,,,,,,,,
,,,,,,,,,,,,,,38,38,,,,,,,,,,,,,,,,,,,,38,,,38,,,,,,,,,,,,,,,,,,,,,,,,,,
,,,,,,,,,,,,,,20,20,,,,,,,,,,,,,,,,,,,,,20,,20,,,,,,,,,,,,,,,,,,,,,,,,,,
,,,,,,,,,,,,,31,,,31,,,,,,,,,,,,,,,,,,,,31,,31,,,,,,,,,,,,,,,,,,,,,,,,,,
,,,,,,,,,,,,,,49,49,,,,,,,,,,,,,,,,,,,,,49,,49,,,,,,,,,,,,,,,,,,,,,,,,,,
,,,,,,,,,,,,,,9,9,,,,,,,,,,,,,,,,,,,,,9,,9,,,,,,,,,,,,,,,,,,,,,,,,,,
,,,,,,,,,,,,,6,,6,,,,,,,,,,,,,,,,,,,,,6,6,,,,,,,,,,,,,,,,,,,,,,,,,,,
,,,,,,,,,,,,,,40,40,,,,,,,,,,,,,,,,,,,,,40,,40,,,,,,,,,,,,,,,,,,,,,,,,,,
,,,,,,,,,,,,,13,,,13,,,,,,,,,,,,,,,,,,,,13,,13,,,,,,,,,,,,,,,,,,,,,,,,,,
,,,,,,,,,,,,,6,,6,,,,,,,,,,,,,,,,,,,,,6,6,,,,,,,,,,,,,,,,,,,,,,,,,,,
,,,,,,,,,,,,,,38,38,,,,,,,,,,,,,,,,,,,,38,,,38,,,,,,,,,,,,,,,,,,,,,,,,,,
,,,,,,,,,,,,,,10,,10,,,,,,,,,,,,,,,,,,,,10,10,,,,,,,,,,,,,,,,,,,,,,,,,,,
,,,,,,,,,,,,,,34,34,,,,,,,,,,,,,,,,,,,,34,,34,,,,,,,,,,,,,,,,,,,,,,,,,,,
,,,,,,,,,,,,,47,,,47,,,,,,,,,,,,,,,,,,,47,,,47,,,,,,,,,,,,,,,,,,,,,,,,,,
,,,,,,,,,,,,,21,,21,,,,,,,,,,,,,,,,,,,,21,,21,,,,,,,,,,,,,,,,,,,,,,,,,,,
,,,,,,,,,,,,,46,,46,,,,,,,,,,,,,,,,,,,,46,,46,,,,,,,,,,,,,,,,,,,,,,,,,,,
,,,,,,,,,,,,,13,,,13,,,,,,,,,,,,,,,,,,,,13,,13,,,,,,,,,,,,,,,,,,,,,,,,,,
,,,,,,,,,,,,,41,,41,,,,,,,,,,,,,,,,,,,,,41,41,,,,,,,,,,,,,,,,,,,,,,,,,,,
,,,,,,,,,,,,,,23,23,,,,,,,,,,,,,,,,,,,,,23,23,,,,,,,,,,,,,,,,,,,,,,,,,,,
,,,,,,,,,,,,,2,,,2,,,,,,,,,,,,,,,,,,,,2,,2,,,,,,,,,,,,,,,,,,,,,,,,,,
,,,,,,,,,,,,,12,,12,,,,,,,,,,,,,,,,,,,,,12,12,,,,,,,,,,,,,,,,,,,,,,,,,,,
,,,,,,,,,,,,,,44,,44,,,,,,,,,,,,,,,,,,,44,,,44,,,,,,,,,,,,,,,,,,,,,,,,,,
,,,,,,,,,,,,,,49,49,,,,,,,,,,,,,,,,,,,,,49,,49,,,,,,,,,,,,,,,,,,,,,,,,,,
,,,,,,,,,,,,,31,,,31,,,,,,,,,,,,,,,,,,,,31,,31,,,,,,,,,,,,,,,,,,,,,,,,,,
,,,,,,,,,,,,,,38,38,,,,,,,,,,,,,,,,,,,,38,,,38,,,,,,,,,,,,,,,,,,,,,,,,,,
,,,,,,,,,,,,,,23,23,,,,,,,,,,,,,,,,,,,,,23,23,,,,,,,,,,,,,,,,,,,,,,,,,,,
,,,,,,,,,,,,,,24,,24,,,,,,,,,,,,,,,,,,,24,,,24,,,,,,,,,,,,,,,,,,,,,,,,,,
,,,,,,,,,,,,,3,,3,,,,,,,,,,,,,,,,,,,,,3,3,,,,,,,,,,,,,,,,,,,,,,,,,,,
,,,,,,,,,,,,,31,,,31,,,,,,,,,,,,,,,,,,,,31,,31,,,,,,,,,,,,,,,,,,,,,,,,,,
,,,,,,,,,,,,,,44,,44,,,,,,,,,,,,,,,,,,,44,,,44,,,,,,,,,,,,,,,,,,,,,,,,,,
,,,,,,,,,,,,,1,,1,,,,,,,,,,,,,,,,,,,,1,,1,,,,,,,,,,,,,,,,,,,,,,,,,,,
,,,,,,,,,,,,,,15,,15,,,,,,,,,,,,,,,,,,,15,,,15,,,,,,,,,,,,,,,,,,,,,,,,,,
,,,,,,,,,,,,,,38,38,,,,,,,,,,,,,,,,,,,,38,,,38,,,,,,,,,,,,,,,,,,,,,,,,,,
,,,,,,,,,,,,,,49,49,,,,,,,,,,,,,,,,,,,,,49,,49,,,,,,,,,,,,,,,,,,,,,,,,,,
,,,,,,,,,,,,,,24,,24,,,,,,,,,,,,,,,,,,,24,,,24,,,,,,,,,,,,,,,,,,,,,,,,,,
,,,,,,,,,,,,,,33,,33,,,,,,,,,,,,,,,,,,,,33,,33,,,,,,,,,,,,,,,,,,,,,,,,,,
,,,,,,,,,,,,,2,,,2,,,,,,,,,,,,,,,,,,,,2,,2,,,,,,,,,,,,,,,,,,,,,,,,,,
,,,,,,,,,,,,,,5,5,,,,,,,,,,,,,,,,,,,,5,,5,,,,,,,,,,,,,,,,,,,,,,,,,,,
,,,,,,,,,,,,,,23,23,,,,,,,,,,,,,,,,,,,,,23,23,,,,,,,,,,,,,,,,,,,,,,,,,,,
,,,,,,,,,,,,,,39,,39,,,,,,,,,,,,,,,,,,,,39,39,,,,,,,,,,,,,,,,,,,,,,,,,,,
,,,,,,,,,,,,,,14,14,,,,,,,,,,,,,,,,,,,,14,,14,,,,,,,,,,,,,,,,,,,,,,,,,,,
,,,,,,,,,,,,,,38,38,,,,,,,,,,,,,,,,,,,,38,,,38,,,,,,,,,,,,,,,,,,,,,,,,,,
,,,,,,,,,,,,,,4,,4,,,,,,,,,,,,,,,,,,,4,,,4,,,,,,,,,,,,,,,,,,,,,,,,,,
,,,,,,,,,,,,,,45,45,,,,,,,,,,,,,,,,,,,,45,,45,,,,,,,,,,,,,,,,,,,,,,,,,,,
,,,,,,,,,,,,,,5,5,,,,,,,,,,,,,,,,,,,,5,,5,,,,,,,,,,,,,,,,,,,,,,,,,,,
,,,,,,,,,,,,,18,,,18,,,,,,,,,,,,,,,,,,,18,,,18,,,,,,,,,,,,,,,,,,,,,,,,,,
,,,,,,,,,,,,,21,,21,,,,,,,,,,,,,,,,,,,,21,,21,,,,,,,,,,,,,,,,,,,,,,,,,,,
,,,,,,,,,,,,,16,,,16,,,,,,,,,,,,,,,,,,,,16,,16,,,,,,,,,,,,,,,,,,,,,,,,,,
,,,,,,,,,,,,,42,,,42,,,,,,,,,,,,,,,,,,,,42,,42,,,,,,,,,,,,,,,,,,,,,,,,,,
,,,,,,,,,,,,,12,,12,,,,,,,,,,,,,,,,,,,,,12,12,,,,,,,,,,,,,,,,,,,,,,,,,,,
,,,,,,,,,,,,,,4,,4,,,,,,,,,,,,,,,,,,,4,,,4,,,,,,,,,,,,,,,,,,,,,,,,,,
,,,,,,,,,,,,,,20,20,,,,,,,,,,,,,,,,,,,,,20,,20,,,,,,,,,,,,,,,,,,,,,,,,,,
,,,,,,,,,,,,,,34,34,,,,,,,,,,,,,,,,,,,,34,,34,,,,,,,,,,,,,,,,,,,,,,,,,,,
,,,,,,,,,,,,,6,,6,,,,,,,,,,,,,,,,,,,,,6,6,,,,,,,,,,,,,,,,,,,,,,,,,,,
,,,,,,,,,,,,,26,,26,,,,,,,,,,,,,,,,,,,,,26,26,,,,,,,,,,,,,,,,,,,,,,,,,,,
,,,,,,,,,,,,,36,,,36,,,,,,,,,,,,,,,,,,,36,,,36,,,,,,,,,,,,,,,,,,,,,,,,,,
,,,,,,,,,,,,,,30,,30,,,,,,,,,,,,,,,,,,,,30,30,,,,,,,,,,,,,,,,,,,,,,,,,,,
,,,,,,,,,,,,,47,,,47,,,,,,,,,,,,,,,,,,,47,,,47,,,,,,,,,,,,,,,,,,,,,,,,,,
,,,,,,,,,,,,,8,,8,,,,,,,,,,,,,,,,,,,,8,,8,,,,,,,,,,,,,,,,,,,,,,,,,,,
,,,,,,,,,,,,,41,,41,,,,,,,,,,,,,,,,,,,,,41,41,,,,,,,,,,,,,,,,,,,,,,,,,,,
,,,,,,,,,,,,,,20,20,,,,,,,,,,,,,,,,,,,,,20,,20,,,,,,,,,,,,,,,,,,,,,,,,,,
,,,,,,,,,,,,,26,,26,,,,,,,,,,,,,,,,,,,,,26,26,,,,,,,,,,,,,,,,,,,,,,,,,,,
,,,,,,,,,,,,,,35,,35,,,,,,,,,,,,,,,,,,,35,,,35,,,,,,,,,,,,,,,,,,,,,,,,,,
,,,,,,,,,,,,,17,,17,,,,,,,,,,,,,,,,,,,,17,,17,,,,,,,,,,,,,,,,,,,,,,,,,,,
,,,,,,,,,,,,,27,,,27,,,,,,,,,,,,,,,,,,,27,,,27,,,,,,,,,,,,,,,,,,,,,,,,,,
,,,,,,,,,,,,,37,,37,,,,,,,,,,,,,,,,,,,,37,,37,,,,,,,,,,,,,,,,,,,,,,,,,,,
,,,,,,,,,,,,,36,,,36,,,,,,,,,,,,,,,,,,,36,,,36,,,,,,,,,,,,,,,,,,,,,,,,,,
,,,,,,,,,,,,,,49,49,,,,,,,,,,,,,,,,,,,,,49,,49,,,,,,,,,,,,,,,,,,,,,,,,,,
,,,,,,,,,,,,,16,,,16,,,,,,,,,,,,,,,,,,,,16,,16,,,,,,,,,,,,,,,,,,,,,,,,,,
,,,,,,,,,,,,,,34,34,,,,,,,,,,,,,,,,,,,,34,,34,,,,,,,,,,,,,,,,,,,,,,,,,,,
,,,,,,,,,,,,,,40,40,,,,,,,,,,,,,,,,,,,,,40,,40,,,,,,,,,,,,,,,,,,,,,,,,,,
,,,,,,,,,,,,,26,,26,,,,,,,,,,,,,,,,,,,,,26,26,,,,,,,,,,,,,,,,,,,,,,,,,,,
,,,,,,,,,,,,,,34,34,,,,,,,,,,,,,,,,,,,,34,,34,,,,,,,,,,,,,,,,,,,,,,,,,,,
,,,,,,,,,,,,,,40,40,,,,,,,,,,,,,,,,,,,,,40,,40,,,,,,,,,,,,,,,,,,,,,,,,,,
,,,,,,,,,,,,,1,,1,,,,,,,,,,,,,,,,,,,,1,,1,,,,,,,,,,,,,,,,,,,,,,,,,,,
,,,,,,,,,,,,,,29,29,,,,,,,,,,,,,,,,,,,,,29,,29,,,,,,,,,,,,,,,,,,,,,,,,,,
,,,,,,,,,,,,,12,,12,,,,,,,,,,,,,,,,,,,,,12,12,,,,,,,,,,,,,,,,,,,,,,,,,,,
,,,,,,,,,,,,,,25,25,,,,,,,,,,,,,,,,,,,,25,,25,,,,,,,,,,,,,,,,,,,,,,,,,,,
,,,,,,,,,,,,,,14,14,,,,,,,,,,,,,,,,,,,,14,,14,,,,,,,,,,,,,,,,,,,,,,,,,,,
,,,,,,,,,,,,,2,,,2,,,,,,,,,,,,,,,,,,,,2,,2,,,,,,,,,,,,,,,,,,,,,,,,,,
,,,,,,,,,,,,,31,,,31,,,,,,,,,,,,,,,,,,,,31,,31,,,,,,,,,,,,,,,,,,,,,,,,,,
,,,,,,,,,,,,,47,,,47,,,,,,,,,,,,,,,,,,,47,,,47,,,,,,,,,,,,,,,,,,,,,,,,,,
,,,,,,,,,,,,,,10,,10,,,,,,,,,,,,,,,,,,,,10,10,,,,,,,,,,,,,,,,,,,,,,,,,,,
,,,,,,,,,,,,,,15,,15,,,,,,,,,,,,,,,,,,,15,,,15,,,,,,,,,,,,,,,,,,,,,,,,,,
,,,,,,,,,,,,,27,,,27,,,,,,,,,,,,,,,,,,,27,,,27,,,,,,,,,,,,,,,,,,,,,,,,,,
