,,3,,3,,,,,,,,,3,,3,,,,,,,,,3,,3,,,,,,,,,3,,3,,,,,,,,,,,,,,,,,,,,,,,,,,,
,,4,,,4,,,,,,,,4,,,4,,,,,,,,4,,,4,,,,,,,,,4,,4,,,,,,,,,,,,,,,,,,,,,,,,,,
,,,39,,39,,,,,,,,,39,39,,,,,,,,,39,,,39,,,,,,,,39,,,39,,,,,,,,,,,,,,,,,,,,,,,,,,
,,,29,,29,,,,,,,,29,,,29,,,,,,,,,29,,29,,,,,,,,29,,,29,,,,,,,,,,,,,,,,,,,,,,,,,,
,,13,,13,,,,,,,,,,13,13,,,,,,,,,,13,13,,,,,,,,,,13,13,,,,,,,,,,,,,,,,,,,,,,,,,,,
,,,40,40,,,,,,,,,,40,,40,,,,,,,,40,,40,,,,,,,,,40,,40,,,,,,,,,,,,,,,,,,,,,,,,,,,
,,21,,21,,,,,,,,,,21,21,,,,,,,,,,21,21,,,,,,,,,21,,21,,,,,,,,,,,,,,,,,,,,,,,,,,,
,,,43,,43,,,,,,,,,43,43,,,,,,,,,43,,,43,,,,,,,,,43,,43,,,,,,,,,,,,,,,,,,,,,,,,,,
,,11,,11,,,,,,,,,11,,11,,,,,,,,,11,,11,,,,,,,,,,11,11,,,,,,,,,,,,,,,,,,,,,,,,,,,
,,,47,47,,,,,,,,,,47,,47,,,,,,,,47,,47,,,,,,,,,,47,47,,,,,,,,,,,,,,,,,,,,,,,,,,,
,,,32,32,,,,,,,,,32,,32,,,,,,,,,,32,32,,,,,,,,,32,,32,,,,,,,,,,,,,,,,,,,,,,,,,,,
,,20,,,20,,,,,,,,,20,,20,,,,,,,,,20,,20,,,,,,,,20,,,20,,,,,,,,,,,,,,,,,,,,,,,,,,
,,,28,28,,,,,,,,,28,,28,,,,,,,,,,28,28,,,,,,,,,,28,28,,,,,,,,,,,,,,,,,,,,,,,,,,,
,,6,,,6,,,,,,,,6,,,6,,,,,,,,6,,,6,,,,,,,,,6,,6,,,,,,,,,,,,,,,,,,,,,,,,,,
,,,27,,27,,,,,,,,27,,,27,,,,,,,,,27,,27,,,,,,,,,27,,27,,,,,,,,,,,,,,,,,,,,,,,,,,
,,21,,21,,,,,,,,,,21,21,,,,,,,,,,21,21,,,,,,,,,21,,21,,,,,,,,,,,,,,,,,,,,,,,,,,,
,,10,,,10,,,,,,,,10,,,10,,,,,,,,10,,,10,,,,,,,,,10,,10,,,,,,,,,,,,,,,,,,,,,,,,,,
,,7,,7,,,,,,,,,7,,7,,,,,,,,,7,,7,,,,,,,,,,7,7,,,,,,,,,,,,,,,,,,,,,,,,,,,
,,,41,,41,,,,,,,,,41,41,,,,,,,,,41,,,41,,,,,,,,,41,,41,,,,,,,,,,,,,,,,,,,,,,,,,,
,,10,,,10,,,,,,,,10,,,10,,,,,,,,10,,,10,,,,,,,,,10,,10,,,,,,,,,,,,,,,,,,,,,,,,,,
,,,26,26,,,,,,,,,26,,26,,,,,,,,,,26,26,,,,,,,,,,26,26,,,,,,,,,,,,,,,,,,,,,,,,,,,
,,25,,25,,,,,,,,,,25,25,,,,,,,,,,25,25,,,,,,,,,25,,25,,,,,,,,,,,,,,,,,,,,,,,,,,,
,,,35,,35,,,,,,,,35,,,35,,,,,,,,,35,,35,,,,,,,,35,,,35,,,,,,,,,,,,,,,,,,,,,,,,,,
,,,28,28,,,,,,,,,28,,28,,,,,,,,,,28,28,,,,,,,,,,28,28,,,,,,,,,,,,,,,,,,,,,,,,,,,
,,,33,,33,,,,,,,,33,,,33,,,,,,,,,33,,33,,,,,,,,33,,,33,,,,,,,,,,,,,,,,,,,,,,,,,,
,,,43,,43,,,,,,,,,43,43,,,,,,,,,43,,,43,,,,,,,,,43,,43,,,,,,,,,,,,,,,,,,,,,,,,,,
,,19,,19,,,,,,,,,,19,19,,,,,,,,,,19,19,,,,,,,,,19,,19,,,,,,,,,,,,,,,,,,,,,,,,,,,
,,,46,,46,,,,,,,,,46,46,,,,,,,,,46,,,46,,,,,,,,,46,,46,,,,,,,,,,,,,,,,,,,,,,,,,,
,,,37,,37,,,,,,,,37,,,37,,,,,,,,,37,,37,,,,,,,,37,,,37,,,,,,,,,,,,,,,,,,,,,,,,,,
,,,27,,27,,,,,,,,27,,,27,,,,,,,,,27,,27,,,,,,,,,27,,27,,,,,,,,,,,,,,,,,,,,,,,,,,
,,,37,,37,,,,,,,,37,,,37,,,,,,,,,37,,37,,,,,,,,37,,,37,,,,,,,,,,,,,,,,,,,,,,,,,,
,,,37,,37,,,,,,,,37,,,37,,,,,,,,,37,,37,,,,,,,,37,,,37,,,,,,,,,,,,,,,,,,,,,,,,,,
,,14,,,14,,,,,,,,,14,,14,,,,,,,,,14,,14,,,,,,,,,14,,14,,,,,,,,,,,,,,,,,,,,,,,,,,
,,,46,,46,,,,,,,,,46,46,,,,,,,,,46,,,46,,,,,,,,,46,,46,,,,,,,,,,,,,,,,,,,,,,,,,,
,,5,,5,,,,,,,,,5,,5,,,,,,,,,5,,5,,,,,,,,,,5,5,,,,,,,,,,,,,,,,,,,,,,,,,,,
,,5,,5,,,,,,,,,5,,5,,,,,,,,,5,,5,,,,,,,,,,5,5,,,,,,,,,,,,,,,,,,,,,,,,,,,
,,9,,9,,,,,,,,,9,,9,,,,,,,,,9,,9,,,,,,,,,,9,9,,,,,,,,,,,,,,,,,,,,,,,,,,,
,,,29,,29,,,,,,,,29,,,29,,,,,,,,,29,,29,,,,,,,,29,,,29,,,,,,,,,,,,,,,,,,,,,,,,,,
,,7,,7,,,,,,,,,7,,7,,,,,,,,,7,,7,,,,,,,,,,7,7,,,,,,,,,,,,,,,,,,,,,,,,,,,
,,,35,,35,,,,,,,,35,,,35,,,,,,,,,35,,35,,,,,,,,35,,,35,,,,,,,,,,,,,,,,,,,,,,,,,,
,,19,,19,,,,,,,,,,19,19,,,,,,,,,,19,19,,,,,,,,,19,,19,,,,,,,,,,,,,,,,,,,,,,,,,,,
,,,42,42,,,,,,,,,,42,,42,,,,,,,,42,,42,,,,,,,,,,42,42,,,,,,,,,,,,,,,,,,,,,,,,,,,
,,,31,,31,,,,,,,,31,,,31,,,,,,,,,31,,31,,,,,,,,31,,,31,,,,,,,,,,,,,,,,,,,,,,,,,,
,,20,,,20,,,,,,,,,20,,20,,,,,,,,,20,,20,,,,,,,,20,,,20,,,,,,,,,,,,,,,,,,,,,,,,,,
,,6,,,6,,,,,,,,6,,,6,,,,,,,,6,,,6,,,,,,,,,6,,6,,,,,,,,,,,,,,,,,,,,,,,,,,
,,,28,28,,,,,,,,,28,,28,,,,,,,,,,28,28,,,,,,,,,,28,28,,,,,,,,,,,,,,,,,,,,,,,,,,,
,,,38,38,,,,,,,,,,38,,38,,,,,,,,38,,38,,,,,,,,,38,,38,,,,,,,,,,,,,,,,,,,,,,,,,,,
,,3,,3,,,,,,,,,3,,3,,,,,,,,,3,,3,,,,,,,,,3,,3,,,,,,,,,,,,,,,,,,,,,,,,,,,
,,,36,36,,,,,,,,,36,,36,,,,,,,,,,36,36,,,,,,,,,36,,36,,,,,,,,,,,,,,,,,,,,,,,,,,,
,,12,,,12,,,,,,,,12,,,12,,,,,,,,12,,,12,,,,,,,,,12,,12,,,,,,,,,,,,,,,,,,,,,,,,,,
,,9,,9,,,,,,,,,9,,9,,,,,,,,,9,,9,,,,,,,,,,9,9,,,,,,,,,,,,,,,,,,,,,,,,,,,
,,12,,,12,,,,,,,,12,,,12,,,,,,,,12,,,12,,,,,,,,,12,,12,,,,,,,,,,,,,,,,,,,,,,,,,,
,,,40,40,,,,,,,,,,40,,40,,,,,,,,40,,40,,,,,,,,,40,,40,,,,,,,,,,,,,,,,,,,,,,,,,,,
,,,49,49,,,,,,,,,,49,,49,,,,,,,,49,,49,,,,,,,,,,49,49,,,,,,,,,,,,,,,,,,,,,,,,,,,
,,7,,7,,,,,,,,,7,,7,,,,,,,,,7,,7,,,,,,,,,,7,7,,,,,,,,,,,,,,,,,,,,,,,,,,,
,,,44,,44,,,,,,,,,44,44,,,,,,,,,44,,,44,,,,,,,,,44,,44,,,,,,,,,,,,,,,,,,,,,,,,,,
,,10,,,10,,,,,,,,10,,,10,,,,,,,,10,,,10,,,,,,,,,10,,10,,,,,,,,,,,,,,,,,,,,,,,,,,
,,2,,,2,,,,,,,,2,,,2,,,,,,,,2,,,2,,,,,,,,2,,,2,,,,,,,,,,,,,,,,,,,,,,,,,,
,,,47,47,,,,,,,,,,47,,47,,,,,,,,47,,47,,,,,,,,,,47,47,,,,,,,,,,,,,,,,,,,,,,,,,,,
,,,28,28,,,,,,,,,28,,28,,,,,,,,,,28,28,,,,,,,,,,28,28,,,,,,,,,,,,,,,,,,,,,,,,,,,
,,18,,,18,,,,,,,,,18,,18,,,,,,,,,18,,18,,,,,,,,18,,,18,,,,,,,,,,,,,,,,,,,,,,,,,,
,,5,,5,,,,,,,,,5,,5,,,,,,,,,5,,5,,,,,,,,,,5,5,,,,,,,,,,,,,,,,,,,,,,,,,,,
,,,41,,41,,,,,,,,,41,41,,,,,,,,,41,,,41,,,,,,,,,41,,41,,,,,,,,,,,,,,,,,,,,,,,,,,
,,,30,30,,,,,,,,,30,,30,,,,,,,,,,30,30,,,,,,,,,30,,30,,,,,,,,,,,,,,,,,,,,,,,,,,,
,,2,,,2,,,,,,,,2,,,2,,,,,,,,2,,,2,,,,,,,,2,,,2,,,,,,,,,,,,,,,,,,,,,,,,,,
,,,42,42,,,,,,,,,,42,,42,,,,,,,,42,,42,,,,,,,,,,42,42,,,,,,,,,,,,,,,,,,,,,,,,,,,
,,,28,28,,,,,,,,,28,,28,,,,,,,,,,28,28,,,,,,,,,,28,28,,,,,,,,,,,,,,,,,,,,,,,,,,,
,,11,,11,,,,,,,,,11,,11,,,,,,,,,11,,11,,,,,,,,,,11,11,,,,,,,,,,,,,,,,,,,,,,,,,,,
,,,31,,31,,,,,,,,31,,,31,,,,,,,,,31,,31,,,,,,,,31,,,31,,,,,,,,,,,,,,,,,,,,,,,,,,
,,,27,,27,,,,,,,,27,,,27,,,,,,,,,27,,27,,,,,,,,,27,,27,,,,,,,,,,,,,,,,,,,,,,,,,,
,,23,,23,,,,,,,,,,23,23,,,,,,,,,,23,23,,,,,,,,,23,,23,,,,,,,,,,,,,,,,,,,,,,,,,,,
,,,40,40,,,,,,,,,,40,,40,,,,,,,,40,,40,,,,,,,,,40,,40,,,,,,,,,,,,,,,,,,,,,,,,,,,
,,,35,,35,,,,,,,,35,,,35,,,,,,,,,35,,35,,,,,,,,35,,,35,,,,,,,,,,,,,,,,,,,,,,,,,,
,,,48,,48,,,,,,,,,48,48,,,,,,,,,48,,,48,,,,,,,,,48,,48,,,,,,,,,,,,,,,,,,,,,,,,,,
,,,44,,44,,,,,,,,,44,44,,,,,,,,,44,,,44,,,,,,,,,44,,44,,,,,,,,,,,,,,,,,,,,,,,,,,
,,15,,15,,,,,,,,,,15,15,,,,,,,,,,15,15,,,,,,,,,,15,15,,,,,,,,,,,,,,,,,,,,,,,,,,,
,,15,,15,,,,,,,,,,15,15,,,,,,,,,,15,15,,,,,,,,,,15,15,,,,,,,,,,,,,,,,,,,,,,,,,,,
,,14,,,14,,,,,,,,,14,,14,,,,,,,,,14,,14,,,,,,,,,14,,14,,,,,,,,,,,,,,,,,,,,,,,,,,
,,,44,,44,,,,,,,,,44,44,,,,,,,,,44,,,44,,,,,,,,,44,,44,,,,,,,,,,,,,,,,,,,,,,,,,,
,,,32,32,,,,,,,,,32,,32,,,,,,,,,,32,32,,,,,,,,,32,,32,,,,,,,,,,,,,,,,,,,,,,,,,,,
,,,33,,33,,,,,,,,33,,,33,,,,,,,,,33,,33,,,,,,,,33,,,33,,,,,,,,,,,,,,,,,,,,,,,,,,
,,,37,,37,,,,,,,,37,,,37,,,,,,,,,37,,37,,,,,,,,37,,,37,,,,,,,,,,,,,,,,,,,,,,,,,,
,,5,,5,,,,,,,,,5,,5,,,,,,,,,5,,5,,,,,,,,,,5,5,,,,,,,,,,,,,,,,,,,,,,,,,,,
,,18,,,18,,,,,,,,,18,,18,,,,,,,,,18,,18,,,,,,,,18,,,18,,,,,,,,,,,,,,,,,,,,,,,,,,
,,24,,,24,,,,,,,,,24,,24,,,,,,,,,24,,24,,,,,,,,24,,,24,,,,,,,,,,,,,,,,,,,,,,,,,,
,,19,,19,,,,,,,,,,19,19,,,,,,,,,,19,19,,,,,,,,,19,,19,,,,,,,,,,,,,,,,,,,,,,,,,,,
,,,38,38,,,,,,,,,,38,,38,,,,,,,,38,,38,,,,,,,,,38,,38,,,,,,,,,,,,,,,,,,,,,,,,,,,
,,13,,13,,,,,,,,,,13,13,,,,,,,,,,13,13,,,,,,,,,,13,13,,,,,,,,,,,,,,,,,,,,,,,,,,,
,,,45,45,,,,,,,,,,45,,45,,,,,,,,45,,45,,,,,,,,,,45,45,,,,,,,,,,,,,,,,,,,,,,,,,,,
,,17,,17,,,,,,,,,,17,17,,,,,,,,,,17,17,,,,,,,,,17,,17,,,,,,,,,,,,,,,,,,,,,,,,,,,
,,,31,,31,,,,,,,,31,,,31,,,,,,,,,31,,31,,,,,,,,31,,,31,,,,,,,,,,,,,,,,,,,,,,,,,,
,,9,,9,,,,,,,,,9,,9,,,,,,,,,9,,9,,,,,,,,,,9,9,,,,,,,,,,,,,,,,,,,,,,,,,,,
,,16,,,16,,,,,,,,,16,,16,,,,,,,,,16,,16,,,,,,,,16,,,16,,,,,,,,,,,,,,,,,,,,,,,,,,
,,,37,,37,,,,,,,,37,,,37,,,,,,,,,37,,37,,,,,,,,37,,,37,,,,,,,,,,,,,,,,,,,,,,,,,,
,,12,,,12,,,,,,,,12,,,12,,,,,,,,12,,,12,,,,,,,,,12,,12,,,,,,,,,,,,,,,,,,,,,,,,,,
,,8,,,8,,,,,,,,8,,,8,,,,,,,,8,,,8,,,,,,,,,8,,8,,,,,,,,,,,,,,,,,,,,,,,,,,
,,,33,,33,,,,,,,,33,,,33,,,,,,,,,33,,33,,,,,,,,33,,,33,,,,,,,,,,,,,,,,,,,,,,,,,,
,,7,,7,,,,,,,,,7,,7,,,,,,,,,7,,7,,,,,,,,,,7,7,,,,,,,,,,,,,,,,,,,,,,,,,,,
,,6,,,6,,,,,,,,6,,,6,,,,,,,,6,,,6,,,,,,,,,6,,6,,,,,,,,,,,,,,,,,,,,,,,,,,
,,12,,,12,,,,,,,,12,,,12,,,,,,,,12,,,12,,,,,,,,,12,,12,,,,,,,,,,,,,,,,,,,,,,,,,,
,,,36,36,,,,,,,,,36,,36,,,,,,,,,,36,36,,,,,,,,,36,,36,,,,,,,,,,,,,,,,,,,,,,,,,,,
,,13,,13,,,,,,,,,,13,13,,,,,,,,,,13,13,,,,,,,,,,13,13,,,,,,,,,,,,,,,,,,,,,,,,,,,
,,,39,,39,,,,,,,,,39,39,,,,,,,,,39,,,39,,,,,,,,39,,,39,,,,,,,,,,,,,,,,,,,,,,,,,,
,,,36,36,,,,,,,,,36,,36,,,,,,,,,,36,36,,,,,,,,,36,,36,,,,,,,,,,,,,,,,,,,,,,,,,,,
,,,41,,41,,,,,,,,,41,41,,,,,,,,,41,,,41,,,,,,,,,41,,41,,,,,,,,,,,,,,,,,,,,,,,,,,
,,,46,,46,,,,,,,,,46,46,,,,,,,,,46,,,46,,,,,,,,,46,,46,,,,,,,,,,,,,,,,,,,,,,,,,,
,,,26,26,,,,,,,,,26,,26,,,,,,,,,,26,26,,,,,,,,,,26,26,,,,,,,,,,,,,,,,,,,,,,,,,,,
,,13,,13,,,,,,,,,,13,13,,,,,,,,,,13,13,,,,,,,,,,13,13,,,,,,,,,,,,,,,,,,,,,,,,,,,
,,25,,25,,,,,,,,,,25,25,,,,,,,,,,25,25,,,,,,,,,25,,25,,,,,,,,,,,,,,,,,,,,,,,,,,,
,,25,,25,,,,,,,,,,25,25,,,,,,,,,,25,25,,,,,,,,,25,,25,,,,,,,,,,,,,,,,,,,,,,,,,,,
,,,37,,37,,,,,,,,37,,,37,,,,,,,,,37,,37,,,,,,,,37,,,37,,,,,,,,,,,,,,,,,,,,,,,,,,
,,10,,,10,,,,,,,,10,,,10,,,,,,,,10,,,10,,,,,,,,,10,,10,,,,,,,,,,,,,,,,,,,,,,,,,,
,,,49,49,,,,,,,,,,49,,49,,,,,,,,49,,49,,,,,,,,,,49,49,,,,,,,,,,,,,,,,,,,,,,,,,,,
,,18,,,18,,,,,,,,,18,,18,,,,,,,,,18,,18,,,,,,,,18,,,18,,,,,,,,,,,,,,,,,,,,,,,,,,
,,23,,23,,,,,,,,,,23,23,,,,,,,,,,23,23,,,,,,,,,23,,23,,,,,,,,,,,,,,,,,,,,,,,,,,,
,,10,,,10,,,,,,,,10,,,10,,,,,,,,10,,,10,,,,,,,,,10,,10,,,,,,,,,,,,,,,,,,,,,,,,,,
,,,26,26,,,,,,,,,26,,26,,,,,,,,,,26,26,,,,,,,,,,26,26,,,,,,,,,,,,,,,,,,,,,,,,,,,
,,14,,,14,,,,,,,,,14,,14,,,,,,,,,14,,14,,,,,,,,,14,,14,,,,,,,,,,,,,,,,,,,,,,,,,,
,,,40,40,,,,,,,,,,40,,40,,,,,,,,40,,40,,,,,,,,,40,,40,,,,,,,,,,,,,,,,,,,,,,,,,,,
,,,33,,33,,,,,,,,33,,,33,,,,,,,,,33,,33,,,,,,,,33,,,33,,,,,,,,,,,,,,,,,,,,,,,,,,
,,18,,,18,,,,,,,,,18,,18,,,,,,,,,18,,18,,,,,,,,18,,,18,,,,,,,,,,,,,,,,,,,,,,,,,,
,,19,,19,,,,,,,,,,19,19,,,,,,,,,,19,19,,,,,,,,,19,,19,,,,,,,,,,,,,,,,,,,,,,,,,,,
,,25,,25,,,,,,,,,,25,25,,,,,,,,,,25,25,,,,,,,,,25,,25,,,,,,,,,,,,,,,,,,,,,,,,,,,
,,17,,17,,,,,,,,,,17,17,,,,,,,,,,17,17,,,,,,,,,17,,17,,,,,,,,,,,,,,,,,,,,,,,,,,,
,,2,,,2,,,,,,,,2,,,2,,,,,,,,2,,,2,,,,,,,,2,,,2,,,,,,,,,,,,,,,,,,,,,,,,,,
,,,44,,44,,,,,,,,,44,44,,,,,,,,,44,,,44,,,,,,,,,44,,44,,,,,,,,,,,,,,,,,,,,,,,,,,
,,,46,,46,,,,,,,,,46,46,,,,,,,,,46,,,46,,,,,,,,,46,,46,,,,,,,,,,,,,,,,,,,,,,,,,,
,,,37,,37,,,,,,,,37,,,37,,,,,,,,,37,,37,,,,,,,,37,,,37,,,,,,,,,,,,,,,,,,,,,,,,,,
,,15,,15,,,,,,,,,,15,15,,,,,,,,,,15,15,,,,,,,,,,15,15,,,,,,,,,,,,,,,,,,,,,,,,,,,
,,7,,7,,,,,,,,,7,,7,,,,,,,,,7,,7,,,,,,,,,,7,7,,,,,,,,,,,,,,,,,,,,,,,,,,,
