,,,3,3,,,,,,,,,3,,3,,,,,,,,,,3,3,,,,,,,,,3,,3,,,,,,,,,,,,,,,,,,,,,,,,,,,
,,4,,4,,,,,,,,,,4,4,,,,,,,,,,4,4,,,,,,,,,,4,4,,,,,,,,,,,,,,,,,,,,,,,,,,,
,,,35,,35,,,,,,,,35,,,35,,,,,,,,,35,,35,,,,,,,,35,,,35,,,,,,,,,,,,,,,,,,,,,,,,,,
,,,3,3,,,,,,,,,3,,3,,,,,,,,,,3,3,,,,,,,,,3,,3,,,,,,,,,,,,,,,,,,,,,,,,,,,
,,18,,18,,,,,,,,,18,,18,,,,,,,,,18,,18,,,,,,,,,,18,18,,,,,,,,,,,,,,,,,,,,,,,,,,,
,,5,,,5,,,,,,,,5,,,5,,,,,,,,5,,,5,,,,,,,,,5,,5,,,,,,,,,,,,,,,,,,,,,,,,,,
,,14,,14,,,,,,,,,14,,14,,,,,,,,,14,,14,,,,,,,,,14,,14,,,,,,,,,,,,,,,,,,,,,,,,,,,
,,,24,24,,,,,,,,,,24,,24,,,,,,,,24,,24,,,,,,,,,,24,24,,,,,,,,,,,,,,,,,,,,,,,,,,,
,,,15,15,,,,,,,,,15,,15,,,,,,,,,,15,15,,,,,,,,,,15,15,,,,,,,,,,,,,,,,,,,,,,,,,,,
,,14,,14,,,,,,,,,14,,14,,,,,,,,,14,,14,,,,,,,,,14,,14,,,,,,,,,,,,,,,,,,,,,,,,,,,
,,8,,,8,,,,,,,,,8,,8,,,,,,,,,8,,8,,,,,,,,,8,,8,,,,,,,,,,,,,,,,,,,,,,,,,,
,,,6,,6,,,,,,,,,6,6,,,,,,,,,6,,,6,,,,,,,,6,,,6,,,,,,,,,,,,,,,,,,,,,,,,,,
,,12,,,12,,,,,,,,12,,,12,,,,,,,,12,,,12,,,,,,,,12,,,12,,,,,,,,,,,,,,,,,,,,,,,,,,
,,9,,9,,,,,,,,,,9,9,,,,,,,,,,9,9,,,,,,,,,9,,9,,,,,,,,,,,,,,,,,,,,,,,,,,,
,,,7,,7,,,,,,,,7,,,7,,,,,,,,,7,,7,,,,,,,,7,,,7,,,,,,,,,,,,,,,,,,,,,,,,,,
,,36,,36,,,,,,,,,36,,36,,,,,,,,,36,,36,,,,,,,,,,36,36,,,,,,,,,,,,,,,,,,,,,,,,,,,
,,,13,,13,,,,,,,,13,,,13,,,,,,,,,13,,13,,,,,,,,,13,,13,,,,,,,,,,,,,,,,,,,,,,,,,,
,,30,,,30,,,,,,,,30,,,30,,,,,,,,30,,,30,,,,,,,,,30,,30,,,,,,,,,,,,,,,,,,,,,,,,,,
,,14,,14,,,,,,,,,14,,14,,,,,,,,,14,,14,,,,,,,,,14,,14,,,,,,,,,,,,,,,,,,,,,,,,,,,
,,,35,,35,,,,,,,,35,,,35,,,,,,,,,35,,35,,,,,,,,35,,,35,,,,,,,,,,,,,,,,,,,,,,,,,,
,,,35,,35,,,,,,,,35,,,35,,,,,,,,,35,,35,,,,,,,,35,,,35,,,,,,,,,,,,,,,,,,,,,,,,,,
,,,33,33,,,,,,,,,33,,33,,,,,,,,,,33,33,,,,,,,,,33,,33,,,,,,,,,,,,,,,,,,,,,,,,,,,
,,,28,28,,,,,,,,,,28,,28,,,,,,,,28,,28,,,,,,,,,,28,28,,,,,,,,,,,,,,,,,,,,,,,,,,,
,,,37,37,,,,,,,,,37,,37,,,,,,,,,,37,37,,,,,,,,,37,,37,,,,,,,,,,,,,,,,,,,,,,,,,,,
,,27,,,27,,,,,,,,,27,,27,,,,,,,,,27,,27,,,,,,,,27,,,27,,,,,,,,,,,,,,,,,,,,,,,,,,
,,38,,,38,,,,,,,,38,,,38,,,,,,,,38,,,38,,,,,,,,,38,,38,,,,,,,,,,,,,,,,,,,,,,,,,,
,,27,,,27,,,,,,,,,27,,27,,,,,,,,,27,,27,,,,,,,,27,,,27,,,,,,,,,,,,,,,,,,,,,,,,,,
,,,2,2,,,,,,,,,,2,,2,,,,,,,,2,,2,,,,,,,,,2,,2,,,,,,,,,,,,,,,,,,,,,,,,,,,
,,,6,,6,,,,,,,,,6,6,,,,,,,,,6,,,6,,,,,,,,6,,,6,,,,,,,,,,,,,,,,,,,,,,,,,,
,,25,,25,,,,,,,,,,25,25,,,,,,,,,,25,25,,,,,,,,,25,,25,,,,,,,,,,,,,,,,,,,,,,,,,,,
,,34,,,34,,,,,,,,34,,,34,,,,,,,,34,,,34,,,,,,,,,34,,34,,,,,,,,,,,,,,,,,,,,,,,,,,
,,27,,,27,,,,,,,,,27,,27,,,,,,,,,27,,27,,,,,,,,27,,,27,,,,,,,,,,,,,,,,,,,,,,,,,,
,,47,,47,,,,,,,,,,47,47,,,,,,,,,,47,47,,,,,,,,,47,,47,,,,,,,,,,,,,,,,,,,,,,,,,,,
,,,15,15,,,,,,,,,15,,15,,,,,,,,,,15,15,,,,,,,,,,15,15,,,,,,,,,,,,,,,,,,,,,,,,,,,
,,,7,,7,,,,,,,,7,,,7,,,,,,,,,7,,7,,,,,,,,7,,,7,,,,,,,,,,,,,,,,,,,,,,,,,,
,,27,,,27,,,,,,,,,27,,27,,,,,,,,,27,,27,,,,,,,,27,,,27,,,,,,,,,,,,,,,,,,,,,,,,,,
,,29,,29,,,,,,,,,,29,29,,,,,,,,,,29,29,,,,,,,,,29,,29,,,,,,,,,,,,,,,,,,,,,,,,,,,
,,34,,,34,,,,,,,,34,,,34,,,,,,,,34,,,34,,,,,,,,,34,,34,,,,,,,,,,,,,,,,,,,,,,,,,,
,,36,,36,,,,,,,,,36,,36,,,,,,,,,36,,36,,,,,,,,,,36,36,,,,,,,,,,,,,,,,,,,,,,,,,,,
,,12,,,12,,,,,,,,12,,,12,,,,,,,,12,,,12,,,,,,,,12,,,12,,,,,,,,,,,,,,,,,,,,,,,,,,
,,29,,29,,,,,,,,,,29,29,,,,,,,,,,29,29,,,,,,,,,29,,29,,,,,,,,,,,,,,,,,,,,,,,,,,,
,,4,,4,,,,,,,,,,4,4,,,,,,,,,,4,4,,,,,,,,,,4,4,,,,,,,,,,,,,,,,,,,,,,,,,,,
,,14,,14,,,,,,,,,14,,14,,,,,,,,,14,,14,,,,,,,,,14,,14,,,,,,,,,,,,,,,,,,,,,,,,,,,
,,25,,25,,,,,,,,,,25,25,,,,,,,,,,25,25,,,,,,,,,25,,25,,,,,,,,,,,,,,,,,,,,,,,,,,,
,,,42,42,,,,,,,,,,42,,42,,,,,,,,42,,42,,,,,,,,,,42,42,,,,,,,,,,,,,,,,,,,,,,,,,,,
,,1,,1,,,,,,,,,1,,1,,,,,,,,,1,,1,,,,,,,,,,1,1,,,,,,,,,,,,,,,,,,,,,,,,,,,
,,41,,,41,,,,,,,,,41,,41,,,,,,,,,41,,41,,,,,,,,41,,,41,,,,,,,,,,,,,,,,,,,,,,,,,,
,,49,,,49,,,,,,,,,49,,49,,,,,,,,,49,,49,,,,,,,,49,,,49,,,,,,,,,,,,,,,,,,,,,,,,,,
,,,31,,31,,,,,,,,31,,,31,,,,,,,,,31,,31,,,,,,,,31,,,31,,,,,,,,,,,,,,,,,,,,,,,,,,
,,23,,,23,,,,,,,,,23,,23,,,,,,,,,23,,23,,,,,,,,23,,,23,,,,,,,,,,,,,,,,,,,,,,,,,,
,,1,,1,,,,,,,,,1,,1,,,,,,,,,1,,1,,,,,,,,,,1,1,,,,,,,,,,,,,,,,,,,,,,,,,,,
,,,42,42,,,,,,,,,,42,,42,,,,,,,,42,,42,,,,,,,,,,42,42,,,,,,,,,,,,,,,,,,,,,,,,,,,
,,10,,10,,,,,,,,,10,,10,,,,,,,,,10,,10,,,,,,,,,10,,10,,,,,,,,,,,,,,,,,,,,,,,,,,,
,,29,,29,,,,,,,,,,29,29,,,,,,,,,,29,29,,,,,,,,,29,,29,,,,,,,,,,,,,,,,,,,,,,,,,,,
,,,6,,6,,,,,,,,,6,6,,,,,,,,,6,,,6,,,,,,,,6,,,6,,,,,,,,,,,,,,,,,,,,,,,,,,
,,8,,,8,,,,,,,,,8,,8,,,,,,,,,8,,8,,,,,,,,,8,,8,,,,,,,,,,,,,,,,,,,,,,,,,,
,,,7,,7,,,,,,,,7,,,7,,,,,,,,,7,,7,,,,,,,,7,,,7,,,,,,,,,,,,,,,,,,,,,,,,,,
,,,22,,22,,,,,,,,,22,22,,,,,,,,,22,,,22,,,,,,,,,22,,22,,,,,,,,,,,,,,,,,,,,,,,,,,
,,32,,32,,,,,,,,,32,,32,,,,,,,,,32,,32,,,,,,,,,,32,32,,,,,,,,,,,,,,,,,,,,,,,,,,,
,,,13,,13,,,,,,,,13,,,13,,,,,,,,,13,,13,,,,,,,,,13,,13,,,,,,,,,,,,,,,,,,,,,,,,,,
,,,46,46,,,,,,,,,,46,,46,,,,,,,,46,,46,,,,,,,,,,46,46,,,,,,,,,,,,,,,,,,,,,,,,,,,
,,,7,,7,,,,,,,,7,,,7,,,,,,,,,7,,7,,,,,,,,7,,,7,,,,,,,,,,,,,,,,,,,,,,,,,,
,,,37,37,,,,,,,,,37,,37,,,,,,,,,,37,37,,,,,,,,,37,,37,,,,,,,,,,,,,,,,,,,,,,,,,,,
,,,7,,7,,,,,,,,7,,,7,,,,,,,,,7,,7,,,,,,,,7,,,7,,,,,,,,,,,,,,,,,,,,,,,,,,
,,36,,36,,,,,,,,,36,,36,,,,,,,,,36,,36,,,,,,,,,,36,36,,,,,,,,,,,,,,,,,,,,,,,,,,,
,,25,,25,,,,,,,,,,25,25,,,,,,,,,,25,25,,,,,,,,,25,,25,,,,,,,,,,,,,,,,,,,,,,,,,,,
,,,44,,44,,,,,,,,,44,44,,,,,,,,,44,,,44,,,,,,,,,44,,44,,,,,,,,,,,,,,,,,,,,,,,,,,
,,,44,,44,,,,,,,,,44,44,,,,,,,,,44,,,44,,,,,,,,,44,,44,,,,,,,,,,,,,,,,,,,,,,,,,,
,,,17,,17,,,,,,,,17,,,17,,,,,,,,,17,,17,,,,,,,,17,,,17,,,,,,,,,,,,,,,,,,,,,,,,,,
,,,13,,13,,,,,,,,13,,,13,,,,,,,,,13,,13,,,,,,,,,13,,13,,,,,,,,,,,,,,,,,,,,,,,,,,
,,,24,24,,,,,,,,,,24,,24,,,,,,,,24,,24,,,,,,,,,,24,24,,,,,,,,,,,,,,,,,,,,,,,,,,,
,,,42,42,,,,,,,,,,42,,42,,,,,,,,42,,42,,,,,,,,,,42,42,,,,,,,,,,,,,,,,,,,,,,,,,,,
,,,3,3,,,,,,,,,3,,3,,,,,,,,,,3,3,,,,,,,,,3,,3,,,,,,,,,,,,,,,,,,,,,,,,,,,
,,,37,37,,,,,,,,,37,,37,,,,,,,,,,37,37,,,,,,,,,37,,37,,,,,,,,,,,,,,,,,,,,,,,,,,,
,,,3,3,,,,,,,,,3,,3,,,,,,,,,,3,3,,,,,,,,,3,,3,,,,,,,,,,,,,,,,,,,,,,,,,,,
,,,26,,26,,,,,,,,,26,26,,,,,,,,,26,,,26,,,,,,,,,26,,26,,,,,,,,,,,,,,,,,,,,,,,,,,
,,8,,,8,,,,,,,,,8,,8,,,,,,,,,8,,8,,,,,,,,,8,,8,,,,,,,,,,,,,,,,,,,,,,,,,,
,,,15,15,,,,,,,,,15,,15,,,,,,,,,,15,15,,,,,,,,,,15,15,,,,,,,,,,,,,,,,,,,,,,,,,,,
,,49,,,49,,,,,,,,,49,,49,,,,,,,,,49,,49,,,,,,,,49,,,49,,,,,,,,,,,,,,,,,,,,,,,,,,
,,,35,,35,,,,,,,,35,,,35,,,,,,,,,35,,35,,,,,,,,35,,,35,,,,,,,,,,,,,,,,,,,,,,,,,,
,,38,,,38,,,,,,,,38,,,38,,,,,,,,38,,,38,,,,,,,,,38,,38,,,,,,,,,,,,,,,,,,,,,,,,,,
,,,28,28,,,,,,,,,,28,,28,,,,,,,,28,,28,,,,,,,,,,28,28,,,,,,,,,,,,,,,,,,,,,,,,,,,
,,38,,,38,,,,,,,,38,,,38,,,,,,,,38,,,38,,,,,,,,,38,,38,,,,,,,,,,,,,,,,,,,,,,,,,,
,,25,,25,,,,,,,,,,25,25,,,,,,,,,,25,25,,,,,,,,,25,,25,,,,,,,,,,,,,,,,,,,,,,,,,,,
,,,39,,39,,,,,,,,39,,,39,,,,,,,,,39,,39,,,,,,,,39,,,39,,,,,,,,,,,,,,,,,,,,,,,,,,
,,10,,10,,,,,,,,,10,,10,,,,,,,,,10,,10,,,,,,,,,10,,10,,,,,,,,,,,,,,,,,,,,,,,,,,,
,,,33,33,,,,,,,,,33,,33,,,,,,,,,,33,33,,,,,,,,,33,,33,,,,,,,,,,,,,,,,,,,,,,,,,,,
,,30,,,30,,,,,,,,30,,,30,,,,,,,,30,,,30,,,,,,,,,30,,30,,,,,,,,,,,,,,,,,,,,,,,,,,
,,,35,,35,,,,,,,,35,,,35,,,,,,,,,35,,35,,,,,,,,35,,,35,,,,,,,,,,,,,,,,,,,,,,,,,,
,,,46,46,,,,,,,,,,46,,46,,,,,,,,46,,46,,,,,,,,,,46,46,,,,,,,,,,,,,,,,,,,,,,,,,,,
,,18,,18,,,,,,,,,18,,18,,,,,,,,,18,,18,,,,,,,,,,18,18,,,,,,,,,,,,,,,,,,,,,,,,,,,
,,12,,,12,,,,,,,,12,,,12,,,,,,,,12,,,12,,,,,,,,12,,,12,,,,,,,,,,,,,,,,,,,,,,,,,,
,,,22,,22,,,,,,,,,22,22,,,,,,,,,22,,,22,,,,,,,,,22,,22,,,,,,,,,,,,,,,,,,,,,,,,,,
,,10,,10,,,,,,,,,10,,10,,,,,,,,,10,,10,,,,,,,,,10,,10,,,,,,,,,,,,,,,,,,,,,,,,,,,
,,,22,,22,,,,,,,,,22,22,,,,,,,,,22,,,22,,,,,,,,,22,,22,,,,,,,,,,,,,,,,,,,,,,,,,,
,,,46,46,,,,,,,,,,46,,46,,,,,,,,46,,46,,,,,,,,,,46,46,,,,,,,,,,,,,,,,,,,,,,,,,,,
,,,20,20,,,,,,,,,,20,,20,,,,,,,,20,,20,,,,,,,,,20,,20,,,,,,,,,,,,,,,,,,,,,,,,,,,
,,1,,1,,,,,,,,,1,,1,,,,,,,,,1,,1,,,,,,,,,,1,1,,,,,,,,,,,,,,,,,,,,,,,,,,,
,,5,,,5,,,,,,,,5,,,5,,,,,,,,5,,,5,,,,,,,,,5,,5,,,,,,,,,,,,,,,,,,,,,,,,,,
,,36,,36,,,,,,,,,36,,36,,,,,,,,,36,,36,,,,,,,,,,36,36,,,,,,,,,,,,,,,,,,,,,,,,,,,
,,16,,,16,,,,,,,,16,,,16,,,,,,,,16,,,16,,,,,,,,,16,,16,,,,,,,,,,,,,,,,,,,,,,,,,,
,,,48,,48,,,,,,,,,48,48,,,,,,,,,48,,,48,,,,,,,,,48,,48,,,,,,,,,,,,,,,,,,,,,,,,,,
,,47,,47,,,,,,,,,,47,47,,,,,,,,,,47,47,,,,,,,,,47,,47,,,,,,,,,,,,,,,,,,,,,,,,,,,
,,,17,,17,,,,,,,,17,,,17,,,,,,,,,17,,17,,,,,,,,17,,,17,,,,,,,,,,,,,,,,,,,,,,,,,,
,,12,,,12,,,,,,,,12,,,12,,,,,,,,12,,,12,,,,,,,,12,,,12,,,,,,,,,,,,,,,,,,,,,,,,,,
,,36,,36,,,,,,,,,36,,36,,,,,,,,,36,,36,,,,,,,,,,36,36,,,,,,,,,,,,,,,,,,,,,,,,,,,
,,1,,1,,,,,,,,,1,,1,,,,,,,,,1,,1,,,,,,,,,,1,1,,,,,,,,,,,,,,,,,,,,,,,,,,,
,,34,,,34,,,,,,,,34,,,34,,,,,,,,34,,,34,,,,,,,,,34,,34,,,,,,,,,,,,,,,,,,,,,,,,,,
,,,17,,17,,,,,,,,17,,,17,,,,,,,,,17,,17,,,,,,,,17,,,17,,,,,,,,,,,,,,,,,,,,,,,,,,
,,,46,46,,,,,,,,,,46,,46,,,,,,,,46,,46,,,,,,,,,,46,46,,,,,,,,,,,,,,,,,,,,,,,,,,,
,,,17,,17,,,,,,,,17,,,17,,,,,,,,,17,,17,,,,,,,,17,,,17,,,,,,,,,,,,,,,,,,,,,,,,,,
,,,2,2,,,,,,,,,,2,,2,,,,,,,,2,,2,,,,,,,,,2,,2,,,,,,,,,,,,,,,,,,,,,,,,,,,
,,,24,24,,,,,,,,,,24,,24,,,,,,,,24,,24,,,,,,,,,,24,24,,,,,,,,,,,,,,,,,,,,,,,,,,,
,,,2,2,,,,,,,,,,2,,2,,,,,,,,2,,2,,,,,,,,,2,,2,,,,,,,,,,,,,,,,,,,,,,,,,,,
,,34,,,34,,,,,,,,34,,,34,,,,,,,,34,,,34,,,,,,,,,34,,34,,,,,,,,,,,,,,,,,,,,,,,,,,
,,,6,,6,,,,,,,,,6,6,,,,,,,,,6,,,6,,,,,,,,6,,,6,,,,,,,,,,,,,,,,,,,,,,,,,,
,,,7,,7,,,,,,,,7,,,7,,,,,,,,,7,,7,,,,,,,,7,,,7,,,,,,,,,,,,,,,,,,,,,,,,,,
,,,28,28,,,,,,,,,,28,,28,,,,,,,,28,,28,,,,,,,,,,28,28,,,,,,,,,,,,,,,,,,,,,,,,,,,
,,4,,4,,,,,,,,,,4,4,,,,,,,,,,4,4,,,,,,,,,,4,4,,,,,,,,,,,,,,,,,,,,,,,,,,,
,,,26,,26,,,,,,,,,26,26,,,,,,,,,26,,,26,,,,,,,,,26,,26,,,,,,,,,,,,,,,,,,,,,,,,,,
,,29,,29,,,,,,,,,,29,29,,,,,,,,,,29,29,,,,,,,,,29,,29,,,,,,,,,,,,,,,,,,,,,,,,,,,
,,,24,24,,,,,,,,,,24,,24,,,,,,,,24,,24,,,,,,,,,,24,24,,,,,,,,,,,,,,,,,,,,,,,,,,,
,,,39,,39,,,,,,,,39,,,39,,,,,,,,,39,,39,,,,,,,,39,,,39,,,,,,,,,,,,,,,,,,,,,,,,,,
,,,40,,40,,,,,,,,,40,40,,,,,,,,,40,,,40,,,,,,,,,40,,40,,,,,,,,,,,,,,,,,,,,,,,,,,
,,45,,,45,,,,,,,,,45,,45,,,,,,,,,45,,45,,,,,,,,45,,,45,,,,,,,,,,,,,,,,,,,,,,,,,,
,,10,,10,,,,,,,,,10,,10,,,,,,,,,10,,10,,,,,,,,,10,,10,,,,,,,,,,,,,,,,,,,,,,,,,,,
,,47,,47,,,,,,,,,,47,47,,,,,,,,,,47,47,,,,,,,,,47,,47,,,,,,,,,,,,,,,,,,,,,,,,,,,
,,8,,,8,,,,,,,,,8,,8,,,,,,,,,8,,8,,,,,,,,,8,,8,,,,,,,,,,,,,,,,,,,,,,,,,,
,,,7,,7,,,,,,,,7,,,7,,,,,,,,,7,,7,,,,,,,,7,,,7,,,,,,,,,,,,,,,,,,,,,,,,,,
,,5,,,5,,,,,,,,5,,,5,,,,,,,,5,,,5,,,,,,,,,5,,5,,,,,,,,,,,,,,,,,,,,,,,,,,
