,,,,,,,,,,,,,,,,,,,,,,,,,,,,,,,,,,,,,,,,,,,,,,,,,,,,,,,,,,,,,,,,,-1,-1
,,,,,,,,,,,,,,,,,,,,,,,,,,,,,,,,,,,,,,,,,,,,,,,,,,,,,,,,,,,,,,,,,-1,-1
,,,,,,,,,,,,,,,,,,,,,,,,,,,,,,,,,,,,,,,,,,,,,,,,,,,,,,,,,,,,,,,,,-1,-1
,,,,,,,,,,,,,,,,,,,,,,,,,,,,,,,,,,,,,,,,,,,,,,,,,,,,,,,,,,,,,,,,,-1,-1
,,,,,,,,,,,,,,,,,,,,,,,,,,,,,,,,,,,,,,,,,,,,,,,,,,,,,,,,,,,,,,,,,-1,-1
,,,,,,,,,,,,,,,,,,,,,,,,,,,,,,,,,,,,,,,,,,,,,,,,,,,,,,,,,,,,,,,,,-1,-1
1,-1,3,,,,,,,,,,,,,,,,,,,,,,,,,,,,,,,,,,,,,,,,,,,,,,,,,,,,,,,,,,,,,,,-1,-1
8,-1,10,,,,,,,,,,,,,,1,-1,3,,,,,,,,,,,,,,,,1,-1,3,,,,,,,,,,,,,,,,,,,,,,,,,,,,,-1,-1
15,-1,17,,,,,,,,,,,,,,6,-1,8,,,,,,,,,,,,,,,,6,-1,8,,,,,,,,,,,,,,,,,,,,,,,,,,,,,-1,-1
22,-1,24,,,,,,,,,,,,,,11,-1,13,,,,,,,,,,,,,,,,11,-1,13,,,,,,,,,,,,,,,,,,,,,,,,,,,,,-1,-1
29,-1,31,,,,,,,,,,,,,,16,-1,18,,,,,,,,,,,,,,,,16,-1,18,,,,,,,,,,,,,,,,,,,,,,,,,,,,,-1,-1
36,-1,38,,,,,,,,,,,,,,21,-1,23,,,,,,,,,,,,,,,,21,-1,23,,,,,,,,,,,,,,,,,,,,,,,,,,,,,-1,-1
43,-1,45,,,,,,,,,,,,,,26,-1,28,,,,,,,,,,,,,,,,4,-1,28,,,,,,,,,,,,,,,,,,,,,,,,,,,,,-1,-1
6,-1,13,,,,,,,,,,,,,,31,-1,33,,,,,,,,,,,,,,,,9,-1,33,,,,,,,,,,,,,,,,,,,,,,,,,,,,,-1,-1
21,-1,28,,,,,,,,,,,,,,36,-1,38,,,,,,,,,,,,,,,,14,-1,38,,,,,,,,,,,,,,,,,,,,,,,,,,,,,-1,-1
41,-1,48,,,,,,,,,,,,,,41,-1,43,,,,,,,,,,,,,,,,19,-1,43,,,,,,,,,,,,,,,,,,,,,,,,,,,,,-1,-1
4,-1,11,,,,,,,,,,,,,,46,-1,48,,,,,,,,,,,,,,,,24,-1,48,,,,,,,,,,,,,,,,,,,,,,,,,,,,,-1,-1
12,-1,19,,,,,,,,,,,,,,4,-1,9,,,,,,,,,,,,,,,,26,-1,31,,,,,,,,,,,,,,,,,,,,,,,,,,,,,-1,-1
25,-1,32,,,,,,,,,,,,,,10,-1,15,,,,,,,,,,,,,,,,32,-1,37,,,,,,,,,,,,,,,,,,,,,,,,,,,,,-1,-1
33,-1,40,,,,,,,,,,,,,,19,-1,24,,,,,,,,,,,,,,,,41,-1,46,,,,,,,,,,,,,,,,,,,,,,,,,,,,,-1,-1
46,-1,14,,,,,,,,,,,,,,25,-1,30,,,,,,,,,,,,,,,,47,-1,30,,,,,,,,,,,,,,,,,,,,,,,,,,,,,-1,-1
20,-1,35,,,,,,,,,,,,,,34,-1,39,,,,,,,,,,,,,,,,34,-1,39,,,,,,,,,,,,,,,,,,,,,,,,,,,,,-1,-1
49,,,,,,,,,,,,,,,,40,-1,45,,,,,,,,,,,,,,,,40,-1,45,,,,,,,,,,,,,,,,,,,,,,,,,,,,,-1,-1
27,,2,,,,,,,,,,,,,,49,,,,,,,,,,,,,,,,,,49,,,,,,,,,,,,,,,,,,,,,,,,,,,,,,,-1,-1
42,,9,,,,,,,,,,,,,,,,2,,,,,,,,,,,,,,,,,,2,,,,,,,,,,,,,,,,,,,,,,,,,,,,,-1,-1
5,,16,,,,,,,,,,,,,,42,,7,,,,,,,,,,,,,,,,20,,7,,,,,,,,,,,,,,,,,,,,,,,,,,,,,-1,-1
18,,23,,,,,,,,,,,,,,47,,12,,,,,,,,,,,,,,,,25,,12,,,,,,,,,,,,,,,,,,,,,,,,,,,,,-1,-1
26,,30,,,,,,,,,,,,,,5,,17,,,,,,,,,,,,,,,,27,,17,,,,,,,,,,,,,,,,,,,,,,,,,,,,,-1,-1
39,,37,,,,,,,,,,,,,,14,,22,,,,,,,,,,,,,,,,36,,22,,,,,,,,,,,,,,,,,,,,,,,,,,,,,-1,-1
47,,44,,,,,,,,,,,,,,20,,27,,,,,,,,,,,,,,,,42,,5,,,,,,,,,,,,,,,,,,,,,,,,,,,,,-1,-1
34,,7,,,,,,,,,,,,,,29,,32,,,,,,,,,,,,,,,,29,,10,,,,,,,,,,,,,,,,,,,,,,,,,,,,,-1,-1
,,,,,,,,,,,,,,,,35,,37,,,,,,,,,,,,,,,,35,,15,,,,,,,,,,,,,,,,,,,,,,,,,,,,,-1,-1
,,,,,,,,,,,,,,,,44,,,,,,,,,,,,,,,,,,44,,,,,,,,,,,,,,,,,,,,,,,,,,,,,,,-1,-1
,,,,,,,,,,,,,,,,,,,,,,,,,,,,,,,,,,,,,,,,,,,,,,,,,,,,,,,,,,,,,,,,,-1,-1
,,,,,,,,,,,,,,,,,,,,,,,,,,,,,,,,,,,,,,,,,,,,,,,,,,,,,,,,,,,,,,,,,-1,-1
,,,,,,,,,,,,,,,,,,,,,,,,,,,,,,,,,,,,,,,,,,,,,,,,,,,,,,,,,,,,,,,,,-1,-1
,,,,,,,,,,,,,,,,,,,,,,,,,,,,,,,,,,,,,,,,,,,,,,,,,,,,,,,,,,,,,,,,,-1,-1
,,,,,,,,,,,,,,,,,,,,,,,,,,,,,,,,,,,,,,,,,,,,,,,,,,,,,,,,,,,,,,,,,-1,-1
,,,,,,,,,,,,,,,,,,,,,,,,,,,,,,,,,,,,,,,,,,,,,,,,,,,,,,,,,,,,,,,,,-1,-1
,,,,,,,,,,,,,,,,,,,,,,,,,,,,,,,,,,,,,,,,,,,,,,,,,,,,,,,,,,,,,,,,,-1,-1
,,,,,,,,,,,,,,,,,,,,,,,,,,,,,,,,,,,,,,,,,,,,,,,,,,,,,,,,,,,,,,,,,-1,-1
,,,,,,,,,,,,,,,,,,,,,,,,,,,,,,,,,,,,,,,,,,,,,,,,,,,,,,,,,,,,,,,,,-1,-1
,,,,,,,,,,,,,,,,,,,,,,,,,,,,,,,,,,,,,,,,,,,,,,,,,,,,,,,,,,,,,,,,,-1,-1
,,,,,,,,,,,,,,,,,,,,,,,,,,,,,,,,,,,,,,,,,,,,,,,,,,,,,,,,,,,,,,,,,-1,-1
,,,,,,,,,,,,,,,,,,,,,,,,,,,,,,,,,,,,,,,,,,,,,,,,,,,,,,,,,,,,,,,,,-1,-1
,,,,,,,,,,,,,,,,,,,,,,,,,,,,,,,,,,,,,,,,,,,,,,,,,,,,,,,,,,,,,,,,,-1,-1
,,,,,,,,,,,,,,,,,,,,,,,,,,,,,,,,,,,,,,,,,,,,,,,,,,,,,,,,,,,,,,,,,-1,-1
,,,,,,,,,,,,,,,,,,,,,,,,,,,,,,,,,,,,,,,,,,,,,,,,,,,,,,,,,,,,,,,,,-1,-1
,,,,,,,,,,,,,,,,,,,,,,,,,,,,,,,,,,,,,,,,,,,,,,,,,,,,,,,,,,,,,,,,,-1,-1
,,,,,,,,,,,,,,,,,,,,,,,,,,,,,,,,,,,,,,,,,,,,,,,,,,,,,,,,,,,,,,,,,-1,-1
,,,,,,,,,,,,,,,,,,,,,,,,,,,,,,,,,,,,,,,,,,,,,,,,,,,,,,,,,,,,,,,,,-1,-1
,,,,,,,,,,,,,,,,,,,,,,,,,,,,,,,,,,,,,,,,,,,,,,,,,,,,,,,,,,,,,,,,,-1,-1
,,,,,,,,,,,,,,,,,,,,,,,,,,,,,,,,,,,,,,,,,,,,,,,,,,,,,,,,,,,,,,,,,-1,-1
,,,,,,,,,,,,,,,,,,,,,,,,,,,,,,,,,,,,,,,,,,,,,,,,,,,,,,,,,,,,,,,,,-1,-1
,,,,,,,,,,,,,,,,,,,,,,,,,,,,,,,,,,,,,,,,,,,,,,,,,,,,,,,,,,,,,,,,,-1,-1
,,,,,,,,,,,,,,,,,,,,,,,,,,,,,,,,,,,,,,,,,,,,,,,,,,,,,,,,,,,,,,,,,-1,-1
,,,,,,,,,,,,,,,,,,,,,,,,,,,,,,,,,,,,,,,,,,,,,,,,,,,,,,,,,,,,,,,,,-1,-1
,,,,,,,,,,,,,,,,,,,,,,,,,,,,,,,,,,,,,,,,,,,,,,,,,,,,,,,,,,,,,,,,,-1,-1
,,,,,,,,,,,,,,,,,,,,,,,,,,,,,,,,,,,,,,,,,,,,,,,,,,,,,,,,,,,,,,,,,-1,-1
