,,,,,,,,,,,,,,,,,,,,,,,,,,,,,,,,,,,,,,,,,,,,,,,,,,,,,,,,,,,,,,,,,-1,-1
,,,,,,,,,,,,,,,,,,,,,,,,,,,,,,,,,,,,,,,,,,,,,,,,,,,,,,,,,,,,,,,,,-1,-1
,,,,,,,,,,,,,,,,,,,,,,,,,,,,,,,,,,,,,,,,,,,,,,,,,,,,,,,,,,,,,,,,,-1,-1
,,,,,,,,,,,,,,,,,,,,,,,,,,,,,,,,,,,,,,,,,,,,,,,,,,,,,,,,,,,,,,,,,-1,-1
,,,,,,,,,,,,,,,,,,,,,,,,,,,,,,,,,,,,,,,,,,,,,,,,,,,,,,,,,,,,,,,,,-1,-1
,,,,,,,,,,,,,,,,,,,,,,,,,,,,,,,,,,,,,,,,,,,,,,,,,,,,,,,,,,,,,,,,,-1,-1
,,,,,,,,,,,,,,,,,,,,,,,,,,,,,,,,,,,,,,,,,,,,,,,,,,,,,,,,,,,,,,,,,-1,-1
1,-1,49,,,,,,,,,,,,,,1,-1,49,,,,,,,,,,,,,,,,1,-1,49,,,,,,,,,,,,,,,,,,,,,,,,,,,,,-1,-1
27,-1,33,,,,,,,,,,,,,,29,-1,27,,,,,,,,,,,,,,,,29,-1,27,,,,,,,,,,,,,,,,,,,,,,,,,,,,,-1,-1
11,-1,17,,,,,,,,,,,,,,7,-1,13,,,,,,,,,,,,,,,,7,-1,13,,,,,,,,,,,,,,,,,,,,,,,,,,,,,-1,-1
47,-1,43,,,,,,,,,,,,,,35,-1,41,,,,,,,,,,,,,,,,35,-1,41,,,,,,,,,,,,,,,,,,,,,,,,,,,,,-1,-1
28,-1,30,,,,,,,,,,,,,,21,-1,19,,,,,,,,,,,,,,,,21,-1,19,,,,,,,,,,,,,,,,,,,,,,,,,,,,,-1,-1
12,-1,14,,,,,,,,,,,,,,2,-1,4,,,,,,,,,,,,,,,,23,-1,4,,,,,,,,,,,,,,,,,,,,,,,,,,,,,-1,-1
42,-1,44,,,,,,,,,,,,,,30,-1,32,,,,,,,,,,,,,,,,9,-1,32,,,,,,,,,,,,,,,,,,,,,,,,,,,,,-1,-1
29,-1,13,,,,,,,,,,,,,,12,-1,14,,,,,,,,,,,,,,,,37,-1,14,,,,,,,,,,,,,,,,,,,,,,,,,,,,,-1,-1
21,-1,4,,,,,,,,,,,,,,40,-1,42,,,,,,,,,,,,,,,,15,-1,42,,,,,,,,,,,,,,,,,,,,,,,,,,,,,-1,-1
40,-1,24,,,,,,,,,,,,,,22,-1,24,,,,,,,,,,,,,,,,43,-1,24,,,,,,,,,,,,,,,,,,,,,,,,,,,,,-1,-1
23,-1,7,,,,,,,,,,,,,,23,-1,9,,,,,,,,,,,,,,,,2,-1,30,,,,,,,,,,,,,,,,,,,,,,,,,,,,,-1,-1
31,-1,15,,,,,,,,,,,,,,33,-1,11,,,,,,,,,,,,,,,,8,-1,36,,,,,,,,,,,,,,,,,,,,,,,,,,,,,-1,-1
45,-1,8,,,,,,,,,,,,,,15,-1,43,,,,,,,,,,,,,,,,40,-1,22,,,,,,,,,,,,,,,,,,,,,,,,,,,,,-1,-1
32,-1,16,,,,,,,,,,,,,,45,-1,6,,,,,,,,,,,,,,,,46,-1,6,,,,,,,,,,,,,,,,,,,,,,,,,,,,,-1,-1
22,-1,37,,,,,,,,,,,,,,10,-1,38,,,,,,,,,,,,,,,,10,-1,38,,,,,,,,,,,,,,,,,,,,,,,,,,,,,-1,-1
39,-1,34,,,,,,,,,,,,,,16,-1,44,,,,,,,,,,,,,,,,16,-1,44,,,,,,,,,,,,,,,,,,,,,,,,,,,,,-1,-1
48,,,,,,,,,,,,,,,,48,,,,,,,,,,,,,,,,,,48,,,,,,,,,,,,,,,,,,,,,,,,,,,,,,,-1,-1
,,26,,,,,,,,,,,,,,,,18,,,,,,,,,,,,,,,,,,11,,,,,,,,,,,,,,,,,,,,,,,,,,,,,-1,-1
25,,18,,,,,,,,,,,,,,25,,46,,,,,,,,,,,,,,,,25,,39,,,,,,,,,,,,,,,,,,,,,,,,,,,,,-1,-1
9,,5,,,,,,,,,,,,,,3,,5,,,,,,,,,,,,,,,,3,,45,,,,,,,,,,,,,,,,,,,,,,,,,,,,,-1,-1
35,,41,,,,,,,,,,,,,,31,,37,,,,,,,,,,,,,,,,31,,26,,,,,,,,,,,,,,,,,,,,,,,,,,,,,-1,-1
19,,2,,,,,,,,,,,,,,17,,39,,,,,,,,,,,,,,,,17,,12,,,,,,,,,,,,,,,,,,,,,,,,,,,,,-1,-1
6,,38,,,,,,,,,,,,,,47,,28,,,,,,,,,,,,,,,,47,,18,,,,,,,,,,,,,,,,,,,,,,,,,,,,,-1,-1
36,,46,,,,,,,,,,,,,,26,,34,,,,,,,,,,,,,,,,5,,28,,,,,,,,,,,,,,,,,,,,,,,,,,,,,-1,-1
20,,10,,,,,,,,,,,,,,8,,20,,,,,,,,,,,,,,,,33,,34,,,,,,,,,,,,,,,,,,,,,,,,,,,,,-1,-1
3,,,,,,,,,,,,,,,,36,,,,,,,,,,,,,,,,,,,,20,,,,,,,,,,,,,,,,,,,,,,,,,,,,,-1,-1
,,,,,,,,,,,,,,,,,,,,,,,,,,,,,,,,,,,,,,,,,,,,,,,,,,,,,,,,,,,,,,,,,-1,-1
,,,,,,,,,,,,,,,,,,,,,,,,,,,,,,,,,,,,,,,,,,,,,,,,,,,,,,,,,,,,,,,,,-1,-1
,,,,,,,,,,,,,,,,,,,,,,,,,,,,,,,,,,,,,,,,,,,,,,,,,,,,,,,,,,,,,,,,,-1,-1
,,,,,,,,,,,,,,,,,,,,,,,,,,,,,,,,,,,,,,,,,,,,,,,,,,,,,,,,,,,,,,,,,-1,-1
,,,,,,,,,,,,,,,,,,,,,,,,,,,,,,,,,,,,,,,,,,,,,,,,,,,,,,,,,,,,,,,,,-1,-1
,,,,,,,,,,,,,,,,,,,,,,,,,,,,,,,,,,,,,,,,,,,,,,,,,,,,,,,,,,,,,,,,,-1,-1
,,,,,,,,,,,,,,,,,,,,,,,,,,,,,,,,,,,,,,,,,,,,,,,,,,,,,,,,,,,,,,,,,-1,-1
,,,,,,,,,,,,,,,,,,,,,,,,,,,,,,,,,,,,,,,,,,,,,,,,,,,,,,,,,,,,,,,,,-1,-1
,,,,,,,,,,,,,,,,,,,,,,,,,,,,,,,,,,,,,,,,,,,,,,,,,,,,,,,,,,,,,,,,,-1,-1
,,,,,,,,,,,,,,,,,,,,,,,,,,,,,,,,,,,,,,,,,,,,,,,,,,,,,,,,,,,,,,,,,-1,-1
,,,,,,,,,,,,,,,,,,,,,,,,,,,,,,,,,,,,,,,,,,,,,,,,,,,,,,,,,,,,,,,,,-1,-1
,,,,,,,,,,,,,,,,,,,,,,,,,,,,,,,,,,,,,,,,,,,,,,,,,,,,,,,,,,,,,,,,,-1,-1
,,,,,,,,,,,,,,,,,,,,,,,,,,,,,,,,,,,,,,,,,,,,,,,,,,,,,,,,,,,,,,,,,-1,-1
,,,,,,,,,,,,,,,,,,,,,,,,,,,,,,,,,,,,,,,,,,,,,,,,,,,,,,,,,,,,,,,,,-1,-1
,,,,,,,,,,,,,,,,,,,,,,,,,,,,,,,,,,,,,,,,,,,,,,,,,,,,,,,,,,,,,,,,,-1,-1
,,,,,,,,,,,,,,,,,,,,,,,,,,,,,,,,,,,,,,,,,,,,,,,,,,,,,,,,,,,,,,,,,-1,-1
,,,,,,,,,,,,,,,,,,,,,,,,,,,,,,,,,,,,,,,,,,,,,,,,,,,,,,,,,,,,,,,,,-1,-1
,,,,,,,,,,,,,,,,,,,,,,,,,,,,,,,,,,,,,,,,,,,,,,,,,,,,,,,,,,,,,,,,,-1,-1
,,,,,,,,,,,,,,,,,,,,,,,,,,,,,,,,,,,,,,,,,,,,,,,,,,,,,,,,,,,,,,,,,-1,-1
,,,,,,,,,,,,,,,,,,,,,,,,,,,,,,,,,,,,,,,,,,,,,,,,,,,,,,,,,,,,,,,,,-1,-1
,,,,,,,,,,,,,,,,,,,,,,,,,,,,,,,,,,,,,,,,,,,,,,,,,,,,,,,,,,,,,,,,,-1,-1
,,,,,,,,,,,,,,,,,,,,,,,,,,,,,,,,,,,,,,,,,,,,,,,,,,,,,,,,,,,,,,,,,-1,-1
,,,,,,,,,,,,,,,,,,,,,,,,,,,,,,,,,,,,,,,,,,,,,,,,,,,,,,,,,,,,,,,,,-1,-1
,,,,,,,,,,,,,,,,,,,,,,,,,,,,,,,,,,,,,,,,,,,,,,,,,,,,,,,,,,,,,,,,,-1,-1
,,,,,,,,,,,,,,,,,,,,,,,,,,,,,,,,,,,,,,,,,,,,,,,,,,,,,,,,,,,,,,,,,-1,-1
,,,,,,,,,,,,,,,,,,,,,,,,,,,,,,,,,,,,,,,,,,,,,,,,,,,,,,,,,,,,,,,,,-1,-1
