,,,,,,,39,,,,,,,,,,,,,,,,39,,,,,,,,,,,,,,,,,,39,,,,,,,,
,,,,,,,1,,,,,,,,,,,,,,,,9,,,,,,,,,,,,,,,,,,9,,,,,,,,
,,,,,,,11,,,,,,,,,,,,,,,,35,,,,,,,,,,,,,,,,,,35,,,,,,,,
,,,,,,,19,,,,,,,,,,,,,,,,5,,,,,,,,,,,,,,,,,,5,,,,,,,,
,,,,,,,20,,,,,,,,,,,,,,,,25,,,,,,,,,,,,,,,,,,25,,,,,,,,
,,,,,,,28,,,,,,,,,,,,,,,,38,,,,,,,,,,,,,,,,,,21,,,,,,,,
,,,,,,,36,,,,,,,,,,,,,,,,8,,,,,,,,,,,,,,,,,,47,,,,,,,,
45,-1,-1,,,,,9,,,,,,,,,45,-1,-1,,,,,28,,,,,,,,,,,45,-1,-1,,,,,17,,,,,,,,
3,-1,-1,,,,,38,,,,,,,,,15,-1,-1,,,,,48,,,,,,,,,,,15,-1,-1,,,,,37,,,,,,,,
17,-1,-1,,,,,48,,,,,,,,,41,-1,-1,,,,,18,,,,,,,,,,,41,-1,-1,,,,,7,,,,,,,,
25,-1,-1,,,,,21,,,,,,,,,11,-1,-1,,,,,21,,,,,,,,,,,11,-1,-1,,,,,38,,,,,,,,
26,-1,-1,,,,,49,,,,,,,,,31,-1,-1,,,,,23,,,,,,,,,,,31,-1,-1,,,,,34,,,,,,,,
34,-1,-1,,,,,44,,,,,,,,,44,-1,-1,,,,,37,,,,,,,,,,,27,-1,-1,,,,,48,,,,,,,,
42,-1,-1,,,,,16,,,,,,,,,14,-1,-1,,,,,26,,,,,,,,,,,1,-1,-1,,,,,26,,,,,,,,
15,-1,-1,,,,,18,,,,,,,,,34,-1,-1,,,,,40,,,,,,,,,,,23,-1,-1,,,,,40,,,,,,,,
31,-1,-1,,,,,46,,,,,,,,,4,-1,-1,,,,,36,,,,,,,,,,,43,-1,-1,,,,,36,,,,,,,,
4,-1,-1,,,,,33,,,,,,,,,24,-1,-1,,,,,33,,,,,,,,,,,13,-1,-1,,,,,33,,,,,,,,
27,-1,-1,,,,,47,,,,,,,,,27,-1,-1,,,,,3,,,,,,,,,,,44,-1,-1,,,,,3,,,,,,,,
35,-1,-1,,,,,5,,,,,,,,,47,-1,-1,,,,,29,,,,,,,,,,,8,-1,-1,,,,,29,,,,,,,,
7,-1,-1,,,,,13,,,,,,,,,43,-1,-1,,,,,49,,,,,,,,,,,4,-1,-1,,,,,49,,,,,,,,
2,-1,-1,,,,,14,,,,,,,,,7,-1,-1,,,,,19,,,,,,,,,,,18,-1,-1,,,,,19,,,,,,,,
24,-1,-1,,,,,22,,,,,,,,,46,-1,-1,,,,,32,,,,,,,,,,,46,-1,-1,,,,,32,,,,,,,,
37,-1,-1,,,,,30,,,,,,,,,10,-1,-1,,,,,2,,,,,,,,,,,10,-1,-1,,,,,2,,,,,,,,
6,,,,,,,29,,,,,,,,,6,,,,,,,22,,,,,,,,,,,6,,,,,,,22,,,,,,,,
,,,,,,,32,,,,,,,,,,,,,,,,42,,,,,,,,,,,,,,,,,,42,,,,,,,,
,,,,,,,12,,,,,,,,,,,,,,,,12,,,,,,,,,,,,,,,,,,12,,,,,,,,
,,,,,,,41,,,,,,,,,,,,,,,,1,,,,,,,,,,,,,,,,,,14,,,,,,,,
,,,,,,,43,,,,,,,,,,,,,,,,17,,,,,,,,,,,,,,,,,,28,,,,,,,,
,,,,,,,8,,,,,,,,,,,,,,,,13,,,,,,,,,,,,,,,,,,24,,,,,,,,
,,,,,,,10,,,,,,,,,,,,,,,,20,,,,,,,,,,,,,,,,,,20,,,,,,,,
,,,,,,,23,,,,,,,,,,,,,,,,16,,,,,,,,,,,,,,,,,,16,,,,,,,,
,,,,,,,40,,,,,,,,,,,,,,,,30,,,,,,,,,,,,,,,,,,30,,,,,,,,
,,,,,,,,,,,,,,,,,,,,,,,,,,,,,,,,,,,,,,,,,,,,,,,,,
,,,,,,,,,,,,,,,,,,,,,,,,,,,,,,,,,,,,,,,,,,,,,,,,,
,,,,,,,,,,,,,,,,,,,,,,,,,,,,,,,,,,,,,,,,,,,,,,,,,
,,,,,,,,,,,,,,,,,,,,,,,,,,,,,,,,,,,,,,,,,,,,,,,,,
,,,,,,,,,,,,,,,,,,,,,,,,,,,,,,,,,,,,,,,,,,,,,,,,,
,,,,,,,,,,,,,,,,,,,,,,,,,,,,,,,,,,,,,,,,,,,,,,,,,
,,,,,,,,,,,,,,,,,,,,,,,,,,,,,,,,,,,,,,,,,,,,,,,,,
,,,,,,,,,,,,,,,,,,,,,,,,,,,,,,,,,,,,,,,,,,,,,,,,,
,,,,,,,,,,,,,,,,,,,,,,,,,,,,,,,,,,,,,,,,,,,,,,,,,
,,,,,,,,,,,,,,,,,,,,,,,,,,,,,,,,,,,,,,,,,,,,,,,,,
,,,,,,,,,,,,,,,,,,,,,,,,,,,,,,,,,,,,,,,,,,,,,,,,,
,,,,,,,,,,,,,,,,,,,,,,,,,,,,,,,,,,,,,,,,,,,,,,,,,
,,,,,,,,,,,,,,,,,,,,,,,,,,,,,,,,,,,,,,,,,,,,,,,,,
,,,,,,,,,,,,,,,,,,,,,,,,,,,,,,,,,,,,,,,,,,,,,,,,,
,,,,,,,,,,,,,,,,,,,,,,,,,,,,,,,,,,,,,,,,,,,,,,,,,
,,,,,,,,,,,,,,,,,,,,,,,,,,,,,,,,,,,,,,,,,,,,,,,,,
,,,,,,,,,,,,,,,,,,,,,,,,,,,,,,,,,,,,,,,,,,,,,,,,,
,,,,,,,,,,,,,,,,,,,,,,,,,,,,,,,,,,,,,,,,,,,,,,,,,
,,,,,,,,,,,,,,,,,,,,,,,,,,,,,,,,,,,,,,,,,,,,,,,,,
,,,,,,,,,,,,,,,,,,,,,,,,,,,,,,,,,,,,,,,,,,,,,,,,,
,,,,,,,,,,,,,,,,,,,,,,,,,,,,,,,,,,,,,,,,,,,,,,,,,
,,,,,,,,,,,,,,,,,,,,,,,,,,,,,,,,,,,,,,,,,,,,,,,,,
,,,,,,,,,,,,,,,,,,,,,,,,,,,,,,,,,,,,,,,,,,,,,,,,,
,,,,,,,,,,,,,,,,,,,,,,,,,,,,,,,,,,,,,,,,,,,,,,,,,
,,,,,,,,,,,,,,,,,,,,,,,,,,,,,,,,,,,,,,,,,,,,,,,,,
,,,,,,,,,,,,,,,,,,,,,,,,,,,,,,,,,,,,,,,,,,,,,,,,,
,,,,,,,,,,,,,,,,,,,,,,,,,,,,,,,,,,,,,,,,,,,,,,,,,
