13,,13,,,13,,,,,13,13,,13,,,,,,,,,,,,,,,,,,,,,,,,,,,
21,,21,,,21,,,,,21,21,,,21,,,,,,,,,,,,,,,,,,,,,,,,,,
,14,,14,14,,,,,14,,,14,14,,,,,,,,,,,,,,,,,,,,,,,,,,,
,16,16,,16,,,,,16,,16,,16,,,,,,,,,,,,,,,,,,,,,,,,,,,
23,,,23,23,,,,,23,,,23,,23,,,,,,,,,,,,,,,,,,,,,,,,,,
5,,5,,,5,,,,,5,5,,5,,,,,,,,,,,,,,,,,,,,,,,,,,,
7,,,7,7,,,,,7,,,7,7,,,,,,,,,,,,,,,,,,,,,,,,,,,
,18,,18,,18,,,,,18,,18,,18,,,,,,,,,,,,,,,,,,,,,,,,,,
,22,,22,22,,,,,22,,,22,,22,,,,,,,,,,,,,,,,,,,,,,,,,,
31,,,31,31,,,,,31,,,31,,31,,,,,,,,,,,,,,,,,,,,,,,,,,
,32,32,,32,,,,,32,,,,,32,,,,,,,,,,,,,,,,,,,,,,,,,,
29,,29,,,29,,,,,29,29,,,29,,,,,,,,,,,,,,,,,,,,,,,,,,
27,,,27,,27,,,,,27,,27,,27,,,,,,,,,,,,,,,,,,,,,,,,,,
,18,,18,,18,,,,,18,,18,,18,,,,,,,,,,,,,,,,,,,,,,,,,,
17,,17,,17,,,,,17,,17,,,17,,,,,,,,,,,,,,,,,,,,,,,,,,
,12,12,,,12,,,,,12,12,,12,,,,,,,,,,,,,,,,,,,,,,,,,,,
11,,,11,,11,,,,,11,,11,11,,,,,,,,,,,,,,,,,,,,,,,,,,,
7,,,7,7,,,,,7,,,7,7,,,,,,,,,,,,,,,,,,,,,,,,,,,
,16,16,,16,,,,,16,,16,,16,,,,,,,,,,,,,,,,,,,,,,,,,,,
5,,5,,,5,,,,,5,5,,5,,,,,,,,,,,,,,,,,,,,,,,,,,,
23,,,23,23,,,,,23,,,23,,23,,,,,,,,,,,,,,,,,,,,,,,,,,
,24,24,,24,,,,,24,,24,,,24,,,,,,,,,,,,,,,,,,,,,,,,,,
,18,,18,,18,,,,,18,,18,,18,,,,,,,,,,,,,,,,,,,,,,,,,,
13,,13,,,13,,,,,13,13,,13,,,,,,,,,,,,,,,,,,,,,,,,,,,
,16,16,,16,,,,,16,,16,,16,,,,,,,,,,,,,,,,,,,,,,,,,,,
19,,,19,,19,,,,,19,,19,,19,,,,,,,,,,,,,,,,,,,,,,,,,,
25,,25,,25,,,,,25,,25,,,25,,,,,,,,,,,,,,,,,,,,,,,,,,
,20,20,,,20,,,,,20,20,,,20,,,,,,,,,,,,,,,,,,,,,,,,,,
21,,21,,,21,,,,,21,21,,,21,,,,,,,,,,,,,,,,,,,,,,,,,,
,24,24,,24,,,,,24,,24,,,24,,,,,,,,,,,,,,,,,,,,,,,,,,
,32,32,,32,,,,,32,,,,,32,,,,,,,,,,,,,,,,,,,,,,,,,,
,33,33,,33,,,,,33,,33,,,33,,,,,,,,,,,,,,,,,,,,,,,,,,
31,,,31,31,,,,,31,,,31,,31,,,,,,,,,,,,,,,,,,,,,,,,,,
,28,28,,,28,,,,,28,28,,,28,,,,,,,,,,,,,,,,,,,,,,,,,,
27,,,27,,27,,,,,27,,27,,27,,,,,,,,,,,,,,,,,,,,,,,,,,
,18,,18,,18,,,,,18,,18,,18,,,,,,,,,,,,,,,,,,,,,,,,,,
19,,,19,,19,,,,,19,,19,,19,,,,,,,,,,,,,,,,,,,,,,,,,,
,20,20,,,20,,,,,20,20,,,20,,,,,,,,,,,,,,,,,,,,,,,,,,,
4,4,,,4,,,,,4,4,,4,,,,,,,,,,,,,,,,,,,,,,,,,,,
3,,,3,,3,,,,,3,,3,3,,,,,,,,,,,,,,,,,,,,,,,,,,,
,2,,2,,2,,,,,2,,2,2,,,,,,,,,,,,,,,,,,,,,,,,,,,
1,,1,,1,,,,,1,,1,,1,,,,,,,,,,,,,,,,,,,,,,,,,,,
5,,5,,,5,,,,,5,5,,5,,,,,,,,,,,,,,,,,,,,,,,,,,,
13,,13,,,13,,,,,13,13,,13,,,,,,,,,,,,,,,,,,,,,,,,,,,
11,,,11,,11,,,,,11,,11,11,,,,,,,,,,,,,,,,,,,,,,,,,,,
17,,17,,17,,,,,17,,17,,,17,,,,,,,,,,,,,,,,,,,,,,,,,,
,18,,18,,18,,,,,18,,18,,18,,,,,,,,,,,,,,,,,,,,,,,,,,
19,,,19,,19,,,,,19,,19,,19,,,,,,,,,,,,,,,,,,,,,,,,,,
,20,20,,,20,,,,,20,20,,,20,,,,,,,,,,,,,,,,,,,,,,,,,,
31,,,31,31,,,,,31,,,31,,31,,,,,,,,,,,,,,,,,,,,,,,,,,
,24,24,,24,,,,,24,,24,,,24,,,,,,,,,,,,,,,,,,,,,,,,,,
,16,16,,16,,,,,16,,16,,16,,,,,,,,,,,,,,,,,,,,,,,,,,,
17,,17,,17,,,,,17,,17,,,17,,,,,,,,,,,,,,,,,,,,,,,,,,
19,,,19,,19,,,,,19,,19,,19,,,,,,,,,,,,,,,,,,,,,,,,,,
,20,20,,,20,,,,,20,20,,,20,,,,,,,,,,,,,,,,,,,,,,,,,,
21,,21,,,21,,,,,21,21,,,21,,,,,,,,,,,,,,,,,,,,,,,,,,
31,,,31,31,,,,,31,,,31,,31,,,,,,,,,,,,,,,,,,,,,,,,,,
,32,32,,32,,,,,32,,,,,32,,,,,,,,,,,,,,,,,,,,,,,,,,
17,,17,,17,,,,,17,,17,,,17,,,,,,,,,,,,,,,,,,,,,,,,,,
13,,13,,,13,,,,,13,13,,13,,,,,,,,,,,,,,,,,,,,,,,,,,,
,18,,18,,18,,,,,18,,18,,18,,,,,,,,,,,,,,,,,,,,,,,,,,
21,,21,,,21,,,,,21,21,,,21,,,,,,,,,,,,,,,,,,,,,,,,,,
19,,,19,,19,,,,,19,,19,,19,,,,,,,,,,,,,,,,,,,,,,,,,,
21,,21,,,21,,,,,21,21,,,21,,,,,,,,,,,,,,,,,,,,,,,,,,
,4,4,,,4,,,,,4,4,,4,,,,,,,,,,,,,,,,,,,,,,,,,,,
,4,4,,,4,,,,,4,4,,4,,,,,,,,,,,,,,,,,,,,,,,,,,,
,4,4,,,4,,,,,4,4,,4,,,,,,,,,,,,,,,,,,,,,,,,,,,
7,,,7,7,,,,,7,,,7,7,,,,,,,,,,,,,,,,,,,,,,,,,,,
,8,8,,8,,,,,8,,8,,8,,,,,,,,,,,,,,,,,,,,,,,,,,,
9,,9,,9,,,,,9,,9,,9,,,,,,,,,,,,,,,,,,,,,,,,,,,
13,,13,,,13,,,,,13,13,,13,,,,,,,,,,,,,,,,,,,,,,,,,,,
,16,16,,16,,,,,16,,16,,16,,,,,,,,,,,,,,,,,,,,,,,,,,,
15,,,15,15,,,,,15,,,15,15,,,,,,,,,,,,,,,,,,,,,,,,,,,
17,,17,,17,,,,,17,,17,,,17,,,,,,,,,,,,,,,,,,,,,,,,,,
,12,12,,,12,,,,,12,12,,12,,,,,,,,,,,,,,,,,,,,,,,,,,,
13,,13,,,13,,,,,13,13,,13,,,,,,,,,,,,,,,,,,,,,,,,,,,
,18,,18,,18,,,,,18,,18,,18,,,,,,,,,,,,,,,,,,,,,,,,,,
21,,21,,,21,,,,,21,21,,,21,,,,,,,,,,,,,,,,,,,,,,,,,,
31,,,31,31,,,,,31,,,31,,31,,,,,,,,,,,,,,,,,,,,,,,,,,
,4,4,,,4,,,,,4,4,,4,,,,,,,,,,,,,,,,,,,,,,,,,,,
5,,5,,,5,,,,,5,5,,5,,,,,,,,,,,,,,,,,,,,,,,,,,,
,6,,6,6,,,,,6,,,6,6,,,,,,,,,,,,,,,,,,,,,,,,,,,
23,,,23,23,,,,,23,,,23,,23,,,,,,,,,,,,,,,,,,,,,,,,,,
,32,32,,32,,,,,32,,,,,32,,,,,,,,,,,,,,,,,,,,,,,,,,
,16,16,,16,,,,,16,,16,,16,,,,,,,,,,,,,,,,,,,,,,,,,,,
13,,13,,,13,,,,,13,13,,13,,,,,,,,,,,,,,,,,,,,,,,,,,,
,14,,14,14,,,,,14,,,14,14,,,,,,,,,,,,,,,,,,,,,,,,,,,
17,,17,,17,,,,,17,,17,,,17,,,,,,,,,,,,,,,,,,,,,,,,,,
,18,,18,,18,,,,,18,,18,,18,,,,,,,,,,,,,,,,,,,,,,,,,,
,6,,6,6,,,,,6,,,6,6,,,,,,,,,,,,,,,,,,,,,,,,,,,
21,,21,,,21,,,,,21,21,,,21,,,,,,,,,,,,,,,,,,,,,,,,,,
13,,13,,,13,,,,,13,13,,13,,,,,,,,,,,,,,,,,,,,,,,,,,,
15,,,15,15,,,,,15,,,15,15,,,,,,,,,,,,,,,,,,,,,,,,,,,
17,,17,,17,,,,,17,,17,,,17,,,,,,,,,,,,,,,,,,,,,,,,,,
,18,,18,,18,,,,,18,,18,,18,,,,,,,,,,,,,,,,,,,,,,,,,,
,16,16,,16,,,,,16,,16,,16,,,,,,,,,,,,,,,,,,,,,,,,,,,
21,,21,,,21,,,,,21,21,,,21,,,,,,,,,,,,,,,,,,,,,,,,,,
,32,32,,32,,,,,32,,,,,32,,,,,,,,,,,,,,,,,,,,,,,,,,
,14,,14,14,,,,,14,,,14,14,,,,,,,,,,,,,,,,,,,,,,,,,,,
,16,16,,16,,,,,16,,16,,16,,,,,,,,,,,,,,,,,,,,,,,,,,,
17,,17,,17,,,,,17,,17,,,17,,,,,,,,,,,,,,,,,,,,,,,,,,
,18,,18,,18,,,,,18,,18,,18,,,,,,,,,,,,,,,,,,,,,,,,,,
23,,,23,23,,,,,23,,,23,,23,,,,,,,,,,,,,,,,,,,,,,,,,,
17,,17,,17,,,,,17,,17,,,17,,,,,,,,,,,,,,,,,,,,,,,,,,
,32,32,,32,,,,,32,,,,,32,,,,,,,,,,,,,,,,,,,,,,,,,,
15,,,15,15,,,,,15,,,15,15,,,,,,,,,,,,,,,,,,,,,,,,,,,
,14,,14,14,,,,,14,,,14,14,,,,,,,,,,,,,,,,,,,,,,,,,,,
17,,17,,17,,,,,17,,17,,,17,,,,,,,,,,,,,,,,,,,,,,,,,,
19,,,19,,19,,,,,19,,19,,19,,,,,,,,,,,,,,,,,,,,,,,,,,
21,,21,,,21,,,,,21,21,,,21,,,,,,,,,,,,,,,,,,,,,,,,,,
,8,8,,8,,,,,8,,8,,8,,,,,,,,,,,,,,,,,,,,,,,,,,,
,4,4,,,4,,,,,4,4,,4,,,,,,,,,,,,,,,,,,,,,,,,,,,
,2,,2,,2,,,,,2,,2,2,,,,,,,,,,,,,,,,,,,,,,,,,,,
9,,9,,9,,,,,9,,9,,9,,,,,,,,,,,,,,,,,,,,,,,,,,,
11,,,11,,11,,,,,11,,11,11,,,,,,,,,,,,,,,,,,,,,,,,,,,
,16,16,,16,,,,,16,,16,,16,,,,,,,,,,,,,,,,,,,,,,,,,,,
13,,13,,,13,,,,,13,13,,13,,,,,,,,,,,,,,,,,,,,,,,,,,,
1,,1,,1,,,,,1,,1,,1,,,,,,,,,,,,,,,,,,,,,,,,,,,
,16,16,,16,,,,,16,,16,,16,,,,,,,,,,,,,,,,,,,,,,,,,,,
21,,21,,,21,,,,,21,21,,,21,,,,,,,,,,,,,,,,,,,,,,,,,,
13,,13,,,13,,,,,13,13,,13,,,,,,,,,,,,,,,,,,,,,,,,,,,
17,,17,,17,,,,,17,,17,,,17,,,,,,,,,,,,,,,,,,,,,,,,,,
,24,24,,24,,,,,24,,24,,,24,,,,,,,,,,,,,,,,,,,,,,,,,,
15,,,15,15,,,,,15,,,15,15,,,,,,,,,,,,,,,,,,,,,,,,,,,
25,,25,,25,,,,,25,,25,,,25,,,,,,,,,,,,,,,,,,,,,,,,,,
31,,,31,31,,,,,31,,,31,,31,,,,,,,,,,,,,,,,,,,,,,,,,,
,26,,26,,26,,,,,26,,26,,26,,,,,,,,,,,,,,,,,,,,,,,,,,
27,,,27,,27,,,,,27,,27,,27,,,,,,,,,,,,,,,,,,,,,,,,,,
,28,28,,,28,,,,,28,28,,,28,,,,,,,,,,,,,,,,,,,,,,,,,,
,14,,14,14,,,,,14,,,14,14,,,,,,,,,,,,,,,,,,,,,,,,,,,
,12,12,,,12,,,,,12,12,,12,,,,,,,,,,,,,,,,,,,,,,,,,,,
,16,16,,16,,,,,16,,16,,16,,,,,,,,,,,,,,,,,,,,,,,,,,,
17,,17,,17,,,,,17,,17,,,17,,,,,,,,,,,,,,,,,,,,,,,,,,
19,,,19,,19,,,,,19,,19,,19,,,,,,,,,,,,,,,,,,,,,,,,,,
31,,,31,31,,,,,31,,,31,,31,,,,,,,,,,,,,,,,,,,,,,,,,,
,32,32,,32,,,,,32,,,,,32,,,,,,,,,,,,,,,,,,,,,,,,,,
,16,16,,16,,,,,16,,16,,16,,,,,,,,,,,,,,,,,,,,,,,,,,,
,18,,18,,18,,,,,18,,18,,18,,,,,,,,,,,,,,,,,,,,,,,,,,
19,,,19,,19,,,,,19,,19,,19,,,,,,,,,,,,,,,,,,,,,,,,,,
11,,,11,,11,,,,,11,,11,11,,,,,,,,,,,,,,,,,,,,,,,,,,,
15,,,15,15,,,,,15,,,15,15,,,,,,,,,,,,,,,,,,,,,,,,,,,
,26,,26,,26,,,,,26,,26,,26,,,,,,,,,,,,,,,,,,,,,,,,,,
31,,,31,31,,,,,31,,,31,,31,,,,,,,,,,,,,,,,,,,,,,,,,,
5,,5,,,5,,,,,5,5,,5,,,,,,,,,,,,,,,,,,,,,,,,,,,
3,,,3,,3,,,,,3,,3,3,,,,,,,,,,,,,,,,,,,,,,,,,,,
,6,,6,6,,,,,6,,,6,6,,,,,,,,,,,,,,,,,,,,,,,,,,,
7,,,7,7,,,,,7,,,7,7,,,,,,,,,,,,,,,,,,,,,,,,,,,
,2,,2,,2,,,,,2,,2,2,,,,,,,,,,,,,,,,,,,,,,,,,,,
11,,,11,,11,,,,,11,,11,11,,,,,,,,,,,,,,,,,,,,,,,,,,,
13,,13,,,13,,,,,13,13,,13,,,,,,,,,,,,,,,,,,,,,,,,,,,
19,,,19,,19,,,,,19,,19,,19,,,,,,,,,,,,,,,,,,,,,,,,,,
,18,,18,,18,,,,,18,,18,,18,,,,,,,,,,,,,,,,,,,,,,,,,,
,24,24,,24,,,,,24,,24,,,24,,,,,,,,,,,,,,,,,,,,,,,,,,
25,,25,,25,,,,,25,,25,,,25,,,,,,,,,,,,,,,,,,,,,,,,,,
,16,16,,16,,,,,16,,16,,16,,,,,,,,,,,,,,,,,,,,,,,,,,,
17,,17,,17,,,,,17,,17,,,17,,,,,,,,,,,,,,,,,,,,,,,,,,
,32,32,,32,,,,,32,,,,,32,,,,,,,,,,,,,,,,,,,,,,,,,,
19,,,19,,19,,,,,19,,19,,19,,,,,,,,,,,,,,,,,,,,,,,,,,
21,,21,,,21,,,,,21,21,,,21,,,,,,,,,,,,,,,,,,,,,,,,,,
,33,33,,33,,,,,33,,33,,,33,,,,,,,,,,,,,,,,,,,,,,,,,,
,24,24,,24,,,,,24,,24,,,24,,,,,,,,,,,,,,,,,,,,,,,,,,
,16,16,,16,,,,,16,,16,,16,,,,,,,,,,,,,,,,,,,,,,,,,,,
19,,,19,,19,,,,,19,,19,,19,,,,,,,,,,,,,,,,,,,,,,,,,,
13,,13,,,13,,,,,13,13,,13,,,,,,,,,,,,,,,,,,,,,,,,,,,
,24,24,,24,,,,,24,,24,,,24,,,,,,,,,,,,,,,,,,,,,,,,,,
,12,12,,,12,,,,,12,12,,12,,,,,,,,,,,,,,,,,,,,,,,,,,,
17,,17,,17,,,,,17,,17,,,17,,,,,,,,,,,,,,,,,,,,,,,,,,
,24,24,,24,,,,,24,,24,,,24,,,,,,,,,,,,,,,,,,,,,,,,,,
31,,,31,31,,,,,31,,,31,,31,,,,,,,,,,,,,,,,,,,,,,,,,,
,4,4,,,4,,,,,4,4,,4,,,,,,,,,,,,,,,,,,,,,,,,,,,
21,,21,,,21,,,,,21,21,,,21,,,,,,,,,,,,,,,,,,,,,,,,,,
13,,13,,,13,,,,,13,13,,13,,,,,,,,,,,,,,,,,,,,,,,,,,,
17,,17,,17,,,,,17,,17,,,17,,,,,,,,,,,,,,,,,,,,,,,,,,
7,,,7,7,,,,,7,,,7,7,,,,,,,,,,,,,,,,,,,,,,,,,,,
,8,8,,8,,,,,8,,8,,8,,,,,,,,,,,,,,,,,,,,,,,,,,,
9,,9,,9,,,,,9,,9,,9,,,,,,,,,,,,,,,,,,,,,,,,,,,
,14,,14,14,,,,,14,,,14,14,,,,,,,,,,,,,,,,,,,,,,,,,,,
13,,13,,,13,,,,,13,13,,13,,,,,,,,,,,,,,,,,,,,,,,,,,,
17,,17,,17,,,,,17,,17,,,17,,,,,,,,,,,,,,,,,,,,,,,,,,
,18,,18,,18,,,,,18,,18,,18,,,,,,,,,,,,,,,,,,,,,,,,,,
19,,,19,,19,,,,,19,,19,,19,,,,,,,,,,,,,,,,,,,,,,,,,,
,20,20,,,20,,,,,20,20,,,20,,,,,,,,,,,,,,,,,,,,,,,,,,
23,,,23,23,,,,,23,,,23,,23,,,,,,,,,,,,,,,,,,,,,,,,,,
,24,24,,24,,,,,24,,24,,,24,,,,,,,,,,,,,,,,,,,,,,,,,,
,16,16,,16,,,,,16,,16,,16,,,,,,,,,,,,,,,,,,,,,,,,,,,
15,,,15,15,,,,,15,,,15,15,,,,,,,,,,,,,,,,,,,,,,,,,,,
,2,,2,,2,,,,,2,,2,2,,,,,,,,,,,,,,,,,,,,,,,,,,,
,6,,6,6,,,,,6,,,6,6,,,,,,,,,,,,,,,,,,,,,,,,,,,
9,,9,,9,,,,,9,,9,,9,,,,,,,,,,,,,,,,,,,,,,,,,,,
11,,,11,,11,,,,,11,,11,11,,,,,,,,,,,,,,,,,,,,,,,,,,,
7,,,7,7,,,,,7,,,7,7,,,,,,,,,,,,,,,,,,,,,,,,,,,
,14,,14,14,,,,,14,,,14,14,,,,,,,,,,,,,,,,,,,,,,,,,,,
19,,,19,,19,,,,,19,,19,,19,,,,,,,,,,,,,,,,,,,,,,,,,,
,18,,18,,18,,,,,18,,18,,18,,,,,,,,,,,,,,,,,,,,,,,,,,
23,,,23,23,,,,,23,,,23,,23,,,,,,,,,,,,,,,,,,,,,,,,,,
,32,32,,32,,,,,32,,,,,32,,,,,,,,,,,,,,,,,,,,,,,,,,
,4,4,,,4,,,,,4,4,,4,,,,,,,,,,,,,,,,,,,,,,,,,,,
,18,,18,,18,,,,,18,,18,,18,,,,,,,,,,,,,,,,,,,,,,,,,,
11,,,11,,11,,,,,11,,11,11,,,,,,,,,,,,,,,,,,,,,,,,,,,
,16,16,,16,,,,,16,,16,,16,,,,,,,,,,,,,,,,,,,,,,,,,,,
13,,13,,,13,,,,,13,13,,13,,,,,,,,,,,,,,,,,,,,,,,,,,,
,8,8,,8,,,,,8,,8,,8,,,,,,,,,,,,,,,,,,,,,,,,,,,
11,,,11,,11,,,,,11,,11,11,,,,,,,,,,,,,,,,,,,,,,,,,,,
23,,,23,23,,,,,23,,,23,,23,,,,,,,,,,,,,,,,,,,,,,,,,,
,4,4,,,4,,,,,4,4,,4,,,,,,,,,,,,,,,,,,,,,,,,,,,
7,,,7,7,,,,,7,,,7,7,,,,,,,,,,,,,,,,,,,,,,,,,,,
,16,16,,16,,,,,16,,16,,16,,,,,,,,,,,,,,,,,,,,,,,,,,,
,12,12,,,12,,,,,12,12,,12,,,,,,,,,,,,,,,,,,,,,,,,,,,
15,,,15,15,,,,,15,,,15,15,,,,,,,,,,,,,,,,,,,,,,,,,,,
23,,,23,23,,,,,23,,,23,,23,,,,,,,,,,,,,,,,,,,,,,,,,,
,4,4,,,4,,,,,4,4,,4,,,,,,,,,,,,,,,,,,,,,,,,,,,
,4,4,,,4,,,,,4,4,,4,,,,,,,,,,,,,,,,,,,,,,,,,,,
3,,,3,,3,,,,,3,,3,3,,,,,,,,,,,,,,,,,,,,,,,,,,,
1,,1,,1,,,,,1,,1,,1,,,,,,,,,,,,,,,,,,,,,,,,,,,
21,,21,,,21,,,,,21,21,,,21,,,,,,,,,,,,,,,,,,,,,,,,,,
,33,33,,33,,,,,33,,33,,,33,,,,,,,,,,,,,,,,,,,,,,,,,,
,22,,22,22,,,,,22,,,22,,22,,,,,,,,,,,,,,,,,,,,,,,,,,
,18,,18,,18,,,,,18,,18,,18,,,,,,,,,,,,,,,,,,,,,,,,,,
19,,,19,,19,,,,,19,,19,,19,,,,,,,,,,,,,,,,,,,,,,,,,,
21,,21,,,21,,,,,21,21,,,21,,,,,,,,,,,,,,,,,,,,,,,,,,
17,,17,,17,,,,,17,,17,,,17,,,,,,,,,,,,,,,,,,,,,,,,,,
,24,24,,24,,,,,24,,24,,,24,,,,,,,,,,,,,,,,,,,,,,,,,,
19,,,19,,19,,,,,19,,19,,19,,,,,,,,,,,,,,,,,,,,,,,,,,
31,,,31,31,,,,,31,,,31,,31,,,,,,,,,,,,,,,,,,,,,,,,,,
,30,,30,30,,,,,30,,,30,,30,,,,,,,,,,,,,,,,,,,,,,,,,,
27,,,27,,27,,,,,27,,27,,27,,,,,,,,,,,,,,,,,,,,,,,,,,
19,,,19,,19,,,,,19,,19,,19,,,,,,,,,,,,,,,,,,,,,,,,,,
,12,12,,,12,,,,,12,12,,12,,,,,,,,,,,,,,,,,,,,,,,,,,,
,14,,14,14,,,,,14,,,14,14,,,,,,,,,,,,,,,,,,,,,,,,,,,
9,,9,,9,,,,,9,,9,,9,,,,,,,,,,,,,,,,,,,,,,,,,,,
11,,,11,,11,,,,,11,,11,11,,,,,,,,,,,,,,,,,,,,,,,,,,,
,14,,14,14,,,,,14,,,14,14,,,,,,,,,,,,,,,,,,,,,,,,,,,
23,,,23,23,,,,,23,,,23,,23,,,,,,,,,,,,,,,,,,,,,,,,,,
19,,,19,,19,,,,,19,,19,,19,,,,,,,,,,,,,,,,,,,,,,,,,,
,24,24,,24,,,,,24,,24,,,24,,,,,,,,,,,,,,,,,,,,,,,,,,
31,,,31,31,,,,,31,,,31,,31,,,,,,,,,,,,,,,,,,,,,,,,,,
25,,25,,25,,,,,25,,25,,,25,,,,,,,,,,,,,,,,,,,,,,,,,,
,18,,18,,18,,,,,18,,18,,18,,,,,,,,,,,,,,,,,,,,,,,,,,
,32,32,,32,,,,,32,,32,,,32,,,,,,,,,,,,,,,,,,,,,,,,,,
9,,9,,9,,,,,9,,9,,9,,,,,,,,,,,,,,,,,,,,,,,,,,,
3,,,3,,3,,,,,3,,3,3,,,,,,,,,,,,,,,,,,,,,,,,,,,
,2,,2,,2,,,,,2,,2,2,,,,,,,,,,,,,,,,,,,,,,,,,,,
9,,9,,9,,,,,9,,9,,9,,,,,,,,,,,,,,,,,,,,,,,,,,,
1,,1,,1,,,,,1,,1,,1,,,,,,,,,,,,,,,,,,,,,,,,,,,
17,,17,,17,,,,,17,,17,,,17,,,,,,,,,,,,,,,,,,,,,,,,,,
15,,,15,15,,,,,15,,,15,15,,,,,,,,,,,,,,,,,,,,,,,,,,,
,12,12,,,12,,,,,12,12,,12,,,,,,,,,,,,,,,,,,,,,,,,,,,
,14,,14,14,,,,,14,,,14,14,,,,,,,,,,,,,,,,,,,,,,,,,,,
21,,21,,,21,,,,,21,21,,,21,,,,,,,,,,,,,,,,,,,,,,,,,,
31,,,31,31,,,,,31,,,31,,31,,,,,,,,,,,,,,,,,,,,,,,,,,
,22,,22,22,,,,,22,,,22,,22,,,,,,,,,,,,,,,,,,,,,,,,,,
31,,,31,31,,,,,31,,,31,,31,,,,,,,,,,,,,,,,,,,,,,,,,,
,16,16,,16,,,,,16,,16,,16,,,,,,,,,,,,,,,,,,,,,,,,,,,
19,,,19,,19,,,,,19,,19,,19,,,,,,,,,,,,,,,,,,,,,,,,,,
31,,,31,31,,,,,31,,,31,,31,,,,,,,,,,,,,,,,,,,,,,,,,,
,14,,14,14,,,,,14,,,14,14,,,,,,,,,,,,,,,,,,,,,,,,,,,
,18,,18,,18,,,,,18,,18,,18,,,,,,,,,,,,,,,,,,,,,,,,,,
,16,16,,16,,,,,16,,16,,16,,,,,,,,,,,,,,,,,,,,,,,,,,,
21,,21,,,21,,,,,21,21,,,21,,,,,,,,,,,,,,,,,,,,,,,,,,
,16,16,,16,,,,,16,,16,,16,,,,,,,,,,,,,,,,,,,,,,,,,,,
,14,,14,14,,,,,14,,,14,14,,,,,,,,,,,,,,,,,,,,,,,,,,,
21,,21,,,21,,,,,21,21,,,21,,,,,,,,,,,,,,,,,,,,,,,,,,
,32,32,,32,,,,,32,,32,,,32,,,,,,,,,,,,,,,,,,,,,,,,,,
17,,17,,17,,,,,17,,17,,,17,,,,,,,,,,,,,,,,,,,,,,,,,,
19,,,19,,19,,,,,19,,19,,19,,,,,,,,,,,,,,,,,,,,,,,,,,
21,,21,,,21,,,,,21,21,,,21,,,,,,,,,,,,,,,,,,,,,,,,,,
31,,,31,31,,,,,31,,,31,,31,,,,,,,,,,,,,,,,,,,,,,,,,,
,20,20,,,20,,,,,20,20,,,20,,,,,,,,,,,,,,,,,,,,,,,,,,
,22,,22,22,,,,,22,,,22,,22,,,,,,,,,,,,,,,,,,,,,,,,,,
,30,,30,30,,,,,30,,,30,,30,,,,,,,,,,,,,,,,,,,,,,,,,,
,12,12,,,12,,,,,12,12,,12,,,,,,,,,,,,,,,,,,,,,,,,,,,
11,,,11,,11,,,,,11,,11,11,,,,,,,,,,,,,,,,,,,,,,,,,,,
21,,21,,,21,,,,,21,21,,,21,,,,,,,,,,,,,,,,,,,,,,,,,,
,18,,18,,18,,,,,18,,18,,18,,,,,,,,,,,,,,,,,,,,,,,,,,
19,,,19,,19,,,,,19,,19,,19,,,,,,,,,,,,,,,,,,,,,,,,,,
,16,16,,16,,,,,16,,16,,16,,,,,,,,,,,,,,,,,,,,,,,,,,,
31,,,31,31,,,,,31,,,31,,31,,,,,,,,,,,,,,,,,,,,,,,,,,
23,,,23,23,,,,,23,,,23,,23,,,,,,,,,,,,,,,,,,,,,,,,,,
,4,4,,,4,,,,,4,4,,4,,,,,,,,,,,,,,,,,,,,,,,,,,,
7,,,7,7,,,,,7,,,7,7,,,,,,,,,,,,,,,,,,,,,,,,,,,
,8,8,,8,,,,,8,,8,,8,,,,,,,,,,,,,,,,,,,,,,,,,,,
15,,,15,15,,,,,15,,,15,15,,,,,,,,,,,,,,,,,,,,,,,,,,,
13,,13,,,13,,,,,13,13,,13,,,,,,,,,,,,,,,,,,,,,,,,,,,
,16,16,,16,,,,,16,,16,,16,,,,,,,,,,,,,,,,,,,,,,,,,,,
,4,4,,,4,,,,,4,4,,4,,,,,,,,,,,,,,,,,,,,,,,,,,,
15,,,15,15,,,,,15,,,15,15,,,,,,,,,,,,,,,,,,,,,,,,,,,
21,,21,,,21,,,,,21,21,,,21,,,,,,,,,,,,,,,,,,,,,,,,,,
,18,,18,,18,,,,,18,,18,,18,,,,,,,,,,,,,,,,,,,,,,,,,,
3,,,3,,3,,,,,3,,3,3,,,,,,,,,,,,,,,,,,,,,,,,,,,
,6,,6,6,,,,,6,,,6,6,,,,,,,,,,,,,,,,,,,,,,,,,,,
7,,,7,7,,,,,7,,,7,7,,,,,,,,,,,,,,,,,,,,,,,,,,,
,2,,2,,2,,,,,2,,2,2,,,,,,,,,,,,,,,,,,,,,,,,,,,
9,,9,,9,,,,,9,,9,,9,,,,,,,,,,,,,,,,,,,,,,,,,,,
21,,21,,,21,,,,,21,21,,,21,,,,,,,,,,,,,,,,,,,,,,,,,,
,18,,18,,18,,,,,18,,18,,18,,,,,,,,,,,,,,,,,,,,,,,,,,
21,,21,,,21,,,,,21,21,,,21,,,,,,,,,,,,,,,,,,,,,,,,,,
27,,,27,,27,,,,,27,,27,,27,,,,,,,,,,,,,,,,,,,,,,,,,,
29,,29,,,29,,,,,29,29,,,29,,,,,,,,,,,,,,,,,,,,,,,,,,
31,,,31,31,,,,,31,,,31,,31,,,,,,,,,,,,,,,,,,,,,,,,,,
,4,4,,,4,,,,,4,4,,4,,,,,,,,,,,,,,,,,,,,,,,,,,,
,8,8,,8,,,,,8,,8,,8,,,,,,,,,,,,,,,,,,,,,,,,,,,
9,,9,,9,,,,,9,,9,,9,,,,,,,,,,,,,,,,,,,,,,,,,,,
13,,13,,,13,,,,,13,13,,13,,,,,,,,,,,,,,,,,,,,,,,,,,,
15,,,15,15,,,,,15,,,15,15,,,,,,,,,,,,,,,,,,,,,,,,,,,
,24,24,,24,,,,,24,,24,,,24,,,,,,,,,,,,,,,,,,,,,,,,,,
,18,,18,,18,,,,,18,,18,,18,,,,,,,,,,,,,,,,,,,,,,,,,,
19,,,19,,19,,,,,19,,19,,19,,,,,,,,,,,,,,,,,,,,,,,,,,
,20,20,,,20,,,,,20,20,,,20,,,,,,,,,,,,,,,,,,,,,,,,,,
,22,,22,22,,,,,22,,,22,,22,,,,,,,,,,,,,,,,,,,,,,,,,,
,18,,18,,18,,,,,18,,18,,18,,,,,,,,,,,,,,,,,,,,,,,,,,
31,,,31,31,,,,,31,,,31,,31,,,,,,,,,,,,,,,,,,,,,,,,,,
,24,24,,24,,,,,24,,24,,,24,,,,,,,,,,,,,,,,,,,,,,,,,,
,16,16,,16,,,,,16,,16,,16,,,,,,,,,,,,,,,,,,,,,,,,,,,
,18,,18,,18,,,,,18,,18,,18,,,,,,,,,,,,,,,,,,,,,,,,,,
19,,,19,,19,,,,,19,,19,,19,,,,,,,,,,,,,,,,,,,,,,,,,,
19,,,19,,19,,,,,19,,19,,19,,,,,,,,,,,,,,,,,,,,,,,,,,
21,,21,,,21,,,,,21,21,,,21,,,,,,,,,,,,,,,,,,,,,,,,,,
,22,,22,22,,,,,22,,,22,,22,,,,,,,,,,,,,,,,,,,,,,,,,,
19,,,19,,19,,,,,19,,19,,19,,,,,,,,,,,,,,,,,,,,,,,,,,
21,,21,,,21,,,,,21,21,,,21,,,,,,,,,,,,,,,,,,,,,,,,,,
,26,,26,,26,,,,,26,,26,,26,,,,,,,,,,,,,,,,,,,,,,,,,,
,30,,30,30,,,,,30,,,30,,30,,,,,,,,,,,,,,,,,,,,,,,,,,
23,,,23,23,,,,,23,,,23,,23,,,,,,,,,,,,,,,,,,,,,,,,,,
25,,25,,25,,,,,25,,25,,,25,,,,,,,,,,,,,,,,,,,,,,,,,,
27,,,27,,27,,,,,27,,27,,27,,,,,,,,,,,,,,,,,,,,,,,,,,
,16,16,,16,,,,,16,,16,,16,,,,,,,,,,,,,,,,,,,,,,,,,,,
19,,,19,,19,,,,,19,,19,,19,,,,,,,,,,,,,,,,,,,,,,,,,,
27,,,27,,27,,,,,27,,27,,27,,,,,,,,,,,,,,,,,,,,,,,,,,
13,,13,,,13,,,,,13,13,,13,,,,,,,,,,,,,,,,,,,,,,,,,,,
,18,,18,,18,,,,,18,,18,,18,,,,,,,,,,,,,,,,,,,,,,,,,,
,30,,30,30,,,,,30,,,30,,30,,,,,,,,,,,,,,,,,,,,,,,,,,
,33,33,,33,,,,,33,,33,,,33,,,,,,,,,,,,,,,,,,,,,,,,,,
,16,16,,16,,,,,16,,16,,16,,,,,,,,,,,,,,,,,,,,,,,,,,,
15,,,15,15,,,,,15,,,15,15,,,,,,,,,,,,,,,,,,,,,,,,,,,
17,,17,,17,,,,,17,,17,,,17,,,,,,,,,,,,,,,,,,,,,,,,,,
,14,,14,14,,,,,14,,,14,14,,,,,,,,,,,,,,,,,,,,,,,,,,,
,12,12,,,12,,,,,12,12,,12,,,,,,,,,,,,,,,,,,,,,,,,,,,
,14,,14,14,,,,,14,,,14,14,,,,,,,,,,,,,,,,,,,,,,,,,,,
,16,16,,16,,,,,16,,16,,16,,,,,,,,,,,,,,,,,,,,,,,,,,,
23,,,23,23,,,,,23,,,23,,23,,,,,,,,,,,,,,,,,,,,,,,,,,
,18,,18,,18,,,,,18,,18,,18,,,,,,,,,,,,,,,,,,,,,,,,,,
15,,,15,15,,,,,15,,,15,15,,,,,,,,,,,,,,,,,,,,,,,,,,,
13,,13,,,13,,,,,13,13,,13,,,,,,,,,,,,,,,,,,,,,,,,,,,
,24,24,,24,,,,,24,,24,,,24,,,,,,,,,,,,,,,,,,,,,,,,,,
25,,25,,25,,,,,25,,25,,,25,,,,,,,,,,,,,,,,,,,,,,,,,,
,4,4,,,4,,,,,4,4,,4,,,,,,,,,,,,,,,,,,,,,,,,,,,
7,,,7,7,,,,,7,,,7,7,,,,,,,,,,,,,,,,,,,,,,,,,,,
,16,16,,16,,,,,16,,16,,16,,,,,,,,,,,,,,,,,,,,,,,,,,,
,12,12,,,12,,,,,12,12,,12,,,,,,,,,,,,,,,,,,,,,,,,,,,
15,,,15,15,,,,,15,,,15,15,,,,,,,,,,,,,,,,,,,,,,,,,,,
23,,,23,23,,,,,23,,,23,,23,,,,,,,,,,,,,,,,,,,,,,,,,,
,16,16,,16,,,,,16,,16,,16,,,,,,,,,,,,,,,,,,,,,,,,,,,
31,,,31,31,,,,,31,,,31,,31,,,,,,,,,,,,,,,,,,,,,,,,,,
,18,,18,,18,,,,,18,,18,,18,,,,,,,,,,,,,,,,,,,,,,,,,,
15,,,15,15,,,,,15,,,15,15,,,,,,,,,,,,,,,,,,,,,,,,,,,
15,,,15,15,,,,,15,,,15,15,,,,,,,,,,,,,,,,,,,,,,,,,,,
,16,16,,16,,,,,16,,16,,16,,,,,,,,,,,,,,,,,,,,,,,,,,,
,4,4,,,4,,,,,4,4,,4,,,,,,,,,,,,,,,,,,,,,,,,,,,
19,,,19,,19,,,,,19,,19,,19,,,,,,,,,,,,,,,,,,,,,,,,,,
13,,13,,,13,,,,,13,13,,13,,,,,,,,,,,,,,,,,,,,,,,,,,,
,24,24,,24,,,,,24,,24,,,24,,,,,,,,,,,,,,,,,,,,,,,,,,
31,,,31,31,,,,,31,,,31,,31,,,,,,,,,,,,,,,,,,,,,,,,,,
19,,,19,,19,,,,,19,,19,,19,,,,,,,,,,,,,,,,,,,,,,,,,,
21,,21,,,21,,,,,21,21,,,21,,,,,,,,,,,,,,,,,,,,,,,,,,
,24,24,,24,,,,,24,,24,,,24,,,,,,,,,,,,,,,,,,,,,,,,,,
,6,,6,6,,,,,6,,,6,6,,,,,,,,,,,,,,,,,,,,,,,,,,,
5,,5,,,5,,,,,5,5,,5,,,,,,,,,,,,,,,,,,,,,,,,,,,
15,,,15,15,,,,,15,,,15,15,,,,,,,,,,,,,,,,,,,,,,,,,,,
23,,,23,23,,,,,23,,,23,,23,,,,,,,,,,,,,,,,,,,,,,,,,,
15,,,15,15,,,,,15,,,15,15,,,,,,,,,,,,,,,,,,,,,,,,,,,
17,,17,,17,,,,,17,,17,,,17,,,,,,,,,,,,,,,,,,,,,,,,,,
,24,24,,24,,,,,24,,24,,,24,,,,,,,,,,,,,,,,,,,,,,,,,,
17,,17,,17,,,,,17,,17,,,17,,,,,,,,,,,,,,,,,,,,,,,,,,
19,,,19,,19,,,,,19,,19,,19,,,,,,,,,,,,,,,,,,,,,,,,,,
,24,24,,24,,,,,24,,24,,,24,,,,,,,,,,,,,,,,,,,,,,,,,,
,,,,,,,,,,,,,,,,,,,,,,,,,,,,,,,,,,,,,,,,
3,,,3,,3,,,,,3,,3,3,,,,,,,,,,,,,,,,,,,,,,,,,,,
,4,4,,,4,,,,,4,4,,4,,,,,,,,,,,,,,,,,,,,,,,,,,,
11,,,11,,11,,,,,11,,11,11,,,,,,,,,,,,,,,,,,,,,,,,,,,
15,,,15,15,,,,,15,,,15,15,,,,,,,,,,,,,,,,,,,,,,,,,,,
11,,,11,,11,,,,,11,,11,11,,,,,,,,,,,,,,,,,,,,,,,,,,,
17,,17,,17,,,,,17,,17,,,17,,,,,,,,,,,,,,,,,,,,,,,,,,
,16,16,,16,,,,,16,,16,,16,,,,,,,,,,,,,,,,,,,,,,,,,,,
,18,,18,,18,,,,,18,,18,,18,,,,,,,,,,,,,,,,,,,,,,,,,,
21,,21,,,21,,,,,21,21,,,21,,,,,,,,,,,,,,,,,,,,,,,,,,
,18,,18,,18,,,,,18,,18,,18,,,,,,,,,,,,,,,,,,,,,,,,,,
,24,24,,24,,,,,24,,24,,,24,,,,,,,,,,,,,,,,,,,,,,,,,,
,18,,18,,18,,,,,18,,18,,18,,,,,,,,,,,,,,,,,,,,,,,,,,
13,,13,,,13,,,,,13,13,,13,,,,,,,,,,,,,,,,,,,,,,,,,,,
19,,,19,,19,,,,,19,,19,,19,,,,,,,,,,,,,,,,,,,,,,,,,,
,24,24,,24,,,,,24,,24,,,24,,,,,,,,,,,,,,,,,,,,,,,,,,
,16,16,,16,,,,,16,,16,,16,,,,,,,,,,,,,,,,,,,,,,,,,,,
,24,24,,24,,,,,24,,24,,,24,,,,,,,,,,,,,,,,,,,,,,,,,,
13,,13,,,13,,,,,13,13,,13,,,,,,,,,,,,,,,,,,,,,,,,,,,
,4,4,,,4,,,,,4,4,,4,,,,,,,,,,,,,,,,,,,,,,,,,,,
,16,16,,16,,,,,16,,16,,16,,,,,,,,,,,,,,,,,,,,,,,,,,,
7,,,7,7,,,,,7,,,7,7,,,,,,,,,,,,,,,,,,,,,,,,,,,
5,,5,,,5,,,,,5,5,,5,,,,,,,,,,,,,,,,,,,,,,,,,,,
9,,9,,9,,,,,9,,9,,9,,,,,,,,,,,,,,,,,,,,,,,,,,,
11,,,11,,11,,,,,11,,11,11,,,,,,,,,,,,,,,,,,,,,,,,,,,
,8,8,,8,,,,,8,,8,,8,,,,,,,,,,,,,,,,,,,,,,,,,,,
11,,,11,,11,,,,,11,,11,11,,,,,,,,,,,,,,,,,,,,,,,,,,,
,2,,2,,2,,,,,2,,2,2,,,,,,,,,,,,,,,,,,,,,,,,,,,
,4,4,,,4,,,,,4,4,,4,,,,,,,,,,,,,,,,,,,,,,,,,,,
,8,8,,8,,,,,8,,8,,8,,,,,,,,,,,,,,,,,,,,,,,,,,,
11,,,11,,11,,,,,11,,11,11,,,,,,,,,,,,,,,,,,,,,,,,,,,
21,,21,,,21,,,,,21,21,,,21,,,,,,,,,,,,,,,,,,,,,,,,,,
,24,24,,24,,,,,24,,24,,,24,,,,,,,,,,,,,,,,,,,,,,,,,,
,4,4,,,4,,,,,4,4,,4,,,,,,,,,,,,,,,,,,,,,,,,,,,
11,,,11,,11,,,,,11,,11,11,,,,,,,,,,,,,,,,,,,,,,,,,,,
15,,,15,15,,,,,15,,,15,15,,,,,,,,,,,,,,,,,,,,,,,,,,,
,24,24,,24,,,,,24,,24,,,24,,,,,,,,,,,,,,,,,,,,,,,,,,
31,,,31,31,,,,,31,,,31,,31,,,,,,,,,,,,,,,,,,,,,,,,,,
,26,,26,,26,,,,,26,,26,,26,,,,,,,,,,,,,,,,,,,,,,,,,,
31,,,31,31,,,,,31,,,31,,31,,,,,,,,,,,,,,,,,,,,,,,,,,
5,,5,,,5,,,,,5,5,,5,,,,,,,,,,,,,,,,,,,,,,,,,,,
15,,,15,15,,,,,15,,,15,15,,,,,,,,,,,,,,,,,,,,,,,,,,,
11,,,11,,11,,,,,11,,11,11,,,,,,,,,,,,,,,,,,,,,,,,,,,
,8,8,,8,,,,,8,,8,,8,,,,,,,,,,,,,,,,,,,,,,,,,,,
,16,16,,16,,,,,16,,16,,16,,,,,,,,,,,,,,,,,,,,,,,,,,,
5,,5,,,5,,,,,5,5,,5,,,,,,,,,,,,,,,,,,,,,,,,,,,
13,,13,,,13,,,,,13,13,,13,,,,,,,,,,,,,,,,,,,,,,,,,,,
19,,,19,,19,,,,,19,,19,,19,,,,,,,,,,,,,,,,,,,,,,,,,,
31,,,31,31,,,,,31,,,31,,31,,,,,,,,,,,,,,,,,,,,,,,,,,
,26,,26,,26,,,,,26,,26,,26,,,,,,,,,,,,,,,,,,,,,,,,,,
13,,13,,,13,,,,,13,13,,13,,,,,,,,,,,,,,,,,,,,,,,,,,,
,24,24,,24,,,,,24,,24,,,24,,,,,,,,,,,,,,,,,,,,,,,,,,
15,,,15,15,,,,,15,,,15,15,,,,,,,,,,,,,,,,,,,,,,,,,,,
,18,,18,,18,,,,,18,,18,,18,,,,,,,,,,,,,,,,,,,,,,,,,,
21,,21,,,21,,,,,21,21,,,21,,,,,,,,,,,,,,,,,,,,,,,,,,
,16,16,,16,,,,,16,,16,,16,,,,,,,,,,,,,,,,,,,,,,,,,,,
21,,21,,,21,,,,,21,21,,,21,,,,,,,,,,,,,,,,,,,,,,,,,,
3,,,3,,3,,,,,3,,3,3,,,,,,,,,,,,,,,,,,,,,,,,,,,
5,,5,,,5,,,,,5,5,,5,,,,,,,,,,,,,,,,,,,,,,,,,,,
,6,,6,6,,,,,6,,,6,6,,,,,,,,,,,,,,,,,,,,,,,,,,,
,16,16,,16,,,,,16,,16,,16,,,,,,,,,,,,,,,,,,,,,,,,,,,
21,,21,,,21,,,,,21,21,,,21,,,,,,,,,,,,,,,,,,,,,,,,,,
,18,,18,,18,,,,,18,,18,,18,,,,,,,,,,,,,,,,,,,,,,,,,,
,24,24,,24,,,,,24,,24,,,24,,,,,,,,,,,,,,,,,,,,,,,,,,
31,,,31,31,,,,,31,,,31,,31,,,,,,,,,,,,,,,,,,,,,,,,,,
13,,13,,,13,,,,,13,13,,13,,,,,,,,,,,,,,,,,,,,,,,,,,,
21,,21,,,21,,,,,21,21,,,21,,,,,,,,,,,,,,,,,,,,,,,,,,
17,,17,,17,,,,,17,,17,,,17,,,,,,,,,,,,,,,,,,,,,,,,,,
,24,24,,24,,,,,24,,24,,,24,,,,,,,,,,,,,,,,,,,,,,,,,,
31,,,31,31,,,,,31,,,31,,31,,,,,,,,,,,,,,,,,,,,,,,,,,
,24,24,,24,,,,,24,,24,,,24,,,,,,,,,,,,,,,,,,,,,,,,,,
31,,,31,31,,,,,31,,,31,,31,,,,,,,,,,,,,,,,,,,,,,,,,,
25,,25,,25,,,,,25,,25,,,25,,,,,,,,,,,,,,,,,,,,,,,,,,
,16,16,,16,,,,,16,,16,,16,,,,,,,,,,,,,,,,,,,,,,,,,,,
,8,8,,8,,,,,8,,8,,8,,,,,,,,,,,,,,,,,,,,,,,,,,,
11,,,11,,11,,,,,11,,11,11,,,,,,,,,,,,,,,,,,,,,,,,,,,
23,,,23,23,,,,,23,,,23,,23,,,,,,,,,,,,,,,,,,,,,,,,,,
,4,4,,,4,,,,,4,4,,4,,,,,,,,,,,,,,,,,,,,,,,,,,,
7,,,7,7,,,,,7,,,7,7,,,,,,,,,,,,,,,,,,,,,,,,,,,
,16,16,,16,,,,,16,,16,,16,,,,,,,,,,,,,,,,,,,,,,,,,,,
,12,12,,,12,,,,,12,12,,12,,,,,,,,,,,,,,,,,,,,,,,,,,,
15,,,15,15,,,,,15,,,15,15,,,,,,,,,,,,,,,,,,,,,,,,,,,
23,,,23,23,,,,,23,,,23,,23,,,,,,,,,,,,,,,,,,,,,,,,,,
,4,4,,,4,,,,,4,4,,4,,,,,,,,,,,,,,,,,,,,,,,,,,,
,4,4,,,4,,,,,4,4,,4,,,,,,,,,,,,,,,,,,,,,,,,,,,
3,,,3,,3,,,,,3,,3,3,,,,,,,,,,,,,,,,,,,,,,,,,,,
1,,1,,1,,,,,1,,1,,1,,,,,,,,,,,,,,,,,,,,,,,,,,,
21,,21,,,21,,,,,21,21,,,21,,,,,,,,,,,,,,,,,,,,,,,,,,
,33,33,,33,,,,,33,,33,,,33,,,,,,,,,,,,,,,,,,,,,,,,,,
,22,,22,22,,,,,22,,,22,,22,,,,,,,,,,,,,,,,,,,,,,,,,,
,18,,18,,18,,,,,18,,18,,18,,,,,,,,,,,,,,,,,,,,,,,,,,
19,,,19,,19,,,,,19,,19,,19,,,,,,,,,,,,,,,,,,,,,,,,,,
21,,21,,,21,,,,,21,21,,,21,,,,,,,,,,,,,,,,,,,,,,,,,,
17,,17,,17,,,,,17,,17,,,17,,,,,,,,,,,,,,,,,,,,,,,,,,
,24,24,,24,,,,,24,,24,,,24,,,,,,,,,,,,,,,,,,,,,,,,,,
19,,,19,,19,,,,,19,,19,,19,,,,,,,,,,,,,,,,,,,,,,,,,,
31,,,31,31,,,,,31,,,31,,31,,,,,,,,,,,,,,,,,,,,,,,,,,
,30,,30,30,,,,,30,,,30,,30,,,,,,,,,,,,,,,,,,,,,,,,,,
27,,,27,,27,,,,,27,,27,,27,,,,,,,,,,,,,,,,,,,,,,,,,,
19,,,19,,19,,,,,19,,19,,19,,,,,,,,,,,,,,,,,,,,,,,,,,
,12,12,,,12,,,,,12,12,,12,,,,,,,,,,,,,,,,,,,,,,,,,,,
,12,12,,,12,,,,,12,12,,12,,,,,,,,,,,,,,,,,,,,,,,,,,,
,14,,14,14,,,,,14,,,14,14,,,,,,,,,,,,,,,,,,,,,,,,,,,
9,,9,,9,,,,,9,,9,,9,,,,,,,,,,,,,,,,,,,,,,,,,,,
11,,,11,,11,,,,,11,,11,11,,,,,,,,,,,,,,,,,,,,,,,,,,,
,14,,14,14,,,,,14,,,14,14,,,,,,,,,,,,,,,,,,,,,,,,,,,
23,,,23,23,,,,,23,,,23,,23,,,,,,,,,,,,,,,,,,,,,,,,,,
19,,,19,,19,,,,,19,,19,,19,,,,,,,,,,,,,,,,,,,,,,,,,,
31,,,31,31,,,,,31,,,31,,31,,,,,,,,,,,,,,,,,,,,,,,,,,
25,,25,,25,,,,,25,,25,,,25,,,,,,,,,,,,,,,,,,,,,,,,,,
,18,,18,,18,,,,,18,,18,,18,,,,,,,,,,,,,,,,,,,,,,,,,,
,32,32,,32,,,,,32,,32,,,32,,,,,,,,,,,,,,,,,,,,,,,,,,
9,,9,,9,,,,,9,,9,,9,,,,,,,,,,,,,,,,,,,,,,,,,,,
3,,,3,,3,,,,,3,,3,3,,,,,,,,,,,,,,,,,,,,,,,,,,,
,2,,2,,2,,,,,2,,2,2,,,,,,,,,,,,,,,,,,,,,,,,,,,
23,,,23,23,,,,,23,,,23,,23,,,,,,,,,,,,,,,,,,,,,,,,,,
31,,,31,31,,,,,31,,,31,,31,,,,,,,,,,,,,,,,,,,,,,,,,,
5,,5,,,5,,,,,5,5,,5,,,,,,,,,,,,,,,,,,,,,,,,,,,
,32,32,,32,,,,,32,,32,,,32,,,,,,,,,,,,,,,,,,,,,,,,,,
7,,,7,7,,,,,7,,,7,7,,,,,,,,,,,,,,,,,,,,,,,,,,,
,28,28,,,28,,,,,28,28,,,28,,,,,,,,,,,,,,,,,,,,,,,,,,
,32,32,,32,,,,,32,,32,,,32,,,,,,,,,,,,,,,,,,,,,,,,,,
19,,,19,,19,,,,,19,,19,,19,,,,,,,,,,,,,,,,,,,,,,,,,,
,24,24,,24,,,,,24,,24,,,24,,,,,,,,,,,,,,,,,,,,,,,,,,
21,,21,,,21,,,,,21,21,,,21,,,,,,,,,,,,,,,,,,,,,,,,,,
25,,25,,25,,,,,25,,25,,,25,,,,,,,,,,,,,,,,,,,,,,,,,,
27,,,27,,27,,,,,27,,27,,27,,,,,,,,,,,,,,,,,,,,,,,,,,
,12,12,,,12,,,,,12,12,,12,,,,,,,,,,,,,,,,,,,,,,,,,,,
,14,,14,14,,,,,14,,,14,14,,,,,,,,,,,,,,,,,,,,,,,,,,,
17,,17,,17,,,,,17,,17,,,17,,,,,,,,,,,,,,,,,,,,,,,,,,
29,,29,,,29,,,,,29,29,,,29,,,,,,,,,,,,,,,,,,,,,,,,,,
,8,8,,8,,,,,8,,8,,8,,,,,,,,,,,,,,,,,,,,,,,,,,,
,24,24,,24,,,,,24,,24,,,24,,,,,,,,,,,,,,,,,,,,,,,,,,
13,,13,,,13,,,,,13,13,,13,,,,,,,,,,,,,,,,,,,,,,,,,,,
15,,,15,15,,,,,15,,,15,15,,,,,,,,,,,,,,,,,,,,,,,,,,,
,16,16,,16,,,,,16,,16,,16,,,,,,,,,,,,,,,,,,,,,,,,,,,
,32,32,,32,,,,,32,,32,,,32,,,,,,,,,,,,,,,,,,,,,,,,,,
,10,,10,,10,,,,,10,,10,10,,,,,,,,,,,,,,,,,,,,,,,,,,,
21,,21,,,21,,,,,21,21,,,21,,,,,,,,,,,,,,,,,,,,,,,,,,
,26,,26,,26,,,,,26,,26,,26,,,,,,,,,,,,,,,,,,,,,,,,,,
,32,32,,32,,,,,32,,32,,,32,,,,,,,,,,,,,,,,,,,,,,,,,,
,12,12,,,12,,,,,12,12,,12,,,,,,,,,,,,,,,,,,,,,,,,,,,
21,,21,,,21,,,,,21,21,,,21,,,,,,,,,,,,,,,,,,,,,,,,,,
23,,,23,23,,,,,23,,,23,,23,,,,,,,,,,,,,,,,,,,,,,,,,,
13,,13,,,13,,,,,13,13,,13,,,,,,,,,,,,,,,,,,,,,,,,,,,
,14,,14,14,,,,,14,,,14,14,,,,,,,,,,,,,,,,,,,,,,,,,,,
25,,25,,25,,,,,25,,25,,,25,,,,,,,,,,,,,,,,,,,,,,,,,,
27,,,27,,27,,,,,27,,27,,27,,,,,,,,,,,,,,,,,,,,,,,,,,
,28,28,,,28,,,,,28,28,,,28,,,,,,,,,,,,,,,,,,,,,,,,,,
29,,29,,,29,,,,,29,29,,,29,,,,,,,,,,,,,,,,,,,,,,,,,,
,12,12,,,12,,,,,12,12,,12,,,,,,,,,,,,,,,,,,,,,,,,,,,
23,,,23,23,,,,,23,,,23,,23,,,,,,,,,,,,,,,,,,,,,,,,,,
,12,12,,,12,,,,,12,12,,12,,,,,,,,,,,,,,,,,,,,,,,,,,,
15,,,15,15,,,,,15,,,15,15,,,,,,,,,,,,,,,,,,,,,,,,,,,
,16,16,,16,,,,,16,,16,,16,,,,,,,,,,,,,,,,,,,,,,,,,,,
9,,9,,9,,,,,9,,9,,9,,,,,,,,,,,,,,,,,,,,,,,,,,,
13,,13,,,13,,,,,13,13,,13,,,,,,,,,,,,,,,,,,,,,,,,,,,
,32,32,,32,,,,,32,,32,,,32,,,,,,,,,,,,,,,,,,,,,,,,,,
,2,,2,,2,,,,,2,,2,2,,,,,,,,,,,,,,,,,,,,,,,,,,,
,4,4,,,4,,,,,4,4,,4,,,,,,,,,,,,,,,,,,,,,,,,,,,
7,,,7,7,,,,,7,,,7,7,,,,,,,,,,,,,,,,,,,,,,,,,,,
9,,9,,9,,,,,9,,9,,9,,,,,,,,,,,,,,,,,,,,,,,,,,,
,,,,,,,,,,,,,,,,,,,,,,,,,,,,,,,,,,,,,,,,
9,,9,,9,,,,,9,,9,,9,,,,,,,,,,,,,,,,,,,,,,,,,,,
3,,,3,,3,,,,,3,,3,3,,,,,,,,,,,,,,,,,,,,,,,,,,,
3,,,3,,3,,,,,3,,3,3,,,,,,,,,,,,,,,,,,,,,,,,,,,
7,,,7,7,,,,,7,,,7,7,,,,,,,,,,,,,,,,,,,,,,,,,,,
,4,4,,,4,,,,,4,4,,4,,,,,,,,,,,,,,,,,,,,,,,,,,,
7,,,7,7,,,,,7,,,7,7,,,,,,,,,,,,,,,,,,,,,,,,,,,
9,,9,,9,,,,,9,,9,,9,,,,,,,,,,,,,,,,,,,,,,,,,,,
,8,8,,8,,,,,8,,8,,8,,,,,,,,,,,,,,,,,,,,,,,,,,,
,,,,,,,,,,,,,,,,,,,,,,,,,,,,,,,,,,,,,,,,
,2,,2,,2,,,,,2,,2,2,,,,,,,,,,,,,,,,,,,,,,,,,,,
1,,1,,1,,,,,1,,1,,1,,,,,,,,,,,,,,,,,,,,,,,,,,,
5,,5,,,5,,,,,5,5,,5,,,,,,,,,,,,,,,,,,,,,,,,,,,
7,,,7,7,,,,,7,,,7,7,,,,,,,,,,,,,,,,,,,,,,,,,,,
,8,8,,8,,,,,8,,8,,8,,,,,,,,,,,,,,,,,,,,,,,,,,,
9,,9,,9,,,,,9,,9,,9,,,,,,,,,,,,,,,,,,,,,,,,,,,
11,,,11,,11,,,,,11,,11,11,,,,,,,,,,,,,,,,,,,,,,,,,,,
21,,21,,,21,,,,,21,21,,,21,,,,,,,,,,,,,,,,,,,,,,,,,,
,32,32,,32,,,,,32,,32,,,32,,,,,,,,,,,,,,,,,,,,,,,,,,
,12,12,,,12,,,,,12,12,,12,,,,,,,,,,,,,,,,,,,,,,,,,,,
21,,21,,,21,,,,,21,21,,,21,,,,,,,,,,,,,,,,,,,,,,,,,,
31,,,31,31,,,,,31,,,31,,31,,,,,,,,,,,,,,,,,,,,,,,,,,
21,,21,,,21,,,,,21,21,,,21,,,,,,,,,,,,,,,,,,,,,,,,,,
,12,12,,,12,,,,,12,12,,12,,,,,,,,,,,,,,,,,,,,,,,,,,,
3,,,3,,3,,,,,3,,3,3,,,,,,,,,,,,,,,,,,,,,,,,,,,
,6,,6,6,,,,,6,,,6,6,,,,,,,,,,,,,,,,,,,,,,,,,,,
,8,8,,8,,,,,8,,8,,8,,,,,,,,,,,,,,,,,,,,,,,,,,,
9,,9,,9,,,,,9,,9,,9,,,,,,,,,,,,,,,,,,,,,,,,,,,
1,,1,,1,,,,,1,,1,,1,,,,,,,,,,,,,,,,,,,,,,,,,,,
11,,,11,,11,,,,,11,,11,11,,,,,,,,,,,,,,,,,,,,,,,,,,,
23,,,23,23,,,,,23,,,23,,23,,,,,,,,,,,,,,,,,,,,,,,,,,
23,,,23,23,,,,,23,,,23,,23,,,,,,,,,,,,,,,,,,,,,,,,,,
,12,12,,,12,,,,,12,12,,12,,,,,,,,,,,,,,,,,,,,,,,,,,,
,24,24,,24,,,,,24,,24,,,24,,,,,,,,,,,,,,,,,,,,,,,,,,
,32,32,,32,,,,,32,,32,,,32,,,,,,,,,,,,,,,,,,,,,,,,,,
21,,21,,,21,,,,,21,21,,,21,,,,,,,,,,,,,,,,,,,,,,,,,,
,12,12,,,12,,,,,12,12,,12,,,,,,,,,,,,,,,,,,,,,,,,,,,
13,,13,,,13,,,,,13,13,,13,,,,,,,,,,,,,,,,,,,,,,,,,,,
25,,25,,25,,,,,25,,25,,,25,,,,,,,,,,,,,,,,,,,,,,,,,,
27,,,27,,27,,,,,27,,27,,27,,,,,,,,,,,,,,,,,,,,,,,,,,
13,,13,,,13,,,,,13,13,,13,,,,,,,,,,,,,,,,,,,,,,,,,,,
23,,,23,23,,,,,23,,,23,,23,,,,,,,,,,,,,,,,,,,,,,,,,,
,12,12,,,12,,,,,12,12,,12,,,,,,,,,,,,,,,,,,,,,,,,,,,
,12,12,,,12,,,,,12,12,,12,,,,,,,,,,,,,,,,,,,,,,,,,,,
,28,28,,,28,,,,,28,28,,,28,,,,,,,,,,,,,,,,,,,,,,,,,,
29,,29,,,29,,,,,29,29,,,29,,,,,,,,,,,,,,,,,,,,,,,,,,
13,,13,,,13,,,,,13,13,,13,,,,,,,,,,,,,,,,,,,,,,,,,,,
13,,13,,,13,,,,,13,13,,13,,,,,,,,,,,,,,,,,,,,,,,,,,,
,14,,14,14,,,,,14,,,14,14,,,,,,,,,,,,,,,,,,,,,,,,,,,
25,,25,,25,,,,,25,,25,,,25,,,,,,,,,,,,,,,,,,,,,,,,,,
25,,25,,25,,,,,25,,25,,,25,,,,,,,,,,,,,,,,,,,,,,,,,,
27,,,27,,27,,,,,27,,27,,27,,,,,,,,,,,,,,,,,,,,,,,,,,
27,,,27,,27,,,,,27,,27,,27,,,,,,,,,,,,,,,,,,,,,,,,,,
,28,28,,,28,,,,,28,28,,,28,,,,,,,,,,,,,,,,,,,,,,,,,,
,12,12,,,12,,,,,12,12,,12,,,,,,,,,,,,,,,,,,,,,,,,,,,
23,,,23,23,,,,,23,,,23,,23,,,,,,,,,,,,,,,,,,,,,,,,,,
31,,,31,31,,,,,31,,,31,,31,,,,,,,,,,,,,,,,,,,,,,,,,,
21,,21,,,21,,,,,21,21,,,21,,,,,,,,,,,,,,,,,,,,,,,,,,
27,,,27,,27,,,,,27,,27,,27,,,,,,,,,,,,,,,,,,,,,,,,,,
27,,,27,,27,,,,,27,,27,,27,,,,,,,,,,,,,,,,,,,,,,,,,,
,28,28,,,28,,,,,28,28,,,28,,,,,,,,,,,,,,,,,,,,,,,,,,
19,,,19,,19,,,,,19,,19,,19,,,,,,,,,,,,,,,,,,,,,,,,,,
,14,,14,14,,,,,14,,,14,14,,,,,,,,,,,,,,,,,,,,,,,,,,,
27,,,27,,27,,,,,27,,27,,27,,,,,,,,,,,,,,,,,,,,,,,,,,
,28,28,,,28,,,,,28,28,,,28,,,,,,,,,,,,,,,,,,,,,,,,,,
29,,29,,,29,,,,,29,29,,,29,,,,,,,,,,,,,,,,,,,,,,,,,,
,26,,26,,26,,,,,26,,26,,26,,,,,,,,,,,,,,,,,,,,,,,,,,
17,,17,,17,,,,,17,,17,,,17,,,,,,,,,,,,,,,,,,,,,,,,,,
,28,28,,,28,,,,,28,28,,,28,,,,,,,,,,,,,,,,,,,,,,,,,,
25,,25,,25,,,,,25,,25,,,25,,,,,,,,,,,,,,,,,,,,,,,,,,
21,,21,,,21,,,,,21,21,,,21,,,,,,,,,,,,,,,,,,,,,,,,,,
,12,12,,,12,,,,,12,12,,12,,,,,,,,,,,,,,,,,,,,,,,,,,,
15,,,15,15,,,,,15,,,15,15,,,,,,,,,,,,,,,,,,,,,,,,,,,
,24,24,,24,,,,,24,,24,,,24,,,,,,,,,,,,,,,,,,,,,,,,,,
15,,,15,15,,,,,15,,,15,15,,,,,,,,,,,,,,,,,,,,,,,,,,,
23,,,23,23,,,,,23,,,23,,23,,,,,,,,,,,,,,,,,,,,,,,,,,
3,,,3,,3,,,,,3,,3,3,,,,,,,,,,,,,,,,,,,,,,,,,,,
5,,5,,,5,,,,,5,5,,5,,,,,,,,,,,,,,,,,,,,,,,,,,,
7,,,7,7,,,,,7,,,7,7,,,,,,,,,,,,,,,,,,,,,,,,,,,
9,,9,,9,,,,,9,,9,,9,,,,,,,,,,,,,,,,,,,,,,,,,,,
,8,8,,8,,,,,8,,8,,8,,,,,,,,,,,,,,,,,,,,,,,,,,,
,,,,,,,,,,,,,,,,,,,,,,,,,,,,,,,,,,,,,,,,
1,,1,,1,,,,,1,,1,,1,,,,,,,,,,,,,,,,,,,,,,,,,,,
,2,,2,,2,,,,,2,,2,2,,,,,,,,,,,,,,,,,,,,,,,,,,,
,4,4,,,4,,,,,4,4,,4,,,,,,,,,,,,,,,,,,,,,,,,,,,
3,,,3,,3,,,,,3,,3,3,,,,,,,,,,,,,,,,,,,,,,,,,,,
1,,1,,1,,,,,1,,1,,1,,,,,,,,,,,,,,,,,,,,,,,,,,,
5,,5,,,5,,,,,5,5,,5,,,,,,,,,,,,,,,,,,,,,,,,,,,
,6,,6,6,,,,,6,,,6,6,,,,,,,,,,,,,,,,,,,,,,,,,,,
7,,,7,7,,,,,7,,,7,7,,,,,,,,,,,,,,,,,,,,,,,,,,,
21,,21,,,21,,,,,21,21,,,21,,,,,,,,,,,,,,,,,,,,,,,,,,
5,,5,,,5,,,,,5,5,,5,,,,,,,,,,,,,,,,,,,,,,,,,,,
,12,12,,,12,,,,,12,12,,12,,,,,,,,,,,,,,,,,,,,,,,,,,,
,24,24,,24,,,,,24,,24,,,24,,,,,,,,,,,,,,,,,,,,,,,,,,
21,,21,,,21,,,,,21,21,,,21,,,,,,,,,,,,,,,,,,,,,,,,,,
7,,,7,7,,,,,7,,,7,7,,,,,,,,,,,,,,,,,,,,,,,,,,,
,12,12,,,12,,,,,12,12,,12,,,,,,,,,,,,,,,,,,,,,,,,,,,
23,,,23,23,,,,,23,,,23,,23,,,,,,,,,,,,,,,,,,,,,,,,,,
,12,12,,,12,,,,,12,12,,12,,,,,,,,,,,,,,,,,,,,,,,,,,,
13,,13,,,13,,,,,13,13,,13,,,,,,,,,,,,,,,,,,,,,,,,,,,
17,,17,,17,,,,,17,,17,,,17,,,,,,,,,,,,,,,,,,,,,,,,,,
13,,13,,,13,,,,,13,13,,13,,,,,,,,,,,,,,,,,,,,,,,,,,,
,32,32,,32,,,,,32,,32,,,32,,,,,,,,,,,,,,,,,,,,,,,,,,
21,,21,,,21,,,,,21,21,,,21,,,,,,,,,,,,,,,,,,,,,,,,,,
13,,13,,,13,,,,,13,13,,13,,,,,,,,,,,,,,,,,,,,,,,,,,,
15,,,15,15,,,,,15,,,15,15,,,,,,,,,,,,,,,,,,,,,,,,,,,
13,,13,,,13,,,,,13,13,,13,,,,,,,,,,,,,,,,,,,,,,,,,,,
23,,,23,23,,,,,23,,,23,,23,,,,,,,,,,,,,,,,,,,,,,,,,,
13,,13,,,13,,,,,13,13,,13,,,,,,,,,,,,,,,,,,,,,,,,,,,
17,,17,,17,,,,,17,,17,,,17,,,,,,,,,,,,,,,,,,,,,,,,,,
,28,28,,,28,,,,,28,28,,,28,,,,,,,,,,,,,,,,,,,,,,,,,,
29,,29,,,29,,,,,29,29,,,29,,,,,,,,,,,,,,,,,,,,,,,,,,
,20,20,,,20,,,,,20,20,,,20,,,,,,,,,,,,,,,,,,,,,,,,,,
,10,,10,,10,,,,,10,,10,10,,,,,,,,,,,,,,,,,,,,,,,,,,,
,12,12,,,12,,,,,12,12,,12,,,,,,,,,,,,,,,,,,,,,,,,,,,
23,,,23,23,,,,,23,,,23,,23,,,,,,,,,,,,,,,,,,,,,,,,,,
13,,13,,,13,,,,,13,13,,13,,,,,,,,,,,,,,,,,,,,,,,,,,,
13,,13,,,13,,,,,13,13,,13,,,,,,,,,,,,,,,,,,,,,,,,,,,
,24,24,,24,,,,,24,,24,,,24,,,,,,,,,,,,,,,,,,,,,,,,,,
15,,,15,15,,,,,15,,,15,15,,,,,,,,,,,,,,,,,,,,,,,,,,,
23,,,23,23,,,,,23,,,23,,23,,,,,,,,,,,,,,,,,,,,,,,,,,
,16,16,,16,,,,,16,,16,,16,,,,,,,,,,,,,,,,,,,,,,,,,,,
,8,8,,8,,,,,8,,8,,8,,,,,,,,,,,,,,,,,,,,,,,,,,,
13,,13,,,13,,,,,13,13,,13,,,,,,,,,,,,,,,,,,,,,,,,,,,
,12,12,,,12,,,,,12,12,,12,,,,,,,,,,,,,,,,,,,,,,,,,,,
,14,,14,14,,,,,14,,,14,14,,,,,,,,,,,,,,,,,,,,,,,,,,,
23,,,23,23,,,,,23,,,23,,23,,,,,,,,,,,,,,,,,,,,,,,,,,
15,,,15,15,,,,,15,,,15,15,,,,,,,,,,,,,,,,,,,,,,,,,,,
23,,,23,23,,,,,23,,,23,,23,,,,,,,,,,,,,,,,,,,,,,,,,,
1,,1,,1,,,,,1,,1,,1,,,,,,,,,,,,,,,,,,,,,,,,,,,
23,,,23,23,,,,,23,,,23,,23,,,,,,,,,,,,,,,,,,,,,,,,,,
,14,,14,14,,,,,14,,,14,14,,,,,,,,,,,,,,,,,,,,,,,,,,,
3,,,3,,3,,,,,3,,3,3,,,,,,,,,,,,,,,,,,,,,,,,,,,
,4,4,,,4,,,,,4,4,,4,,,,,,,,,,,,,,,,,,,,,,,,,,,
5,,5,,,5,,,,,5,5,,5,,,,,,,,,,,,,,,,,,,,,,,,,,,
,2,,2,,2,,,,,2,,2,2,,,,,,,,,,,,,,,,,,,,,,,,,,,
3,,,3,,3,,,,,3,,3,3,,,,,,,,,,,,,,,,,,,,,,,,,,,
,6,,6,6,,,,,6,,,6,6,,,,,,,,,,,,,,,,,,,,,,,,,,,
,4,4,,,4,,,,,4,4,,4,,,,,,,,,,,,,,,,,,,,,,,,,,,
1,,1,,1,,,,,1,,1,,1,,,,,,,,,,,,,,,,,,,,,,,,,,,
,14,,14,14,,,,,14,,,14,14,,,,,,,,,,,,,,,,,,,,,,,,,,,
,12,12,,,12,,,,,12,12,,12,,,,,,,,,,,,,,,,,,,,,,,,,,,
25,,25,,25,,,,,25,,25,,,25,,,,,,,,,,,,,,,,,,,,,,,,,,
31,,,31,31,,,,,31,,,31,,31,,,,,,,,,,,,,,,,,,,,,,,,,,
21,,21,,,21,,,,,21,21,,,21,,,,,,,,,,,,,,,,,,,,,,,,,,
5,,5,,,5,,,,,5,5,,5,,,,,,,,,,,,,,,,,,,,,,,,,,,
7,,,7,7,,,,,7,,,7,7,,,,,,,,,,,,,,,,,,,,,,,,,,,
9,,9,,9,,,,,9,,9,,9,,,,,,,,,,,,,,,,,,,,,,,,,,,
,12,12,,,12,,,,,12,12,,12,,,,,,,,,,,,,,,,,,,,,,,,,,,
,12,12,,,12,,,,,12,12,,12,,,,,,,,,,,,,,,,,,,,,,,,,,,
13,,13,,,13,,,,,13,13,,13,,,,,,,,,,,,,,,,,,,,,,,,,,,
,12,12,,,12,,,,,12,12,,12,,,,,,,,,,,,,,,,,,,,,,,,,,,
,32,32,,32,,,,,32,,32,,,32,,,,,,,,,,,,,,,,,,,,,,,,,,
,12,12,,,12,,,,,12,12,,12,,,,,,,,,,,,,,,,,,,,,,,,,,,
,32,32,,32,,,,,32,,32,,,32,,,,,,,,,,,,,,,,,,,,,,,,,,
5,,5,,,5,,,,,5,5,,5,,,,,,,,,,,,,,,,,,,,,,,,,,,
23,,,23,23,,,,,23,,,23,,23,,,,,,,,,,,,,,,,,,,,,,,,,,
,12,12,,,12,,,,,12,12,,12,,,,,,,,,,,,,,,,,,,,,,,,,,,
23,,,23,23,,,,,23,,,23,,23,,,,,,,,,,,,,,,,,,,,,,,,,,
1,,1,,1,,,,,1,,1,,1,,,,,,,,,,,,,,,,,,,,,,,,,,,
1,,1,,1,,,,,1,,1,,1,,,,,,,,,,,,,,,,,,,,,,,,,,,
,2,,2,,2,,,,,2,,2,2,,,,,,,,,,,,,,,,,,,,,,,,,,,
3,,,3,,3,,,,,3,,3,3,,,,,,,,,,,,,,,,,,,,,,,,,,,
21,,21,,,21,,,,,21,21,,,21,,,,,,,,,,,,,,,,,,,,,,,,,,
,12,12,,,12,,,,,12,12,,12,,,,,,,,,,,,,,,,,,,,,,,,,,,
5,,5,,,5,,,,,5,5,,5,,,,,,,,,,,,,,,,,,,,,,,,,,,
,8,8,,8,,,,,8,,8,,8,,,,,,,,,,,,,,,,,,,,,,,,,,,
,8,8,,8,,,,,8,,8,,8,,,,,,,,,,,,,,,,,,,,,,,,,,,
,,,,,,,,,,,,,,,,,,,,,,,,,,,,,,,,,,,,,,,,
9,,9,,9,,,,,9,,9,,9,,,,,,,,,,,,,,,,,,,,,,,,,,,
,32,32,,32,,,,,32,,32,,,32,,,,,,,,,,,,,,,,,,,,,,,,,,
21,,21,,,21,,,,,21,21,,,21,,,,,,,,,,,,,,,,,,,,,,,,,,
,12,12,,,12,,,,,12,12,,12,,,,,,,,,,,,,,,,,,,,,,,,,,,
,12,12,,,12,,,,,12,12,,12,,,,,,,,,,,,,,,,,,,,,,,,,,,
,8,8,,8,,,,,8,,8,,8,,,,,,,,,,,,,,,,,,,,,,,,,,,
,,,,,,,,,,,,,,,,,,,,,,,,,,,,,,,,,,,,,,,,
5,,5,,,5,,,,,5,5,,5,,,,,,,,,,,,,,,,,,,,,,,,,,,
,2,,2,,2,,,,,2,,2,2,,,,,,,,,,,,,,,,,,,,,,,,,,,
,6,,6,6,,,,,6,,,6,6,,,,,,,,,,,,,,,,,,,,,,,,,,,
5,,5,,,5,,,,,5,5,,5,,,,,,,,,,,,,,,,,,,,,,,,,,,
5,,5,,,5,,,,,5,5,,5,,,,,,,,,,,,,,,,,,,,,,,,,,,
5,,5,,,5,,,,,5,5,,5,,,,,,,,,,,,,,,,,,,,,,,,,,,
,32,32,,32,,,,,32,,32,,,32,,,,,,,,,,,,,,,,,,,,,,,,,,
,12,12,,,12,,,,,12,12,,12,,,,,,,,,,,,,,,,,,,,,,,,,,,
13,,13,,,13,,,,,13,13,,13,,,,,,,,,,,,,,,,,,,,,,,,,,,
,18,,18,,18,,,,,18,,18,,18,,,,,,,,,,,,,,,,,,,,,,,,,,
,12,12,,,12,,,,,12,12,,12,,,,,,,,,,,,,,,,,,,,,,,,,,,
,14,,14,14,,,,,14,,,14,14,,,,,,,,,,,,,,,,,,,,,,,,,,,
,16,16,,16,,,,,16,,16,,16,,,,,,,,,,,,,,,,,,,,,,,,,,,
19,,,19,,19,,,,,19,,19,,19,,,,,,,,,,,,,,,,,,,,,,,,,,
,10,,10,,10,,,,,10,,10,10,,,,,,,,,,,,,,,,,,,,,,,,,,,
,12,12,,,12,,,,,12,12,,12,,,,,,,,,,,,,,,,,,,,,,,,,,,
23,,,23,23,,,,,23,,,23,,23,,,,,,,,,,,,,,,,,,,,,,,,,,
19,,,19,,19,,,,,19,,19,,19,,,,,,,,,,,,,,,,,,,,,,,,,,
,10,,10,,10,,,,,10,,10,10,,,,,,,,,,,,,,,,,,,,,,,,,,,
,12,12,,,12,,,,,12,12,,12,,,,,,,,,,,,,,,,,,,,,,,,,,,
,12,12,,,12,,,,,12,12,,12,,,,,,,,,,,,,,,,,,,,,,,,,,,
,12,12,,,12,,,,,12,12,,12,,,,,,,,,,,,,,,,,,,,,,,,,,,
5,,5,,,5,,,,,5,5,,5,,,,,,,,,,,,,,,,,,,,,,,,,,,
21,,21,,,21,,,,,21,21,,,21,,,,,,,,,,,,,,,,,,,,,,,,,,
13,,13,,,13,,,,,13,13,,13,,,,,,,,,,,,,,,,,,,,,,,,,,,
13,,13,,,13,,,,,13,13,,13,,,,,,,,,,,,,,,,,,,,,,,,,,,
,14,,14,14,,,,,14,,,14,14,,,,,,,,,,,,,,,,,,,,,,,,,,,
13,,13,,,13,,,,,13,13,,13,,,,,,,,,,,,,,,,,,,,,,,,,,,
31,,,31,31,,,,,31,,,31,,31,,,,,,,,,,,,,,,,,,,,,,,,,,
,12,12,,,12,,,,,12,12,,12,,,,,,,,,,,,,,,,,,,,,,,,,,,
,16,16,,16,,,,,16,,16,,16,,,,,,,,,,,,,,,,,,,,,,,,,,,
,12,12,,,12,,,,,12,12,,12,,,,,,,,,,,,,,,,,,,,,,,,,,,
15,,,15,15,,,,,15,,,15,15,,,,,,,,,,,,,,,,,,,,,,,,,,,
,28,28,,,28,,,,,28,28,,,28,,,,,,,,,,,,,,,,,,,,,,,,,,
,16,16,,16,,,,,16,,16,,16,,,,,,,,,,,,,,,,,,,,,,,,,,,
13,,13,,,13,,,,,13,13,,13,,,,,,,,,,,,,,,,,,,,,,,,,,,
,12,12,,,12,,,,,12,12,,12,,,,,,,,,,,,,,,,,,,,,,,,,,,
,12,12,,,12,,,,,12,12,,12,,,,,,,,,,,,,,,,,,,,,,,,,,,
,14,,14,14,,,,,14,,,14,14,,,,,,,,,,,,,,,,,,,,,,,,,,,
13,,13,,,13,,,,,13,13,,13,,,,,,,,,,,,,,,,,,,,,,,,,,,
,18,,18,,18,,,,,18,,18,,18,,,,,,,,,,,,,,,,,,,,,,,,,,
23,,,23,23,,,,,23,,,23,,23,,,,,,,,,,,,,,,,,,,,,,,,,,
13,,13,,,13,,,,,13,13,,13,,,,,,,,,,,,,,,,,,,,,,,,,,,
29,,29,,,29,,,,,29,29,,,29,,,,,,,,,,,,,,,,,,,,,,,,,,
,32,32,,32,,,,,32,,32,,,32,,,,,,,,,,,,,,,,,,,,,,,,,,
21,,21,,,21,,,,,21,21,,,21,,,,,,,,,,,,,,,,,,,,,,,,,,
11,,,11,,11,,,,,11,,11,11,,,,,,,,,,,,,,,,,,,,,,,,,,,
,22,,22,22,,,,,22,,,22,,22,,,,,,,,,,,,,,,,,,,,,,,,,,
,33,33,,33,,,,,33,,33,,,33,,,,,,,,,,,,,,,,,,,,,,,,,,
21,,21,,,21,,,,,21,21,,,21,,,,,,,,,,,,,,,,,,,,,,,,,,
23,,,23,23,,,,,23,,,23,,23,,,,,,,,,,,,,,,,,,,,,,,,,,
,32,32,,32,,,,,32,,32,,,32,,,,,,,,,,,,,,,,,,,,,,,,,,
21,,21,,,21,,,,,21,21,,,21,,,,,,,,,,,,,,,,,,,,,,,,,,
21,,21,,,21,,,,,21,21,,,21,,,,,,,,,,,,,,,,,,,,,,,,,,
21,,21,,,21,,,,,21,21,,,21,,,,,,,,,,,,,,,,,,,,,,,,,,
21,,21,,,21,,,,,21,21,,,21,,,,,,,,,,,,,,,,,,,,,,,,,,
21,,21,,,21,,,,,21,21,,,21,,,,,,,,,,,,,,,,,,,,,,,,,,
21,,21,,,21,,,,,21,21,,,21,,,,,,,,,,,,,,,,,,,,,,,,,,
23,,,23,23,,,,,23,,,23,,23,,,,,,,,,,,,,,,,,,,,,,,,,,
23,,,23,23,,,,,23,,,23,,23,,,,,,,,,,,,,,,,,,,,,,,,,,
,12,12,,,12,,,,,12,12,,12,,,,,,,,,,,,,,,,,,,,,,,,,,,
19,,,19,,19,,,,,19,,19,,19,,,,,,,,,,,,,,,,,,,,,,,,,,
21,,21,,,21,,,,,21,21,,,21,,,,,,,,,,,,,,,,,,,,,,,,,,
13,,13,,,13,,,,,13,13,,13,,,,,,,,,,,,,,,,,,,,,,,,,,,
,4,4,,,4,,,,,4,4,,4,,,,,,,,,,,,,,,,,,,,,,,,,,,
,4,4,,,4,,,,,4,4,,4,,,,,,,,,,,,,,,,,,,,,,,,,,,
,32,32,,32,,,,,32,,32,,,32,,,,,,,,,,,,,,,,,,,,,,,,,,
11,,,11,,11,,,,,11,,11,11,,,,,,,,,,,,,,,,,,,,,,,,,,,
,22,,22,22,,,,,22,,,22,,22,,,,,,,,,,,,,,,,,,,,,,,,,,
9,,9,,9,,,,,9,,9,,9,,,,,,,,,,,,,,,,,,,,,,,,,,,
7,,,7,7,,,,,7,,,7,7,,,,,,,,,,,,,,,,,,,,,,,,,,,
5,,5,,,5,,,,,5,5,,5,,,,,,,,,,,,,,,,,,,,,,,,,,,
,2,,2,,2,,,,,2,,2,2,,,,,,,,,,,,,,,,,,,,,,,,,,,
13,,13,,,13,,,,,13,13,,13,,,,,,,,,,,,,,,,,,,,,,,,,,,
19,,,19,,19,,,,,19,,19,,19,,,,,,,,,,,,,,,,,,,,,,,,,,
15,,,15,15,,,,,15,,,15,15,,,,,,,,,,,,,,,,,,,,,,,,,,,
,12,12,,,12,,,,,12,12,,12,,,,,,,,,,,,,,,,,,,,,,,,,,,
19,,,19,,19,,,,,19,,19,,19,,,,,,,,,,,,,,,,,,,,,,,,,,
13,,13,,,13,,,,,13,13,,13,,,,,,,,,,,,,,,,,,,,,,,,,,,
,32,32,,32,,,,,32,,32,,,32,,,,,,,,,,,,,,,,,,,,,,,,,,
13,,13,,,13,,,,,13,13,,13,,,,,,,,,,,,,,,,,,,,,,,,,,,
15,,,15,15,,,,,15,,,15,15,,,,,,,,,,,,,,,,,,,,,,,,,,,
17,,17,,17,,,,,17,,17,,,17,,,,,,,,,,,,,,,,,,,,,,,,,,
19,,,19,,19,,,,,19,,19,,19,,,,,,,,,,,,,,,,,,,,,,,,,,
,18,,18,,18,,,,,18,,18,,18,,,,,,,,,,,,,,,,,,,,,,,,,,
13,,13,,,13,,,,,13,13,,13,,,,,,,,,,,,,,,,,,,,,,,,,,,
,4,4,,,4,,,,,4,4,,4,,,,,,,,,,,,,,,,,,,,,,,,,,,
3,,,3,,3,,,,,3,,3,3,,,,,,,,,,,,,,,,,,,,,,,,,,,
,2,,2,,2,,,,,2,,2,2,,,,,,,,,,,,,,,,,,,,,,,,,,,
,6,,6,6,,,,,6,,,6,6,,,,,,,,,,,,,,,,,,,,,,,,,,,
7,,,7,7,,,,,7,,,7,7,,,,,,,,,,,,,,,,,,,,,,,,,,,
,8,8,,8,,,,,8,,8,,8,,,,,,,,,,,,,,,,,,,,,,,,,,,
9,,9,,9,,,,,9,,9,,9,,,,,,,,,,,,,,,,,,,,,,,,,,,
3,,,3,,3,,,,,3,,3,3,,,,,,,,,,,,,,,,,,,,,,,,,,,
1,,1,,1,,,,,1,,1,,1,,,,,,,,,,,,,,,,,,,,,,,,,,,
,4,4,,,4,,,,,4,4,,4,,,,,,,,,,,,,,,,,,,,,,,,,,,
23,,,23,23,,,,,23,,,23,,23,,,,,,,,,,,,,,,,,,,,,,,,,,
,12,12,,,12,,,,,12,12,,12,,,,,,,,,,,,,,,,,,,,,,,,,,,
,14,,14,14,,,,,14,,,14,14,,,,,,,,,,,,,,,,,,,,,,,,,,,
15,,,15,15,,,,,15,,,15,15,,,,,,,,,,,,,,,,,,,,,,,,,,,
23,,,23,23,,,,,23,,,23,,23,,,,,,,,,,,,,,,,,,,,,,,,,,
25,,25,,25,,,,,25,,25,,,25,,,,,,,,,,,,,,,,,,,,,,,,,,
13,,13,,,13,,,,,13,13,,13,,,,,,,,,,,,,,,,,,,,,,,,,,,
,12,12,,,12,,,,,12,12,,12,,,,,,,,,,,,,,,,,,,,,,,,,,,
13,,13,,,13,,,,,13,13,,13,,,,,,,,,,,,,,,,,,,,,,,,,,,
13,,13,,,13,,,,,13,13,,13,,,,,,,,,,,,,,,,,,,,,,,,,,,
,12,12,,,12,,,,,12,12,,12,,,,,,,,,,,,,,,,,,,,,,,,,,,
13,,13,,,13,,,,,13,13,,13,,,,,,,,,,,,,,,,,,,,,,,,,,,
,12,12,,,12,,,,,12,12,,12,,,,,,,,,,,,,,,,,,,,,,,,,,,
,12,12,,,12,,,,,12,12,,12,,,,,,,,,,,,,,,,,,,,,,,,,,,
,12,12,,,12,,,,,12,12,,12,,,,,,,,,,,,,,,,,,,,,,,,,,,
21,,21,,,21,,,,,21,21,,,21,,,,,,,,,,,,,,,,,,,,,,,,,,
13,,13,,,13,,,,,13,13,,13,,,,,,,,,,,,,,,,,,,,,,,,,,,
,14,,14,14,,,,,14,,,14,14,,,,,,,,,,,,,,,,,,,,,,,,,,,
,12,12,,,12,,,,,12,12,,12,,,,,,,,,,,,,,,,,,,,,,,,,,,
15,,,15,15,,,,,15,,,15,15,,,,,,,,,,,,,,,,,,,,,,,,,,,
25,,25,,25,,,,,25,,25,,,25,,,,,,,,,,,,,,,,,,,,,,,,,,
17,,17,,17,,,,,17,,17,,,17,,,,,,,,,,,,,,,,,,,,,,,,,,
,24,24,,24,,,,,24,,24,,,24,,,,,,,,,,,,,,,,,,,,,,,,,,
,14,,14,14,,,,,14,,,14,14,,,,,,,,,,,,,,,,,,,,,,,,,,,
15,,,15,15,,,,,15,,,15,15,,,,,,,,,,,,,,,,,,,,,,,,,,,
,33,33,,33,,,,,33,,33,,,33,,,,,,,,,,,,,,,,,,,,,,,,,,
,2,,2,,2,,,,,2,,2,2,,,,,,,,,,,,,,,,,,,,,,,,,,,
,22,,22,22,,,,,22,,,22,,22,,,,,,,,,,,,,,,,,,,,,,,,,,
11,,,11,,11,,,,,11,,11,11,,,,,,,,,,,,,,,,,,,,,,,,,,,
,12,12,,,12,,,,,12,12,,12,,,,,,,,,,,,,,,,,,,,,,,,,,,
13,,13,,,13,,,,,13,13,,13,,,,,,,,,,,,,,,,,,,,,,,,,,,
23,,,23,23,,,,,23,,,23,,23,,,,,,,,,,,,,,,,,,,,,,,,,,
,14,,14,14,,,,,14,,,14,14,,,,,,,,,,,,,,,,,,,,,,,,,,,
,16,16,,16,,,,,16,,16,,16,,,,,,,,,,,,,,,,,,,,,,,,,,,
,32,32,,32,,,,,32,,32,,,32,,,,,,,,,,,,,,,,,,,,,,,,,,
1,,1,,1,,,,,1,,1,,1,,,,,,,,,,,,,,,,,,,,,,,,,,,
,2,,2,,2,,,,,2,,2,2,,,,,,,,,,,,,,,,,,,,,,,,,,,
5,,5,,,5,,,,,5,5,,5,,,,,,,,,,,,,,,,,,,,,,,,,,,
5,,5,,,5,,,,,5,5,,5,,,,,,,,,,,,,,,,,,,,,,,,,,,
,6,,6,6,,,,,6,,,6,6,,,,,,,,,,,,,,,,,,,,,,,,,,,
,8,8,,8,,,,,8,,8,,8,,,,,,,,,,,,,,,,,,,,,,,,,,,
3,,,3,,3,,,,,3,,3,3,,,,,,,,,,,,,,,,,,,,,,,,,,,
,2,,2,,2,,,,,2,,2,2,,,,,,,,,,,,,,,,,,,,,,,,,,,
1,,1,,1,,,,,1,,1,,1,,,,,,,,,,,,,,,,,,,,,,,,,,,
3,,,3,,3,,,,,3,,3,3,,,,,,,,,,,,,,,,,,,,,,,,,,,
5,,5,,,5,,,,,5,5,,5,,,,,,,,,,,,,,,,,,,,,,,,,,,
3,,,3,,3,,,,,3,,3,3,,,,,,,,,,,,,,,,,,,,,,,,,,,
,6,,6,6,,,,,6,,,6,6,,,,,,,,,,,,,,,,,,,,,,,,,,,
,2,,2,,2,,,,,2,,2,2,,,,,,,,,,,,,,,,,,,,,,,,,,,
3,,,3,,3,,,,,3,,3,3,,,,,,,,,,,,,,,,,,,,,,,,,,,
7,,,7,7,,,,,7,,,7,7,,,,,,,,,,,,,,,,,,,,,,,,,,,
3,,,3,,3,,,,,3,,3,3,,,,,,,,,,,,,,,,,,,,,,,,,,,
,2,,2,,2,,,,,2,,2,2,,,,,,,,,,,,,,,,,,,,,,,,,,,
7,,,7,7,,,,,7,,,7,7,,,,,,,,,,,,,,,,,,,,,,,,,,,
,22,,22,22,,,,,22,,,22,,22,,,,,,,,,,,,,,,,,,,,,,,,,,
,2,,2,,2,,,,,2,,2,2,,,,,,,,,,,,,,,,,,,,,,,,,,,
7,,,7,7,,,,,7,,,7,7,,,,,,,,,,,,,,,,,,,,,,,,,,,
1,,1,,1,,,,,1,,1,,1,,,,,,,,,,,,,,,,,,,,,,,,,,,
15,,,15,15,,,,,15,,,15,15,,,,,,,,,,,,,,,,,,,,,,,,,,,
,12,12,,,12,,,,,12,12,,12,,,,,,,,,,,,,,,,,,,,,,,,,,,
23,,,23,23,,,,,23,,,23,,23,,,,,,,,,,,,,,,,,,,,,,,,,,
,14,,14,14,,,,,14,,,14,14,,,,,,,,,,,,,,,,,,,,,,,,,,,
,28,28,,,28,,,,,28,28,,,28,,,,,,,,,,,,,,,,,,,,,,,,,,
29,,29,,,29,,,,,29,29,,,29,,,,,,,,,,,,,,,,,,,,,,,,,,
,2,,2,,2,,,,,2,,2,2,,,,,,,,,,,,,,,,,,,,,,,,,,,
,24,24,,24,,,,,24,,24,,,24,,,,,,,,,,,,,,,,,,,,,,,,,,
23,,,23,23,,,,,23,,,23,,23,,,,,,,,,,,,,,,,,,,,,,,,,,
17,,17,,17,,,,,17,,17,,,17,,,,,,,,,,,,,,,,,,,,,,,,,,
,18,,18,,18,,,,,18,,18,,18,,,,,,,,,,,,,,,,,,,,,,,,,,
19,,,19,,19,,,,,19,,19,,19,,,,,,,,,,,,,,,,,,,,,,,,,,
,26,,26,,26,,,,,26,,26,,26,,,,,,,,,,,,,,,,,,,,,,,,,,
3,,,3,,3,,,,,3,,3,3,,,,,,,,,,,,,,,,,,,,,,,,,,,
,2,,2,,2,,,,,2,,2,2,,,,,,,,,,,,,,,,,,,,,,,,,,,
1,,1,,1,,,,,1,,1,,1,,,,,,,,,,,,,,,,,,,,,,,,,,,
19,,,19,,19,,,,,19,,19,,19,,,,,,,,,,,,,,,,,,,,,,,,,,
,2,,2,,2,,,,,2,,2,2,,,,,,,,,,,,,,,,,,,,,,,,,,,
7,,,7,7,,,,,7,,,7,7,,,,,,,,,,,,,,,,,,,,,,,,,,,
,8,8,,8,,,,,8,,8,,8,,,,,,,,,,,,,,,,,,,,,,,,,,,
,4,4,,,4,,,,,4,4,,4,,,,,,,,,,,,,,,,,,,,,,,,,,,
,6,,6,6,,,,,6,,,6,6,,,,,,,,,,,,,,,,,,,,,,,,,,,
,8,8,,8,,,,,8,,8,,8,,,,,,,,,,,,,,,,,,,,,,,,,,,
5,,5,,,5,,,,,5,5,,5,,,,,,,,,,,,,,,,,,,,,,,,,,,
3,,,3,,3,,,,,3,,3,3,,,,,,,,,,,,,,,,,,,,,,,,,,,
,2,,2,,2,,,,,2,,2,2,,,,,,,,,,,,,,,,,,,,,,,,,,,
,6,,6,6,,,,,6,,,6,6,,,,,,,,,,,,,,,,,,,,,,,,,,,
,4,4,,,4,,,,,4,4,,4,,,,,,,,,,,,,,,,,,,,,,,,,,,
,8,8,,8,,,,,8,,8,,8,,,,,,,,,,,,,,,,,,,,,,,,,,,
,2,,2,,2,,,,,2,,2,2,,,,,,,,,,,,,,,,,,,,,,,,,,,
5,,5,,,5,,,,,5,5,,5,,,,,,,,,,,,,,,,,,,,,,,,,,,
,2,,2,,2,,,,,2,,2,2,,,,,,,,,,,,,,,,,,,,,,,,,,,
,2,,2,,2,,,,,2,,2,2,,,,,,,,,,,,,,,,,,,,,,,,,,,
,2,,2,,2,,,,,2,,2,2,,,,,,,,,,,,,,,,,,,,,,,,,,,
5,,5,,,5,,,,,5,5,,5,,,,,,,,,,,,,,,,,,,,,,,,,,,
5,,5,,,5,,,,,5,5,,5,,,,,,,,,,,,,,,,,,,,,,,,,,,
5,,5,,,5,,,,,5,5,,5,,,,,,,,,,,,,,,,,,,,,,,,,,,
3,,,3,,3,,,,,3,,3,3,,,,,,,,,,,,,,,,,,,,,,,,,,,
7,,,7,7,,,,,7,,,7,7,,,,,,,,,,,,,,,,,,,,,,,,,,,
7,,,7,7,,,,,7,,,7,7,,,,,,,,,,,,,,,,,,,,,,,,,,,
7,,,7,7,,,,,7,,,7,7,,,,,,,,,,,,,,,,,,,,,,,,,,,
7,,,7,7,,,,,7,,,7,7,,,,,,,,,,,,,,,,,,,,,,,,,,,
,6,,6,6,,,,,6,,,6,6,,,,,,,,,,,,,,,,,,,,,,,,,,,
,6,,6,6,,,,,6,,,6,6,,,,,,,,,,,,,,,,,,,,,,,,,,,
,6,,6,6,,,,,6,,,6,6,,,,,,,,,,,,,,,,,,,,,,,,,,,
,6,,6,6,,,,,6,,,6,6,,,,,,,,,,,,,,,,,,,,,,,,,,,
5,,5,,,5,,,,,5,5,,5,,,,,,,,,,,,,,,,,,,,,,,,,,,
5,,5,,,5,,,,,5,5,,5,,,,,,,,,,,,,,,,,,,,,,,,,,,
,4,4,,,4,,,,,4,4,,4,,,,,,,,,,,,,,,,,,,,,,,,,,,
,4,4,,,4,,,,,4,4,,4,,,,,,,,,,,,,,,,,,,,,,,,,,,
,4,4,,,4,,,,,4,4,,4,,,,,,,,,,,,,,,,,,,,,,,,,,,
,4,4,,,4,,,,,4,4,,4,,,,,,,,,,,,,,,,,,,,,,,,,,,
,8,8,,8,,,,,8,,8,,8,,,,,,,,,,,,,,,,,,,,,,,,,,,
,8,8,,8,,,,,8,,8,,8,,,,,,,,,,,,,,,,,,,,,,,,,,,
,8,8,,8,,,,,8,,8,,8,,,,,,,,,,,,,,,,,,,,,,,,,,,
,8,8,,8,,,,,8,,8,,8,,,,,,,,,,,,,,,,,,,,,,,,,,,
,8,8,,8,,,,,8,,8,,8,,,,,,,,,,,,,,,,,,,,,,,,,,,
9,,9,,9,,,,,9,,9,,9,,,,,,,,,,,,,,,,,,,,,,,,,,,
9,,9,,9,,,,,9,,9,,9,,,,,,,,,,,,,,,,,,,,,,,,,,,
9,,9,,9,,,,,9,,9,,9,,,,,,,,,,,,,,,,,,,,,,,,,,,
9,,9,,9,,,,,9,,9,,9,,,,,,,,,,,,,,,,,,,,,,,,,,,
,8,8,,8,,,,,8,,8,,8,,,,,,,,,,,,,,,,,,,,,,,,,,,
7,,,7,7,,,,,7,,,7,7,,,,,,,,,,,,,,,,,,,,,,,,,,,
,6,,6,6,,,,,6,,,6,6,,,,,,,,,,,,,,,,,,,,,,,,,,,
5,,5,,,5,,,,,5,5,,5,,,,,,,,,,,,,,,,,,,,,,,,,,,
5,,5,,,5,,,,,5,5,,5,,,,,,,,,,,,,,,,,,,,,,,,,,,
,4,4,,,4,,,,,4,4,,4,,,,,,,,,,,,,,,,,,,,,,,,,,,
,4,4,,,4,,,,,4,4,,4,,,,,,,,,,,,,,,,,,,,,,,,,,,
3,,,3,,3,,,,,3,,3,3,,,,,,,,,,,,,,,,,,,,,,,,,,,
3,,,3,,3,,,,,3,,3,3,,,,,,,,,,,,,,,,,,,,,,,,,,,
,2,,2,,2,,,,,2,,2,2,,,,,,,,,,,,,,,,,,,,,,,,,,,
,2,,2,,2,,,,,2,,2,2,,,,,,,,,,,,,,,,,,,,,,,,,,,
1,,1,,1,,,,,1,,1,,1,,,,,,,,,,,,,,,,,,,,,,,,,,,
1,,1,,1,,,,,1,,1,,1,,,,,,,,,,,,,,,,,,,,,,,,,,,
1,,1,,1,,,,,1,,1,,1,,,,,,,,,,,,,,,,,,,,,,,,,,,
1,,1,,1,,,,,1,,1,,1,,,,,,,,,,,,,,,,,,,,,,,,,,,
1,,1,,1,,,,,1,,1,,1,,,,,,,,,,,,,,,,,,,,,,,,,,,
,2,,2,,2,,,,,2,,2,2,,,,,,,,,,,,,,,,,,,,,,,,,,,
3,,,3,,3,,,,,3,,3,3,,,,,,,,,,,,,,,,,,,,,,,,,,,
3,,,3,,3,,,,,3,,3,3,,,,,,,,,,,,,,,,,,,,,,,,,,,
3,,,3,,3,,,,,3,,3,3,,,,,,,,,,,,,,,,,,,,,,,,,,,
5,,5,,,5,,,,,5,5,,5,,,,,,,,,,,,,,,,,,,,,,,,,,,
5,,5,,,5,,,,,5,5,,5,,,,,,,,,,,,,,,,,,,,,,,,,,,
,6,,6,6,,,,,6,,,6,6,,,,,,,,,,,,,,,,,,,,,,,,,,,
,6,,6,6,,,,,6,,,6,6,,,,,,,,,,,,,,,,,,,,,,,,,,,
,6,,6,6,,,,,6,,,6,6,,,,,,,,,,,,,,,,,,,,,,,,,,,
,6,,6,6,,,,,6,,,6,6,,,,,,,,,,,,,,,,,,,,,,,,,,,
7,,,7,7,,,,,7,,,7,7,,,,,,,,,,,,,,,,,,,,,,,,,,,
7,,,7,7,,,,,7,,,7,7,,,,,,,,,,,,,,,,,,,,,,,,,,,
7,,,7,7,,,,,7,,,7,7,,,,,,,,,,,,,,,,,,,,,,,,,,,
7,,,7,7,,,,,7,,,7,7,,,,,,,,,,,,,,,,,,,,,,,,,,,
,6,,6,6,,,,,6,,,6,6,,,,,,,,,,,,,,,,,,,,,,,,,,,
,6,,6,6,,,,,6,,,6,6,,,,,,,,,,,,,,,,,,,,,,,,,,,
,4,4,,,4,,,,,4,4,,4,,,,,,,,,,,,,,,,,,,,,,,,,,,
,4,4,,,4,,,,,4,4,,4,,,,,,,,,,,,,,,,,,,,,,,,,,,
3,,,3,,3,,,,,3,,3,3,,,,,,,,,,,,,,,,,,,,,,,,,,,
,2,,2,,2,,,,,2,,2,2,,,,,,,,,,,,,,,,,,,,,,,,,,,
,2,,2,,2,,,,,2,,2,2,,,,,,,,,,,,,,,,,,,,,,,,,,,
3,,,3,,3,,,,,3,,3,3,,,,,,,,,,,,,,,,,,,,,,,,,,,
,4,4,,,4,,,,,4,4,,4,,,,,,,,,,,,,,,,,,,,,,,,,,,
,4,4,,,4,,,,,4,4,,4,,,,,,,,,,,,,,,,,,,,,,,,,,,
5,,5,,,5,,,,,5,5,,5,,,,,,,,,,,,,,,,,,,,,,,,,,,
5,,5,,,5,,,,,5,5,,5,,,,,,,,,,,,,,,,,,,,,,,,,,,
7,,,7,7,,,,,7,,,7,7,,,,,,,,,,,,,,,,,,,,,,,,,,,
7,,,7,7,,,,,7,,,7,7,,,,,,,,,,,,,,,,,,,,,,,,,,,
7,,,7,7,,,,,7,,,7,7,,,,,,,,,,,,,,,,,,,,,,,,,,,
7,,,7,7,,,,,7,,,7,7,,,,,,,,,,,,,,,,,,,,,,,,,,,
7,,,7,7,,,,,7,,,7,7,,,,,,,,,,,,,,,,,,,,,,,,,,,
7,,,7,7,,,,,7,,,7,7,,,,,,,,,,,,,,,,,,,,,,,,,,,
,8,8,,8,,,,,8,,8,,8,,,,,,,,,,,,,,,,,,,,,,,,,,,
,8,8,,8,,,,,8,,8,,8,,,,,,,,,,,,,,,,,,,,,,,,,,,
,8,8,,8,,,,,8,,8,,8,,,,,,,,,,,,,,,,,,,,,,,,,,,
7,,,7,7,,,,,7,,,7,7,,,,,,,,,,,,,,,,,,,,,,,,,,,
7,,,7,7,,,,,7,,,7,7,,,,,,,,,,,,,,,,,,,,,,,,,,,
7,,,7,7,,,,,7,,,7,7,,,,,,,,,,,,,,,,,,,,,,,,,,,
7,,,7,7,,,,,7,,,7,7,,,,,,,,,,,,,,,,,,,,,,,,,,,
7,,,7,7,,,,,7,,,7,7,,,,,,,,,,,,,,,,,,,,,,,,,,,
,6,,6,6,,,,,6,,,6,6,,,,,,,,,,,,,,,,,,,,,,,,,,,
,6,,6,6,,,,,6,,,6,6,,,,,,,,,,,,,,,,,,,,,,,,,,,
,6,,6,6,,,,,6,,,6,6,,,,,,,,,,,,,,,,,,,,,,,,,,,
,12,12,,,12,,,,,12,12,,12,,,,,,,,,,,,,,,,,,,,,,,,,,,
,22,,22,22,,,,,22,,,22,,22,,,,,,,,,,,,,,,,,,,,,,,,,,
,12,12,,,12,,,,,12,12,,12,,,,,,,,,,,,,,,,,,,,,,,,,,,
,24,24,,24,,,,,24,,24,,,24,,,,,,,,,,,,,,,,,,,,,,,,,,
13,,13,,,13,,,,,13,13,,13,,,,,,,,,,,,,,,,,,,,,,,,,,,
23,,,23,23,,,,,23,,,23,,23,,,,,,,,,,,,,,,,,,,,,,,,,,
15,,,15,15,,,,,15,,,15,15,,,,,,,,,,,,,,,,,,,,,,,,,,,
1,,1,,1,,,,,1,,1,,1,,,,,,,,,,,,,,,,,,,,,,,,,,,
13,,13,,,13,,,,,13,13,,13,,,,,,,,,,,,,,,,,,,,,,,,,,,
,32,32,,32,,,,,32,,32,,,32,,,,,,,,,,,,,,,,,,,,,,,,,,
1,,1,,1,,,,,1,,1,,1,,,,,,,,,,,,,,,,,,,,,,,,,,,
,14,,14,14,,,,,14,,,14,14,,,,,,,,,,,,,,,,,,,,,,,,,,,
,6,,6,6,,,,,6,,,6,6,,,,,,,,,,,,,,,,,,,,,,,,,,,
,6,,6,6,,,,,6,,,6,6,,,,,,,,,,,,,,,,,,,,,,,,,,,
,6,,6,6,,,,,6,,,6,6,,,,,,,,,,,,,,,,,,,,,,,,,,,
5,,5,,,5,,,,,5,5,,5,,,,,,,,,,,,,,,,,,,,,,,,,,,
5,,5,,,5,,,,,5,5,,5,,,,,,,,,,,,,,,,,,,,,,,,,,,
5,,5,,,5,,,,,5,5,,5,,,,,,,,,,,,,,,,,,,,,,,,,,,
,4,4,,,4,,,,,4,4,,4,,,,,,,,,,,,,,,,,,,,,,,,,,,
,4,4,,,4,,,,,4,4,,4,,,,,,,,,,,,,,,,,,,,,,,,,,,
,4,4,,,4,,,,,4,4,,4,,,,,,,,,,,,,,,,,,,,,,,,,,,
,4,4,,,4,,,,,4,4,,4,,,,,,,,,,,,,,,,,,,,,,,,,,,
,4,4,,,4,,,,,4,4,,4,,,,,,,,,,,,,,,,,,,,,,,,,,,
3,,,3,,3,,,,,3,,3,3,,,,,,,,,,,,,,,,,,,,,,,,,,,
3,,,3,,3,,,,,3,,3,3,,,,,,,,,,,,,,,,,,,,,,,,,,,
3,,,3,,3,,,,,3,,3,3,,,,,,,,,,,,,,,,,,,,,,,,,,,
3,,,3,,3,,,,,3,,3,3,,,,,,,,,,,,,,,,,,,,,,,,,,,
3,,,3,,3,,,,,3,,3,3,,,,,,,,,,,,,,,,,,,,,,,,,,,
,2,,2,,2,,,,,2,,2,2,,,,,,,,,,,,,,,,,,,,,,,,,,,
,2,,2,,2,,,,,2,,2,2,,,,,,,,,,,,,,,,,,,,,,,,,,,
,2,,2,,2,,,,,2,,2,2,,,,,,,,,,,,,,,,,,,,,,,,,,,
,33,33,,33,,,,,33,,33,,,33,,,,,,,,,,,,,,,,,,,,,,,,,,
,33,33,,33,,,,,33,,33,,,33,,,,,,,,,,,,,,,,,,,,,,,,,,
,33,33,,33,,,,,33,,33,,,33,,,,,,,,,,,,,,,,,,,,,,,,,,
11,,,11,,11,,,,,11,,11,11,,,,,,,,,,,,,,,,,,,,,,,,,,,
11,,,11,,11,,,,,11,,11,11,,,,,,,,,,,,,,,,,,,,,,,,,,,
11,,,11,,11,,,,,11,,11,11,,,,,,,,,,,,,,,,,,,,,,,,,,,
11,,,11,,11,,,,,11,,11,11,,,,,,,,,,,,,,,,,,,,,,,,,,,
11,,,11,,11,,,,,11,,11,11,,,,,,,,,,,,,,,,,,,,,,,,,,,
,22,,22,22,,,,,22,,,22,,22,,,,,,,,,,,,,,,,,,,,,,,,,,
,22,,22,22,,,,,22,,,22,,22,,,,,,,,,,,,,,,,,,,,,,,,,,
,22,,22,22,,,,,22,,,22,,22,,,,,,,,,,,,,,,,,,,,,,,,,,
,22,,22,22,,,,,22,,,22,,22,,,,,,,,,,,,,,,,,,,,,,,,,,
,22,,22,22,,,,,22,,,22,,22,,,,,,,,,,,,,,,,,,,,,,,,,,
,22,,22,22,,,,,22,,,22,,22,,,,,,,,,,,,,,,,,,,,,,,,,,
11,,,11,,11,,,,,11,,11,11,,,,,,,,,,,,,,,,,,,,,,,,,,,
11,,,11,,11,,,,,11,,11,11,,,,,,,,,,,,,,,,,,,,,,,,,,,
,22,,22,22,,,,,22,,,22,,22,,,,,,,,,,,,,,,,,,,,,,,,,,
11,,,11,,11,,,,,11,,11,11,,,,,,,,,,,,,,,,,,,,,,,,,,,
15,,,15,15,,,,,15,,,15,15,,,,,,,,,,,,,,,,,,,,,,,,,,,
,16,16,,16,,,,,16,,16,,16,,,,,,,,,,,,,,,,,,,,,,,,,,,
,,,,,,,,,,,,,,,,,,,,,,,,,,,,,,,,,,,,,,,,
15,,,15,15,,,,,15,,,15,15,,,,,,,,,,,,,,,,,,,,,,,,,,,
,14,,14,14,,,,,14,,,14,14,,,,,,,,,,,,,,,,,,,,,,,,,,,
15,,,15,15,,,,,15,,,15,15,,,,,,,,,,,,,,,,,,,,,,,,,,,
13,,13,,,13,,,,,13,13,,13,,,,,,,,,,,,,,,,,,,,,,,,,,,
23,,,23,23,,,,,23,,,23,,23,,,,,,,,,,,,,,,,,,,,,,,,,,
15,,,15,15,,,,,15,,,15,15,,,,,,,,,,,,,,,,,,,,,,,,,,,
,,,,,,,,,,,,,,,,,,,,,,,,,,,,,,,,,,,,,,,,
1,,1,,1,,,,,1,,1,,1,,,,,,,,,,,,,,,,,,,,,,,,,,,
17,,17,,17,,,,,17,,17,,,17,,,,,,,,,,,,,,,,,,,,,,,,,,
17,,17,,17,,,,,17,,17,,,17,,,,,,,,,,,,,,,,,,,,,,,,,,
17,,17,,17,,,,,17,,17,,,17,,,,,,,,,,,,,,,,,,,,,,,,,,
27,,,27,,27,,,,,27,,27,,27,,,,,,,,,,,,,,,,,,,,,,,,,,
,16,16,,16,,,,,16,,16,,16,,,,,,,,,,,,,,,,,,,,,,,,,,,
,16,16,,16,,,,,16,,16,,16,,,,,,,,,,,,,,,,,,,,,,,,,,,
25,,25,,25,,,,,25,,25,,,25,,,,,,,,,,,,,,,,,,,,,,,,,,
25,,25,,25,,,,,25,,25,,,25,,,,,,,,,,,,,,,,,,,,,,,,,,
25,,25,,25,,,,,25,,25,,,25,,,,,,,,,,,,,,,,,,,,,,,,,,
17,,17,,17,,,,,17,,17,,,17,,,,,,,,,,,,,,,,,,,,,,,,,,
17,,17,,17,,,,,17,,17,,,17,,,,,,,,,,,,,,,,,,,,,,,,,,
23,,,23,23,,,,,23,,,23,,23,,,,,,,,,,,,,,,,,,,,,,,,,,
,18,,18,,18,,,,,18,,18,,18,,,,,,,,,,,,,,,,,,,,,,,,,,
1,,1,,1,,,,,1,,1,,1,,,,,,,,,,,,,,,,,,,,,,,,,,,
7,,,7,7,,,,,7,,,7,7,,,,,,,,,,,,,,,,,,,,,,,,,,,
7,,,7,7,,,,,7,,,7,7,,,,,,,,,,,,,,,,,,,,,,,,,,,
5,,5,,,5,,,,,5,5,,5,,,,,,,,,,,,,,,,,,,,,,,,,,,
9,,9,,9,,,,,9,,9,,9,,,,,,,,,,,,,,,,,,,,,,,,,,,
9,,9,,9,,,,,9,,9,,9,,,,,,,,,,,,,,,,,,,,,,,,,,,
9,,9,,9,,,,,9,,9,,9,,,,,,,,,,,,,,,,,,,,,,,,,,,
9,,9,,9,,,,,9,,9,,9,,,,,,,,,,,,,,,,,,,,,,,,,,,
9,,9,,9,,,,,9,,9,,9,,,,,,,,,,,,,,,,,,,,,,,,,,,
7,,,7,7,,,,,7,,,7,7,,,,,,,,,,,,,,,,,,,,,,,,,,,
7,,,7,7,,,,,7,,,7,7,,,,,,,,,,,,,,,,,,,,,,,,,,,
7,,,7,7,,,,,7,,,7,7,,,,,,,,,,,,,,,,,,,,,,,,,,,
7,,,7,7,,,,,7,,,7,7,,,,,,,,,,,,,,,,,,,,,,,,,,,
7,,,7,7,,,,,7,,,7,7,,,,,,,,,,,,,,,,,,,,,,,,,,,
5,,5,,,5,,,,,5,5,,5,,,,,,,,,,,,,,,,,,,,,,,,,,,
5,,5,,,5,,,,,5,5,,5,,,,,,,,,,,,,,,,,,,,,,,,,,,
5,,5,,,5,,,,,5,5,,5,,,,,,,,,,,,,,,,,,,,,,,,,,,
,18,,18,,18,,,,,18,,18,,18,,,,,,,,,,,,,,,,,,,,,,,,,,
,4,4,,,4,,,,,4,4,,4,,,,,,,,,,,,,,,,,,,,,,,,,,,
3,,,3,,3,,,,,3,,3,3,,,,,,,,,,,,,,,,,,,,,,,,,,,
3,,,3,,3,,,,,3,,3,3,,,,,,,,,,,,,,,,,,,,,,,,,,,
1,,1,,1,,,,,1,,1,,1,,,,,,,,,,,,,,,,,,,,,,,,,,,
25,,25,,25,,,,,25,,25,,,25,,,,,,,,,,,,,,,,,,,,,,,,,,
5,,5,,,5,,,,,5,5,,5,,,,,,,,,,,,,,,,,,,,,,,,,,,
5,,5,,,5,,,,,5,5,,5,,,,,,,,,,,,,,,,,,,,,,,,,,,
,4,4,,,4,,,,,4,4,,4,,,,,,,,,,,,,,,,,,,,,,,,,,,
,6,,6,6,,,,,6,,,6,6,,,,,,,,,,,,,,,,,,,,,,,,,,,
,6,,6,6,,,,,6,,,6,6,,,,,,,,,,,,,,,,,,,,,,,,,,,
,6,,6,6,,,,,6,,,6,6,,,,,,,,,,,,,,,,,,,,,,,,,,,
,6,,6,6,,,,,6,,,6,6,,,,,,,,,,,,,,,,,,,,,,,,,,,
3,,,3,,3,,,,,3,,3,3,,,,,,,,,,,,,,,,,,,,,,,,,,,
3,,,3,,3,,,,,3,,3,3,,,,,,,,,,,,,,,,,,,,,,,,,,,
,8,8,,8,,,,,8,,8,,8,,,,,,,,,,,,,,,,,,,,,,,,,,,
,8,8,,8,,,,,8,,8,,8,,,,,,,,,,,,,,,,,,,,,,,,,,,
,8,8,,8,,,,,8,,8,,8,,,,,,,,,,,,,,,,,,,,,,,,,,,
,8,8,,8,,,,,8,,8,,8,,,,,,,,,,,,,,,,,,,,,,,,,,,
,8,8,,8,,,,,8,,8,,8,,,,,,,,,,,,,,,,,,,,,,,,,,,
,8,8,,8,,,,,8,,8,,8,,,,,,,,,,,,,,,,,,,,,,,,,,,
,6,,6,6,,,,,6,,,6,6,,,,,,,,,,,,,,,,,,,,,,,,,,,
,6,,6,6,,,,,6,,,6,6,,,,,,,,,,,,,,,,,,,,,,,,,,,
5,,5,,,5,,,,,5,5,,5,,,,,,,,,,,,,,,,,,,,,,,,,,,
,4,4,,,4,,,,,4,4,,4,,,,,,,,,,,,,,,,,,,,,,,,,,,
,4,4,,,4,,,,,4,4,,4,,,,,,,,,,,,,,,,,,,,,,,,,,,
,4,4,,,4,,,,,4,4,,4,,,,,,,,,,,,,,,,,,,,,,,,,,,
5,,5,,,5,,,,,5,5,,5,,,,,,,,,,,,,,,,,,,,,,,,,,,
5,,5,,,5,,,,,5,5,,5,,,,,,,,,,,,,,,,,,,,,,,,,,,
5,,5,,,5,,,,,5,5,,5,,,,,,,,,,,,,,,,,,,,,,,,,,,
5,,5,,,5,,,,,5,5,,5,,,,,,,,,,,,,,,,,,,,,,,,,,,
5,,5,,,5,,,,,5,5,,5,,,,,,,,,,,,,,,,,,,,,,,,,,,
5,,5,,,5,,,,,5,5,,5,,,,,,,,,,,,,,,,,,,,,,,,,,,
5,,5,,,5,,,,,5,5,,5,,,,,,,,,,,,,,,,,,,,,,,,,,,
,4,4,,,4,,,,,4,4,,4,,,,,,,,,,,,,,,,,,,,,,,,,,,
,4,4,,,4,,,,,4,4,,4,,,,,,,,,,,,,,,,,,,,,,,,,,,
,4,4,,,4,,,,,4,4,,4,,,,,,,,,,,,,,,,,,,,,,,,,,,
,8,8,,8,,,,,8,,8,,8,,,,,,,,,,,,,,,,,,,,,,,,,,,
,8,8,,8,,,,,8,,8,,8,,,,,,,,,,,,,,,,,,,,,,,,,,,
,8,8,,8,,,,,8,,8,,8,,,,,,,,,,,,,,,,,,,,,,,,,,,
,8,8,,8,,,,,8,,8,,8,,,,,,,,,,,,,,,,,,,,,,,,,,,
,8,8,,8,,,,,8,,8,,8,,,,,,,,,,,,,,,,,,,,,,,,,,,
7,,,7,7,,,,,7,,,7,7,,,,,,,,,,,,,,,,,,,,,,,,,,,
7,,,7,7,,,,,7,,,7,7,,,,,,,,,,,,,,,,,,,,,,,,,,,
7,,,7,7,,,,,7,,,7,7,,,,,,,,,,,,,,,,,,,,,,,,,,,
7,,,7,7,,,,,7,,,7,7,,,,,,,,,,,,,,,,,,,,,,,,,,,
7,,,7,7,,,,,7,,,7,7,,,,,,,,,,,,,,,,,,,,,,,,,,,
7,,,7,7,,,,,7,,,7,7,,,,,,,,,,,,,,,,,,,,,,,,,,,
7,,,7,7,,,,,7,,,7,7,,,,,,,,,,,,,,,,,,,,,,,,,,,
7,,,7,7,,,,,7,,,7,7,,,,,,,,,,,,,,,,,,,,,,,,,,,
7,,,7,7,,,,,7,,,7,7,,,,,,,,,,,,,,,,,,,,,,,,,,,
7,,,7,7,,,,,7,,,7,7,,,,,,,,,,,,,,,,,,,,,,,,,,,
7,,,7,7,,,,,7,,,7,7,,,,,,,,,,,,,,,,,,,,,,,,,,,
7,,,7,7,,,,,7,,,7,7,,,,,,,,,,,,,,,,,,,,,,,,,,,
,6,,6,6,,,,,6,,,6,6,,,,,,,,,,,,,,,,,,,,,,,,,,,
,6,,6,6,,,,,6,,,6,6,,,,,,,,,,,,,,,,,,,,,,,,,,,
,6,,6,6,,,,,6,,,6,6,,,,,,,,,,,,,,,,,,,,,,,,,,,
5,,5,,,5,,,,,5,5,,5,,,,,,,,,,,,,,,,,,,,,,,,,,,
5,,5,,,5,,,,,5,5,,5,,,,,,,,,,,,,,,,,,,,,,,,,,,
5,,5,,,5,,,,,5,5,,5,,,,,,,,,,,,,,,,,,,,,,,,,,,
5,,5,,,5,,,,,5,5,,5,,,,,,,,,,,,,,,,,,,,,,,,,,,
5,,5,,,5,,,,,5,5,,5,,,,,,,,,,,,,,,,,,,,,,,,,,,
,4,4,,,4,,,,,4,4,,4,,,,,,,,,,,,,,,,,,,,,,,,,,,
,4,4,,,4,,,,,4,4,,4,,,,,,,,,,,,,,,,,,,,,,,,,,,
,4,4,,,4,,,,,4,4,,4,,,,,,,,,,,,,,,,,,,,,,,,,,,
,4,4,,,4,,,,,4,4,,4,,,,,,,,,,,,,,,,,,,,,,,,,,,
,4,4,,,4,,,,,4,4,,4,,,,,,,,,,,,,,,,,,,,,,,,,,,
,4,4,,,4,,,,,4,4,,4,,,,,,,,,,,,,,,,,,,,,,,,,,,
,4,4,,,4,,,,,4,4,,4,,,,,,,,,,,,,,,,,,,,,,,,,,,
,4,4,,,4,,,,,4,4,,4,,,,,,,,,,,,,,,,,,,,,,,,,,,
,4,4,,,4,,,,,4,4,,4,,,,,,,,,,,,,,,,,,,,,,,,,,,
7,,,7,7,,,,,7,,,7,7,,,,,,,,,,,,,,,,,,,,,,,,,,,
,6,,6,6,,,,,6,,,6,6,,,,,,,,,,,,,,,,,,,,,,,,,,,
,6,,6,6,,,,,6,,,6,6,,,,,,,,,,,,,,,,,,,,,,,,,,,
,6,,6,6,,,,,6,,,6,6,,,,,,,,,,,,,,,,,,,,,,,,,,,
5,,5,,,5,,,,,5,5,,5,,,,,,,,,,,,,,,,,,,,,,,,,,,
,4,4,,,4,,,,,4,4,,4,,,,,,,,,,,,,,,,,,,,,,,,,,,
,2,,2,,2,,,,,2,,2,2,,,,,,,,,,,,,,,,,,,,,,,,,,,
9,,9,,9,,,,,9,,9,,9,,,,,,,,,,,,,,,,,,,,,,,,,,,
,,,,,,,,,,,,,,,,,,,,,,,,,,,,,,,,,,,,,,,,
,2,,2,,2,,,,,2,,2,2,,,,,,,,,,,,,,,,,,,,,,,,,,,
,2,,2,,2,,,,,2,,2,2,,,,,,,,,,,,,,,,,,,,,,,,,,,
1,,1,,1,,,,,1,,1,,1,,,,,,,,,,,,,,,,,,,,,,,,,,,
,8,8,,8,,,,,8,,8,,8,,,,,,,,,,,,,,,,,,,,,,,,,,,
9,,9,,9,,,,,9,,9,,9,,,,,,,,,,,,,,,,,,,,,,,,,,,
7,,,7,7,,,,,7,,,7,7,,,,,,,,,,,,,,,,,,,,,,,,,,,
5,,5,,,5,,,,,5,5,,5,,,,,,,,,,,,,,,,,,,,,,,,,,,
,4,4,,,4,,,,,4,4,,4,,,,,,,,,,,,,,,,,,,,,,,,,,,
3,,,3,,3,,,,,3,,3,3,,,,,,,,,,,,,,,,,,,,,,,,,,,
,2,,2,,2,,,,,2,,2,2,,,,,,,,,,,,,,,,,,,,,,,,,,,
1,,1,,1,,,,,1,,1,,1,,,,,,,,,,,,,,,,,,,,,,,,,,,
7,,,7,7,,,,,7,,,7,7,,,,,,,,,,,,,,,,,,,,,,,,,,,
,8,8,,8,,,,,8,,8,,8,,,,,,,,,,,,,,,,,,,,,,,,,,,
9,,9,,9,,,,,9,,9,,9,,,,,,,,,,,,,,,,,,,,,,,,,,,
,4,4,,,4,,,,,4,4,,4,,,,,,,,,,,,,,,,,,,,,,,,,,,
5,,5,,,5,,,,,5,5,,5,,,,,,,,,,,,,,,,,,,,,,,,,,,
3,,,3,,3,,,,,3,,3,3,,,,,,,,,,,,,,,,,,,,,,,,,,,
,2,,2,,2,,,,,2,,2,2,,,,,,,,,,,,,,,,,,,,,,,,,,,
,6,,6,6,,,,,6,,,6,6,,,,,,,,,,,,,,,,,,,,,,,,,,,
,8,8,,8,,,,,8,,8,,8,,,,,,,,,,,,,,,,,,,,,,,,,,,
9,,9,,9,,,,,9,,9,,9,,,,,,,,,,,,,,,,,,,,,,,,,,,
3,,,3,,3,,,,,3,,3,3,,,,,,,,,,,,,,,,,,,,,,,,,,,
,2,,2,,2,,,,,2,,2,2,,,,,,,,,,,,,,,,,,,,,,,,,,,
,4,4,,,4,,,,,4,4,,4,,,,,,,,,,,,,,,,,,,,,,,,,,,
,6,,6,6,,,,,6,,,6,6,,,,,,,,,,,,,,,,,,,,,,,,,,,
7,,,7,7,,,,,7,,,7,7,,,,,,,,,,,,,,,,,,,,,,,,,,,
,4,4,,,4,,,,,4,4,,4,,,,,,,,,,,,,,,,,,,,,,,,,,,
,8,8,,8,,,,,8,,8,,8,,,,,,,,,,,,,,,,,,,,,,,,,,,
,4,4,,,4,,,,,4,4,,4,,,,,,,,,,,,,,,,,,,,,,,,,,,
,6,,6,6,,,,,6,,,6,6,,,,,,,,,,,,,,,,,,,,,,,,,,,
5,,5,,,5,,,,,5,5,,5,,,,,,,,,,,,,,,,,,,,,,,,,,,
3,,,3,,3,,,,,3,,3,3,,,,,,,,,,,,,,,,,,,,,,,,,,,
9,,9,,9,,,,,9,,9,,9,,,,,,,,,,,,,,,,,,,,,,,,,,,
,6,,6,6,,,,,6,,,6,6,,,,,,,,,,,,,,,,,,,,,,,,,,,
,,,,,,,,,,,,,,,,,,,,,,,,,,,,,,,,,,,,,,,,
3,,,3,,3,,,,,3,,3,3,,,,,,,,,,,,,,,,,,,,,,,,,,,
,4,4,,,4,,,,,4,4,,4,,,,,,,,,,,,,,,,,,,,,,,,,,,
,6,,6,6,,,,,6,,,6,6,,,,,,,,,,,,,,,,,,,,,,,,,,,
7,,,7,7,,,,,7,,,7,7,,,,,,,,,,,,,,,,,,,,,,,,,,,
5,,5,,,5,,,,,5,5,,5,,,,,,,,,,,,,,,,,,,,,,,,,,,
,6,,6,6,,,,,6,,,6,6,,,,,,,,,,,,,,,,,,,,,,,,,,,
,12,12,,,12,,,,,12,12,,12,,,,,,,,,,,,,,,,,,,,,,,,,,,
13,,13,,,13,,,,,13,13,,13,,,,,,,,,,,,,,,,,,,,,,,,,,,
23,,,23,23,,,,,23,,,23,,23,,,,,,,,,,,,,,,,,,,,,,,,,,
13,,13,,,13,,,,,13,13,,13,,,,,,,,,,,,,,,,,,,,,,,,,,,
11,,,11,,11,,,,,11,,11,11,,,,,,,,,,,,,,,,,,,,,,,,,,,
,22,,22,22,,,,,22,,,22,,22,,,,,,,,,,,,,,,,,,,,,,,,,,
,33,33,,33,,,,,33,,33,,,33,,,,,,,,,,,,,,,,,,,,,,,,,,
11,,,11,,11,,,,,11,,11,11,,,,,,,,,,,,,,,,,,,,,,,,,,,
,22,,22,22,,,,,22,,,22,,22,,,,,,,,,,,,,,,,,,,,,,,,,,
,33,33,,33,,,,,33,,33,,,33,,,,,,,,,,,,,,,,,,,,,,,,,,
,22,,22,22,,,,,22,,,22,,22,,,,,,,,,,,,,,,,,,,,,,,,,,
25,,25,,25,,,,,25,,25,,,25,,,,,,,,,,,,,,,,,,,,,,,,,,
,32,32,,32,,,,,32,,32,,,32,,,,,,,,,,,,,,,,,,,,,,,,,,
,12,12,,,12,,,,,12,12,,12,,,,,,,,,,,,,,,,,,,,,,,,,,,
,18,,18,,18,,,,,18,,18,,18,,,,,,,,,,,,,,,,,,,,,,,,,,
17,,17,,17,,,,,17,,17,,,17,,,,,,,,,,,,,,,,,,,,,,,,,,
,12,12,,,12,,,,,12,12,,12,,,,,,,,,,,,,,,,,,,,,,,,,,,
17,,17,,17,,,,,17,,17,,,17,,,,,,,,,,,,,,,,,,,,,,,,,,
,18,,18,,18,,,,,18,,18,,18,,,,,,,,,,,,,,,,,,,,,,,,,,
19,,,19,,19,,,,,19,,19,,19,,,,,,,,,,,,,,,,,,,,,,,,,,
,12,12,,,12,,,,,12,12,,12,,,,,,,,,,,,,,,,,,,,,,,,,,,
23,,,23,23,,,,,23,,,23,,23,,,,,,,,,,,,,,,,,,,,,,,,,,
15,,,15,15,,,,,15,,,15,15,,,,,,,,,,,,,,,,,,,,,,,,,,,
19,,,19,,19,,,,,19,,19,,19,,,,,,,,,,,,,,,,,,,,,,,,,,
19,,,19,,19,,,,,19,,19,,19,,,,,,,,,,,,,,,,,,,,,,,,,,
,20,20,,,20,,,,,20,20,,,20,,,,,,,,,,,,,,,,,,,,,,,,,,
,28,28,,,28,,,,,28,28,,,28,,,,,,,,,,,,,,,,,,,,,,,,,,
,20,20,,,20,,,,,20,20,,,20,,,,,,,,,,,,,,,,,,,,,,,,,,
,26,,26,,26,,,,,26,,26,,26,,,,,,,,,,,,,,,,,,,,,,,,,,
27,,,27,,27,,,,,27,,27,,27,,,,,,,,,,,,,,,,,,,,,,,,,,
29,,29,,,29,,,,,29,29,,,29,,,,,,,,,,,,,,,,,,,,,,,,,,
11,,,11,,11,,,,,11,,11,11,,,,,,,,,,,,,,,,,,,,,,,,,,,
,22,,22,22,,,,,22,,,22,,22,,,,,,,,,,,,,,,,,,,,,,,,,,
,22,,22,22,,,,,22,,,22,,22,,,,,,,,,,,,,,,,,,,,,,,,,,
,28,28,,,28,,,,,28,28,,,28,,,,,,,,,,,,,,,,,,,,,,,,,,
,12,12,,,12,,,,,12,12,,12,,,,,,,,,,,,,,,,,,,,,,,,,,,
29,,29,,,29,,,,,29,29,,,29,,,,,,,,,,,,,,,,,,,,,,,,,,
,22,,22,22,,,,,22,,,22,,22,,,,,,,,,,,,,,,,,,,,,,,,,,
3,,,3,,3,,,,,3,,3,3,,,,,,,,,,,,,,,,,,,,,,,,,,,
3,,,3,,3,,,,,3,,3,3,,,,,,,,,,,,,,,,,,,,,,,,,,,
,4,4,,,4,,,,,4,4,,4,,,,,,,,,,,,,,,,,,,,,,,,,,,
,6,,6,6,,,,,6,,,6,6,,,,,,,,,,,,,,,,,,,,,,,,,,,
,2,,2,,2,,,,,2,,2,2,,,,,,,,,,,,,,,,,,,,,,,,,,,
,8,8,,8,,,,,8,,8,,8,,,,,,,,,,,,,,,,,,,,,,,,,,,
9,,9,,9,,,,,9,,9,,9,,,,,,,,,,,,,,,,,,,,,,,,,,,
,,,,,,,,,,,,,,,,,,,,,,,,,,,,,,,,,,,,,,,,
,2,,2,,2,,,,,2,,2,2,,,,,,,,,,,,,,,,,,,,,,,,,,,
1,,1,,1,,,,,1,,1,,1,,,,,,,,,,,,,,,,,,,,,,,,,,,
3,,,3,,3,,,,,3,,3,3,,,,,,,,,,,,,,,,,,,,,,,,,,,
,2,,2,,2,,,,,2,,2,2,,,,,,,,,,,,,,,,,,,,,,,,,,,
,12,12,,,12,,,,,12,12,,12,,,,,,,,,,,,,,,,,,,,,,,,,,,
15,,,15,15,,,,,15,,,15,15,,,,,,,,,,,,,,,,,,,,,,,,,,,
17,,17,,17,,,,,17,,17,,,17,,,,,,,,,,,,,,,,,,,,,,,,,,
19,,,19,,19,,,,,19,,19,,19,,,,,,,,,,,,,,,,,,,,,,,,,,
,22,,22,22,,,,,22,,,22,,22,,,,,,,,,,,,,,,,,,,,,,,,,,
15,,,15,15,,,,,15,,,15,15,,,,,,,,,,,,,,,,,,,,,,,,,,,
,22,,22,22,,,,,22,,,22,,22,,,,,,,,,,,,,,,,,,,,,,,,,,
,22,,22,22,,,,,22,,,22,,22,,,,,,,,,,,,,,,,,,,,,,,,,,
29,,29,,,29,,,,,29,29,,,29,,,,,,,,,,,,,,,,,,,,,,,,,,
11,,,11,,11,,,,,11,,11,11,,,,,,,,,,,,,,,,,,,,,,,,,,,
,22,,22,22,,,,,22,,,22,,22,,,,,,,,,,,,,,,,,,,,,,,,,,
11,,,11,,11,,,,,11,,11,11,,,,,,,,,,,,,,,,,,,,,,,,,,,
,12,12,,,12,,,,,12,12,,12,,,,,,,,,,,,,,,,,,,,,,,,,,,
,14,,14,14,,,,,14,,,14,14,,,,,,,,,,,,,,,,,,,,,,,,,,,
,16,16,,16,,,,,16,,16,,16,,,,,,,,,,,,,,,,,,,,,,,,,,,
,12,12,,,12,,,,,12,12,,12,,,,,,,,,,,,,,,,,,,,,,,,,,,
,12,12,,,12,,,,,12,12,,12,,,,,,,,,,,,,,,,,,,,,,,,,,,
,4,4,,,4,,,,,4,4,,4,,,,,,,,,,,,,,,,,,,,,,,,,,,
,8,8,,8,,,,,8,,8,,8,,,,,,,,,,,,,,,,,,,,,,,,,,,
,,,,,,,,,,,,,,,,,,,,,,,,,,,,,,,,,,,,,,,,
7,,,7,7,,,,,7,,,7,7,,,,,,,,,,,,,,,,,,,,,,,,,,,
9,,9,,9,,,,,9,,9,,9,,,,,,,,,,,,,,,,,,,,,,,,,,,
,4,4,,,4,,,,,4,4,,4,,,,,,,,,,,,,,,,,,,,,,,,,,,
,2,,2,,2,,,,,2,,2,2,,,,,,,,,,,,,,,,,,,,,,,,,,,
,4,4,,,4,,,,,4,4,,4,,,,,,,,,,,,,,,,,,,,,,,,,,,
1,,1,,1,,,,,1,,1,,1,,,,,,,,,,,,,,,,,,,,,,,,,,,
3,,,3,,3,,,,,3,,3,3,,,,,,,,,,,,,,,,,,,,,,,,,,,
7,,,7,7,,,,,7,,,7,7,,,,,,,,,,,,,,,,,,,,,,,,,,,
,2,,2,,2,,,,,2,,2,2,,,,,,,,,,,,,,,,,,,,,,,,,,,
,6,,6,6,,,,,6,,,6,6,,,,,,,,,,,,,,,,,,,,,,,,,,,
,2,,2,,2,,,,,2,,2,2,,,,,,,,,,,,,,,,,,,,,,,,,,,
3,,,3,,3,,,,,3,,3,3,,,,,,,,,,,,,,,,,,,,,,,,,,,
,2,,2,,2,,,,,2,,2,2,,,,,,,,,,,,,,,,,,,,,,,,,,,
,6,,6,6,,,,,6,,,6,6,,,,,,,,,,,,,,,,,,,,,,,,,,,
,2,,2,,2,,,,,2,,2,2,,,,,,,,,,,,,,,,,,,,,,,,,,,
5,,5,,,5,,,,,5,5,,5,,,,,,,,,,,,,,,,,,,,,,,,,,,
3,,,3,,3,,,,,3,,3,3,,,,,,,,,,,,,,,,,,,,,,,,,,,
,2,,2,,2,,,,,2,,2,2,,,,,,,,,,,,,,,,,,,,,,,,,,,
7,,,7,7,,,,,7,,,7,7,,,,,,,,,,,,,,,,,,,,,,,,,,,
9,,9,,9,,,,,9,,9,,9,,,,,,,,,,,,,,,,,,,,,,,,,,,
9,,9,,9,,,,,9,,9,,9,,,,,,,,,,,,,,,,,,,,,,,,,,,
,4,4,,,4,,,,,4,4,,4,,,,,,,,,,,,,,,,,,,,,,,,,,,
,2,,2,,2,,,,,2,,2,2,,,,,,,,,,,,,,,,,,,,,,,,,,,
,2,,2,,2,,,,,2,,2,2,,,,,,,,,,,,,,,,,,,,,,,,,,,
1,,1,,1,,,,,1,,1,,1,,,,,,,,,,,,,,,,,,,,,,,,,,,
5,,5,,,5,,,,,5,5,,5,,,,,,,,,,,,,,,,,,,,,,,,,,,
,2,,2,,2,,,,,2,,2,2,,,,,,,,,,,,,,,,,,,,,,,,,,,
5,,5,,,5,,,,,5,5,,5,,,,,,,,,,,,,,,,,,,,,,,,,,,
,2,,2,,2,,,,,2,,2,2,,,,,,,,,,,,,,,,,,,,,,,,,,,
,4,4,,,4,,,,,4,4,,4,,,,,,,,,,,,,,,,,,,,,,,,,,,
,2,,2,,2,,,,,2,,2,2,,,,,,,,,,,,,,,,,,,,,,,,,,,
,2,,2,,2,,,,,2,,2,2,,,,,,,,,,,,,,,,,,,,,,,,,,,
3,,,3,,3,,,,,3,,3,3,,,,,,,,,,,,,,,,,,,,,,,,,,,
,6,,6,6,,,,,6,,,6,6,,,,,,,,,,,,,,,,,,,,,,,,,,,
7,,,7,7,,,,,7,,,7,7,,,,,,,,,,,,,,,,,,,,,,,,,,,
,8,8,,8,,,,,8,,8,,8,,,,,,,,,,,,,,,,,,,,,,,,,,,
9,,9,,9,,,,,9,,9,,9,,,,,,,,,,,,,,,,,,,,,,,,,,,
,4,4,,,4,,,,,4,4,,4,,,,,,,,,,,,,,,,,,,,,,,,,,,
1,,1,,1,,,,,1,,1,,1,,,,,,,,,,,,,,,,,,,,,,,,,,,
3,,,3,,3,,,,,3,,3,3,,,,,,,,,,,,,,,,,,,,,,,,,,,
5,,5,,,5,,,,,5,5,,5,,,,,,,,,,,,,,,,,,,,,,,,,,,
,6,,6,6,,,,,6,,,6,6,,,,,,,,,,,,,,,,,,,,,,,,,,,
3,,,3,,3,,,,,3,,3,3,,,,,,,,,,,,,,,,,,,,,,,,,,,
5,,5,,,5,,,,,5,5,,5,,,,,,,,,,,,,,,,,,,,,,,,,,,
7,,,7,7,,,,,7,,,7,7,,,,,,,,,,,,,,,,,,,,,,,,,,,
,8,8,,8,,,,,8,,8,,8,,,,,,,,,,,,,,,,,,,,,,,,,,,
3,,,3,,3,,,,,3,,3,3,,,,,,,,,,,,,,,,,,,,,,,,,,,
,8,8,,8,,,,,8,,8,,8,,,,,,,,,,,,,,,,,,,,,,,,,,,
,,,,,,,,,,,,,,,,,,,,,,,,,,,,,,,,,,,,,,,,
3,,,3,,3,,,,,3,,3,3,,,,,,,,,,,,,,,,,,,,,,,,,,,
,2,,2,,2,,,,,2,,2,2,,,,,,,,,,,,,,,,,,,,,,,,,,,
,4,4,,,4,,,,,4,4,,4,,,,,,,,,,,,,,,,,,,,,,,,,,,
,6,,6,6,,,,,6,,,6,6,,,,,,,,,,,,,,,,,,,,,,,,,,,
,2,,2,,2,,,,,2,,2,2,,,,,,,,,,,,,,,,,,,,,,,,,,,
,4,4,,,4,,,,,4,4,,4,,,,,,,,,,,,,,,,,,,,,,,,,,,
7,,,7,7,,,,,7,,,7,7,,,,,,,,,,,,,,,,,,,,,,,,,,,
5,,5,,,5,,,,,5,5,,5,,,,,,,,,,,,,,,,,,,,,,,,,,,
3,,,3,,3,,,,,3,,3,3,,,,,,,,,,,,,,,,,,,,,,,,,,,
,2,,2,,2,,,,,2,,2,2,,,,,,,,,,,,,,,,,,,,,,,,,,,
7,,,7,7,,,,,7,,,7,7,,,,,,,,,,,,,,,,,,,,,,,,,,,
3,,,3,,3,,,,,3,,3,3,,,,,,,,,,,,,,,,,,,,,,,,,,,
1,,1,,1,,,,,1,,1,,1,,,,,,,,,,,,,,,,,,,,,,,,,,,
11,,,11,,11,,,,,11,,11,11,,,,,,,,,,,,,,,,,,,,,,,,,,,
3,,,3,,3,,,,,3,,3,3,,,,,,,,,,,,,,,,,,,,,,,,,,,
,2,,2,,2,,,,,2,,2,2,,,,,,,,,,,,,,,,,,,,,,,,,,,
,6,,6,6,,,,,6,,,6,6,,,,,,,,,,,,,,,,,,,,,,,,,,,
,8,8,,8,,,,,8,,8,,8,,,,,,,,,,,,,,,,,,,,,,,,,,,
,4,4,,,4,,,,,4,4,,4,,,,,,,,,,,,,,,,,,,,,,,,,,,
3,,,3,,3,,,,,3,,3,3,,,,,,,,,,,,,,,,,,,,,,,,,,,
1,,1,,1,,,,,1,,1,,1,,,,,,,,,,,,,,,,,,,,,,,,,,,
,22,,22,22,,,,,22,,,22,,22,,,,,,,,,,,,,,,,,,,,,,,,,,
,4,4,,,4,,,,,4,4,,4,,,,,,,,,,,,,,,,,,,,,,,,,,,
11,,,11,,11,,,,,11,,11,11,,,,,,,,,,,,,,,,,,,,,,,,,,,
11,,,11,,11,,,,,11,,11,11,,,,,,,,,,,,,,,,,,,,,,,,,,,
,22,,22,22,,,,,22,,,22,,22,,,,,,,,,,,,,,,,,,,,,,,,,,
,33,33,,33,,,,,33,,33,,,33,,,,,,,,,,,,,,,,,,,,,,,,,,
3,,,3,,3,,,,,3,,3,3,,,,,,,,,,,,,,,,,,,,,,,,,,,
,4,4,,,4,,,,,4,4,,4,,,,,,,,,,,,,,,,,,,,,,,,,,,
5,,5,,,5,,,,,5,5,,5,,,,,,,,,,,,,,,,,,,,,,,,,,,
,6,,6,6,,,,,6,,,6,6,,,,,,,,,,,,,,,,,,,,,,,,,,,
,2,,2,,2,,,,,2,,2,2,,,,,,,,,,,,,,,,,,,,,,,,,,,
11,,,11,,11,,,,,11,,11,11,,,,,,,,,,,,,,,,,,,,,,,,,,,
,22,,22,22,,,,,22,,,22,,22,,,,,,,,,,,,,,,,,,,,,,,,,,
,4,4,,,4,,,,,4,4,,4,,,,,,,,,,,,,,,,,,,,,,,,,,,
5,,5,,,5,,,,,5,5,,5,,,,,,,,,,,,,,,,,,,,,,,,,,,
,6,,6,6,,,,,6,,,6,6,,,,,,,,,,,,,,,,,,,,,,,,,,,
7,,,7,7,,,,,7,,,7,7,,,,,,,,,,,,,,,,,,,,,,,,,,,
,8,8,,8,,,,,8,,8,,8,,,,,,,,,,,,,,,,,,,,,,,,,,,
9,,9,,9,,,,,9,,9,,9,,,,,,,,,,,,,,,,,,,,,,,,,,,
7,,,7,7,,,,,7,,,7,7,,,,,,,,,,,,,,,,,,,,,,,,,,,
5,,5,,,5,,,,,5,5,,5,,,,,,,,,,,,,,,,,,,,,,,,,,,
,8,8,,8,,,,,8,,8,,8,,,,,,,,,,,,,,,,,,,,,,,,,,,
9,,9,,9,,,,,9,,9,,9,,,,,,,,,,,,,,,,,,,,,,,,,,,
,4,4,,,4,,,,,4,4,,4,,,,,,,,,,,,,,,,,,,,,,,,,,,
3,,,3,,3,,,,,3,,3,3,,,,,,,,,,,,,,,,,,,,,,,,,,,
,22,,22,22,,,,,22,,,22,,22,,,,,,,,,,,,,,,,,,,,,,,,,,
,22,,22,22,,,,,22,,,22,,22,,,,,,,,,,,,,,,,,,,,,,,,,,
11,,,11,,11,,,,,11,,11,11,,,,,,,,,,,,,,,,,,,,,,,,,,,
,33,33,,33,,,,,33,,33,,,33,,,,,,,,,,,,,,,,,,,,,,,,,,
,22,,22,22,,,,,22,,,22,,22,,,,,,,,,,,,,,,,,,,,,,,,,,
,4,4,,,4,,,,,4,4,,4,,,,,,,,,,,,,,,,,,,,,,,,,,,
,6,,6,6,,,,,6,,,6,6,,,,,,,,,,,,,,,,,,,,,,,,,,,
,8,8,,8,,,,,8,,8,,8,,,,,,,,,,,,,,,,,,,,,,,,,,,
5,,5,,,5,,,,,5,5,,5,,,,,,,,,,,,,,,,,,,,,,,,,,,
3,,,3,,3,,,,,3,,3,3,,,,,,,,,,,,,,,,,,,,,,,,,,,
,2,,2,,2,,,,,2,,2,2,,,,,,,,,,,,,,,,,,,,,,,,,,,
11,,,11,,11,,,,,11,,11,11,,,,,,,,,,,,,,,,,,,,,,,,,,,
,33,33,,33,,,,,33,,33,,,33,,,,,,,,,,,,,,,,,,,,,,,,,,
5,,5,,,5,,,,,5,5,,5,,,,,,,,,,,,,,,,,,,,,,,,,,,
,6,,6,6,,,,,6,,,6,6,,,,,,,,,,,,,,,,,,,,,,,,,,,
7,,,7,7,,,,,7,,,7,7,,,,,,,,,,,,,,,,,,,,,,,,,,,
,8,8,,8,,,,,8,,8,,8,,,,,,,,,,,,,,,,,,,,,,,,,,,
,12,12,,,12,,,,,12,12,,12,,,,,,,,,,,,,,,,,,,,,,,,,,,
,,,,,,,,,,,,,,,,,,,,,,,,,,,,,,,,,,,,,,,,
,2,,2,,2,,,,,2,,2,2,,,,,,,,,,,,,,,,,,,,,,,,,,,
,12,12,,,12,,,,,12,12,,12,,,,,,,,,,,,,,,,,,,,,,,,,,,
,2,,2,,2,,,,,2,,2,2,,,,,,,,,,,,,,,,,,,,,,,,,,,
11,,,11,,11,,,,,11,,11,11,,,,,,,,,,,,,,,,,,,,,,,,,,,
,22,,22,22,,,,,22,,,22,,22,,,,,,,,,,,,,,,,,,,,,,,,,,
,12,12,,,12,,,,,12,12,,12,,,,,,,,,,,,,,,,,,,,,,,,,,,
,33,33,,33,,,,,33,,33,,,33,,,,,,,,,,,,,,,,,,,,,,,,,,
,22,,22,22,,,,,22,,,22,,22,,,,,,,,,,,,,,,,,,,,,,,,,,
,33,33,,33,,,,,33,,33,,,33,,,,,,,,,,,,,,,,,,,,,,,,,,
5,,5,,,5,,,,,5,5,,5,,,,,,,,,,,,,,,,,,,,,,,,,,,
7,,,7,7,,,,,7,,,7,7,,,,,,,,,,,,,,,,,,,,,,,,,,,
,8,8,,8,,,,,8,,8,,8,,,,,,,,,,,,,,,,,,,,,,,,,,,
9,,9,,9,,,,,9,,9,,9,,,,,,,,,,,,,,,,,,,,,,,,,,,
,8,8,,8,,,,,8,,8,,8,,,,,,,,,,,,,,,,,,,,,,,,,,,
9,,9,,9,,,,,9,,9,,9,,,,,,,,,,,,,,,,,,,,,,,,,,,
3,,,3,,3,,,,,3,,3,3,,,,,,,,,,,,,,,,,,,,,,,,,,,
,22,,22,22,,,,,22,,,22,,22,,,,,,,,,,,,,,,,,,,,,,,,,,
11,,,11,,11,,,,,11,,11,11,,,,,,,,,,,,,,,,,,,,,,,,,,,
,33,33,,33,,,,,33,,33,,,33,,,,,,,,,,,,,,,,,,,,,,,,,,
,4,4,,,4,,,,,4,4,,4,,,,,,,,,,,,,,,,,,,,,,,,,,,
5,,5,,,5,,,,,5,5,,5,,,,,,,,,,,,,,,,,,,,,,,,,,,
,6,,6,6,,,,,6,,,6,6,,,,,,,,,,,,,,,,,,,,,,,,,,,
7,,,7,7,,,,,7,,,7,7,,,,,,,,,,,,,,,,,,,,,,,,,,,
,12,12,,,12,,,,,12,12,,12,,,,,,,,,,,,,,,,,,,,,,,,,,,
13,,13,,,13,,,,,13,13,,13,,,,,,,,,,,,,,,,,,,,,,,,,,,
,14,,14,14,,,,,14,,,14,14,,,,,,,,,,,,,,,,,,,,,,,,,,,
23,,,23,23,,,,,23,,,23,,23,,,,,,,,,,,,,,,,,,,,,,,,,,
,12,12,,,12,,,,,12,12,,12,,,,,,,,,,,,,,,,,,,,,,,,,,,
,12,12,,,12,,,,,12,12,,12,,,,,,,,,,,,,,,,,,,,,,,,,,,
,14,,14,14,,,,,14,,,14,14,,,,,,,,,,,,,,,,,,,,,,,,,,,
23,,,23,23,,,,,23,,,23,,23,,,,,,,,,,,,,,,,,,,,,,,,,,
11,,,11,,11,,,,,11,,11,11,,,,,,,,,,,,,,,,,,,,,,,,,,,
,16,16,,16,,,,,16,,16,,16,,,,,,,,,,,,,,,,,,,,,,,,,,,
27,,,27,,27,,,,,27,,27,,27,,,,,,,,,,,,,,,,,,,,,,,,,,
,32,32,,32,,,,,32,,32,,,32,,,,,,,,,,,,,,,,,,,,,,,,,,
,12,12,,,12,,,,,12,12,,12,,,,,,,,,,,,,,,,,,,,,,,,,,,
,12,12,,,12,,,,,12,12,,12,,,,,,,,,,,,,,,,,,,,,,,,,,,
,33,33,,33,,,,,33,,33,,,33,,,,,,,,,,,,,,,,,,,,,,,,,,
5,,5,,,5,,,,,5,5,,5,,,,,,,,,,,,,,,,,,,,,,,,,,,
,6,,6,6,,,,,6,,,6,6,,,,,,,,,,,,,,,,,,,,,,,,,,,
7,,,7,7,,,,,7,,,7,7,,,,,,,,,,,,,,,,,,,,,,,,,,,
,8,8,,8,,,,,8,,8,,8,,,,,,,,,,,,,,,,,,,,,,,,,,,
9,,9,,9,,,,,9,,9,,9,,,,,,,,,,,,,,,,,,,,,,,,,,,
,8,8,,8,,,,,8,,8,,8,,,,,,,,,,,,,,,,,,,,,,,,,,,
,6,,6,6,,,,,6,,,6,6,,,,,,,,,,,,,,,,,,,,,,,,,,,
,4,4,,,4,,,,,4,4,,4,,,,,,,,,,,,,,,,,,,,,,,,,,,
,2,,2,,2,,,,,2,,2,2,,,,,,,,,,,,,,,,,,,,,,,,,,,
11,,,11,,11,,,,,11,,11,11,,,,,,,,,,,,,,,,,,,,,,,,,,,
,33,33,,33,,,,,33,,33,,,33,,,,,,,,,,,,,,,,,,,,,,,,,,
,22,,22,22,,,,,22,,,22,,22,,,,,,,,,,,,,,,,,,,,,,,,,,
11,,,11,,11,,,,,11,,11,11,,,,,,,,,,,,,,,,,,,,,,,,,,,
,2,,2,,2,,,,,2,,2,2,,,,,,,,,,,,,,,,,,,,,,,,,,,
,4,4,,,4,,,,,4,4,,4,,,,,,,,,,,,,,,,,,,,,,,,,,,
5,,5,,,5,,,,,5,5,,5,,,,,,,,,,,,,,,,,,,,,,,,,,,
,6,,6,6,,,,,6,,,6,6,,,,,,,,,,,,,,,,,,,,,,,,,,,
7,,,7,7,,,,,7,,,7,7,,,,,,,,,,,,,,,,,,,,,,,,,,,
,4,4,,,4,,,,,4,4,,4,,,,,,,,,,,,,,,,,,,,,,,,,,,
3,,,3,,3,,,,,3,,3,3,,,,,,,,,,,,,,,,,,,,,,,,,,,
,2,,2,,2,,,,,2,,2,2,,,,,,,,,,,,,,,,,,,,,,,,,,,
11,,,11,,11,,,,,11,,11,11,,,,,,,,,,,,,,,,,,,,,,,,,,,
,22,,22,22,,,,,22,,,22,,22,,,,,,,,,,,,,,,,,,,,,,,,,,
3,,,3,,3,,,,,3,,3,3,,,,,,,,,,,,,,,,,,,,,,,,,,,
5,,5,,,5,,,,,5,5,,5,,,,,,,,,,,,,,,,,,,,,,,,,,,
7,,,7,7,,,,,7,,,7,7,,,,,,,,,,,,,,,,,,,,,,,,,,,
,8,8,,8,,,,,8,,8,,8,,,,,,,,,,,,,,,,,,,,,,,,,,,
9,,9,,9,,,,,9,,9,,9,,,,,,,,,,,,,,,,,,,,,,,,,,,
5,,5,,,5,,,,,5,5,,5,,,,,,,,,,,,,,,,,,,,,,,,,,,
,4,4,,,4,,,,,4,4,,4,,,,,,,,,,,,,,,,,,,,,,,,,,,
3,,,3,,3,,,,,3,,3,3,,,,,,,,,,,,,,,,,,,,,,,,,,,
,2,,2,,2,,,,,2,,2,2,,,,,,,,,,,,,,,,,,,,,,,,,,,
11,,,11,,11,,,,,11,,11,11,,,,,,,,,,,,,,,,,,,,,,,,,,,
,22,,22,22,,,,,22,,,22,,22,,,,,,,,,,,,,,,,,,,,,,,,,,
3,,,3,,3,,,,,3,,3,3,,,,,,,,,,,,,,,,,,,,,,,,,,,
,4,4,,,4,,,,,4,4,,4,,,,,,,,,,,,,,,,,,,,,,,,,,,
,6,,6,6,,,,,6,,,6,6,,,,,,,,,,,,,,,,,,,,,,,,,,,
,2,,2,,2,,,,,2,,2,2,,,,,,,,,,,,,,,,,,,,,,,,,,,
11,,,11,,11,,,,,11,,11,11,,,,,,,,,,,,,,,,,,,,,,,,,,,
3,,,3,,3,,,,,3,,3,3,,,,,,,,,,,,,,,,,,,,,,,,,,,
,2,,2,,2,,,,,2,,2,2,,,,,,,,,,,,,,,,,,,,,,,,,,,
7,,,7,7,,,,,7,,,7,7,,,,,,,,,,,,,,,,,,,,,,,,,,,
7,,,7,7,,,,,7,,,7,7,,,,,,,,,,,,,,,,,,,,,,,,,,,
,4,4,,,4,,,,,4,4,,4,,,,,,,,,,,,,,,,,,,,,,,,,,,
,2,,2,,2,,,,,2,,2,2,,,,,,,,,,,,,,,,,,,,,,,,,,,
,2,,2,,2,,,,,2,,2,2,,,,,,,,,,,,,,,,,,,,,,,,,,,
11,,,11,,11,,,,,11,,11,11,,,,,,,,,,,,,,,,,,,,,,,,,,,
3,,,3,,3,,,,,3,,3,3,,,,,,,,,,,,,,,,,,,,,,,,,,,
,12,12,,,12,,,,,12,12,,12,,,,,,,,,,,,,,,,,,,,,,,,,,,
23,,,23,23,,,,,23,,,23,,23,,,,,,,,,,,,,,,,,,,,,,,,,,
,26,,26,,26,,,,,26,,26,,26,,,,,,,,,,,,,,,,,,,,,,,,,,
27,,,27,,27,,,,,27,,27,,27,,,,,,,,,,,,,,,,,,,,,,,,,,
,28,28,,,28,,,,,28,28,,,28,,,,,,,,,,,,,,,,,,,,,,,,,,
29,,29,,,29,,,,,29,29,,,29,,,,,,,,,,,,,,,,,,,,,,,,,,
,20,20,,,20,,,,,20,20,,,20,,,,,,,,,,,,,,,,,,,,,,,,,,
11,,,11,,11,,,,,11,,11,11,,,,,,,,,,,,,,,,,,,,,,,,,,,
,22,,22,22,,,,,22,,,22,,22,,,,,,,,,,,,,,,,,,,,,,,,,,
,33,33,,33,,,,,33,,33,,,33,,,,,,,,,,,,,,,,,,,,,,,,,,
1,,1,,1,,,,,1,,1,,1,,,,,,,,,,,,,,,,,,,,,,,,,,,
3,,,3,,3,,,,,3,,3,3,,,,,,,,,,,,,,,,,,,,,,,,,,,
,4,4,,,4,,,,,4,4,,4,,,,,,,,,,,,,,,,,,,,,,,,,,,
5,,5,,,5,,,,,5,5,,5,,,,,,,,,,,,,,,,,,,,,,,,,,,
,6,,6,6,,,,,6,,,6,6,,,,,,,,,,,,,,,,,,,,,,,,,,,
7,,,7,7,,,,,7,,,7,7,,,,,,,,,,,,,,,,,,,,,,,,,,,
5,,5,,,5,,,,,5,5,,5,,,,,,,,,,,,,,,,,,,,,,,,,,,
,8,8,,8,,,,,8,,8,,8,,,,,,,,,,,,,,,,,,,,,,,,,,,
,12,12,,,12,,,,,12,12,,12,,,,,,,,,,,,,,,,,,,,,,,,,,,
13,,13,,,13,,,,,13,13,,13,,,,,,,,,,,,,,,,,,,,,,,,,,,
23,,,23,23,,,,,23,,,23,,23,,,,,,,,,,,,,,,,,,,,,,,,,,
,12,12,,,12,,,,,12,12,,12,,,,,,,,,,,,,,,,,,,,,,,,,,,
21,,21,,,21,,,,,21,21,,,21,,,,,,,,,,,,,,,,,,,,,,,,,,
,14,,14,14,,,,,14,,,14,14,,,,,,,,,,,,,,,,,,,,,,,,,,,
13,,13,,,13,,,,,13,13,,13,,,,,,,,,,,,,,,,,,,,,,,,,,,
23,,,23,23,,,,,23,,,23,,23,,,,,,,,,,,,,,,,,,,,,,,,,,
,12,12,,,12,,,,,12,12,,12,,,,,,,,,,,,,,,,,,,,,,,,,,,
,32,32,,32,,,,,32,,32,,,32,,,,,,,,,,,,,,,,,,,,,,,,,,
27,,,27,,27,,,,,27,,27,,27,,,,,,,,,,,,,,,,,,,,,,,,,,
17,,17,,17,,,,,17,,17,,,17,,,,,,,,,,,,,,,,,,,,,,,,,,
,28,28,,,28,,,,,28,28,,,28,,,,,,,,,,,,,,,,,,,,,,,,,,
,28,28,,,28,,,,,28,28,,,28,,,,,,,,,,,,,,,,,,,,,,,,,,
,12,12,,,12,,,,,12,12,,12,,,,,,,,,,,,,,,,,,,,,,,,,,,
23,,,23,23,,,,,23,,,23,,23,,,,,,,,,,,,,,,,,,,,,,,,,,
13,,13,,,13,,,,,13,13,,13,,,,,,,,,,,,,,,,,,,,,,,,,,,
23,,,23,23,,,,,23,,,23,,23,,,,,,,,,,,,,,,,,,,,,,,,,,
17,,17,,17,,,,,17,,17,,,17,,,,,,,,,,,,,,,,,,,,,,,,,,
,16,16,,16,,,,,16,,16,,16,,,,,,,,,,,,,,,,,,,,,,,,,,,
,12,12,,,12,,,,,12,12,,12,,,,,,,,,,,,,,,,,,,,,,,,,,,
15,,,15,15,,,,,15,,,15,15,,,,,,,,,,,,,,,,,,,,,,,,,,,
27,,,27,,27,,,,,27,,27,,27,,,,,,,,,,,,,,,,,,,,,,,,,,
,32,32,,32,,,,,32,,32,,,32,,,,,,,,,,,,,,,,,,,,,,,,,,
,12,12,,,12,,,,,12,12,,12,,,,,,,,,,,,,,,,,,,,,,,,,,,
17,,17,,17,,,,,17,,17,,,17,,,,,,,,,,,,,,,,,,,,,,,,,,
,14,,14,14,,,,,14,,,14,14,,,,,,,,,,,,,,,,,,,,,,,,,,,
27,,,27,,27,,,,,27,,27,,27,,,,,,,,,,,,,,,,,,,,,,,,,,
29,,29,,,29,,,,,29,29,,,29,,,,,,,,,,,,,,,,,,,,,,,,,,
,32,32,,32,,,,,32,,32,,,32,,,,,,,,,,,,,,,,,,,,,,,,,,
,12,12,,,12,,,,,12,12,,12,,,,,,,,,,,,,,,,,,,,,,,,,,,
17,,17,,17,,,,,17,,17,,,17,,,,,,,,,,,,,,,,,,,,,,,,,,
29,,29,,,29,,,,,29,29,,,29,,,,,,,,,,,,,,,,,,,,,,,,,,
,24,24,,24,,,,,24,,24,,,24,,,,,,,,,,,,,,,,,,,,,,,,,,
,12,12,,,12,,,,,12,12,,12,,,,,,,,,,,,,,,,,,,,,,,,,,,
,18,,18,,18,,,,,18,,18,,18,,,,,,,,,,,,,,,,,,,,,,,,,,
,6,,6,6,,,,,6,,,6,6,,,,,,,,,,,,,,,,,,,,,,,,,,,
7,,,7,7,,,,,7,,,7,7,,,,,,,,,,,,,,,,,,,,,,,,,,,
,8,8,,8,,,,,8,,8,,8,,,,,,,,,,,,,,,,,,,,,,,,,,,
9,,9,,9,,,,,9,,9,,9,,,,,,,,,,,,,,,,,,,,,,,,,,,
,20,20,,,20,,,,,20,20,,,20,,,,,,,,,,,,,,,,,,,,,,,,,,
,10,,10,,10,,,,,10,,10,10,,,,,,,,,,,,,,,,,,,,,,,,,,,
23,,,23,23,,,,,23,,,23,,23,,,,,,,,,,,,,,,,,,,,,,,,,,
,12,12,,,12,,,,,12,12,,12,,,,,,,,,,,,,,,,,,,,,,,,,,,
,16,16,,16,,,,,16,,16,,16,,,,,,,,,,,,,,,,,,,,,,,,,,,
3,,,3,,3,,,,,3,,3,3,,,,,,,,,,,,,,,,,,,,,,,,,,,
,12,12,,,12,,,,,12,12,,12,,,,,,,,,,,,,,,,,,,,,,,,,,,
17,,17,,17,,,,,17,,17,,,17,,,,,,,,,,,,,,,,,,,,,,,,,,
27,,,27,,27,,,,,27,,27,,27,,,,,,,,,,,,,,,,,,,,,,,,,,
23,,,23,23,,,,,23,,,23,,23,,,,,,,,,,,,,,,,,,,,,,,,,,
,12,12,,,12,,,,,12,12,,12,,,,,,,,,,,,,,,,,,,,,,,,,,,
23,,,23,23,,,,,23,,,23,,23,,,,,,,,,,,,,,,,,,,,,,,,,,
,12,12,,,12,,,,,12,12,,12,,,,,,,,,,,,,,,,,,,,,,,,,,,
7,,,7,7,,,,,7,,,7,7,,,,,,,,,,,,,,,,,,,,,,,,,,,
,8,8,,8,,,,,8,,8,,8,,,,,,,,,,,,,,,,,,,,,,,,,,,
9,,9,,9,,,,,9,,9,,9,,,,,,,,,,,,,,,,,,,,,,,,,,,
,4,4,,,4,,,,,4,4,,4,,,,,,,,,,,,,,,,,,,,,,,,,,,
,6,,6,6,,,,,6,,,6,6,,,,,,,,,,,,,,,,,,,,,,,,,,,
,2,,2,,2,,,,,2,,2,2,,,,,,,,,,,,,,,,,,,,,,,,,,,
7,,,7,7,,,,,7,,,7,7,,,,,,,,,,,,,,,,,,,,,,,,,,,
,2,,2,,2,,,,,2,,2,2,,,,,,,,,,,,,,,,,,,,,,,,,,,
,8,8,,8,,,,,8,,8,,8,,,,,,,,,,,,,,,,,,,,,,,,,,,
3,,,3,,3,,,,,3,,3,3,,,,,,,,,,,,,,,,,,,,,,,,,,,
,2,,2,,2,,,,,2,,2,2,,,,,,,,,,,,,,,,,,,,,,,,,,,
,8,8,,8,,,,,8,,8,,8,,,,,,,,,,,,,,,,,,,,,,,,,,,
3,,,3,,3,,,,,3,,3,3,,,,,,,,,,,,,,,,,,,,,,,,,,,
,4,4,,,4,,,,,4,4,,4,,,,,,,,,,,,,,,,,,,,,,,,,,,
,6,,6,6,,,,,6,,,6,6,,,,,,,,,,,,,,,,,,,,,,,,,,,
3,,,3,,3,,,,,3,,3,3,,,,,,,,,,,,,,,,,,,,,,,,,,,
,8,8,,8,,,,,8,,8,,8,,,,,,,,,,,,,,,,,,,,,,,,,,,
5,,5,,,5,,,,,5,5,,5,,,,,,,,,,,,,,,,,,,,,,,,,,,
3,,,3,,3,,,,,3,,3,3,,,,,,,,,,,,,,,,,,,,,,,,,,,
,2,,2,,2,,,,,2,,2,2,,,,,,,,,,,,,,,,,,,,,,,,,,,
7,,,7,7,,,,,7,,,7,7,,,,,,,,,,,,,,,,,,,,,,,,,,,
3,,,3,,3,,,,,3,,3,3,,,,,,,,,,,,,,,,,,,,,,,,,,,
7,,,7,7,,,,,7,,,7,7,,,,,,,,,,,,,,,,,,,,,,,,,,,
3,,,3,,3,,,,,3,,3,3,,,,,,,,,,,,,,,,,,,,,,,,,,,
7,,,7,7,,,,,7,,,7,7,,,,,,,,,,,,,,,,,,,,,,,,,,,
,2,,2,,2,,,,,2,,2,2,,,,,,,,,,,,,,,,,,,,,,,,,,,
3,,,3,,3,,,,,3,,3,3,,,,,,,,,,,,,,,,,,,,,,,,,,,
7,,,7,7,,,,,7,,,7,7,,,,,,,,,,,,,,,,,,,,,,,,,,,
,8,8,,8,,,,,8,,8,,8,,,,,,,,,,,,,,,,,,,,,,,,,,,
,4,4,,,4,,,,,4,4,,4,,,,,,,,,,,,,,,,,,,,,,,,,,,
3,,,3,,3,,,,,3,,3,3,,,,,,,,,,,,,,,,,,,,,,,,,,,
,8,8,,8,,,,,8,,8,,8,,,,,,,,,,,,,,,,,,,,,,,,,,,
,4,4,,,4,,,,,4,4,,4,,,,,,,,,,,,,,,,,,,,,,,,,,,
3,,,3,,3,,,,,3,,3,3,,,,,,,,,,,,,,,,,,,,,,,,,,,
,8,8,,8,,,,,8,,8,,8,,,,,,,,,,,,,,,,,,,,,,,,,,,
5,,5,,,5,,,,,5,5,,5,,,,,,,,,,,,,,,,,,,,,,,,,,,
,12,12,,,12,,,,,12,12,,12,,,,,,,,,,,,,,,,,,,,,,,,,,,
23,,,23,23,,,,,23,,,23,,23,,,,,,,,,,,,,,,,,,,,,,,,,,
,14,,14,14,,,,,14,,,14,14,,,,,,,,,,,,,,,,,,,,,,,,,,,
,14,,14,14,,,,,14,,,14,14,,,,,,,,,,,,,,,,,,,,,,,,,,,
27,,,27,,27,,,,,27,,27,,27,,,,,,,,,,,,,,,,,,,,,,,,,,
,28,28,,,28,,,,,28,28,,,28,,,,,,,,,,,,,,,,,,,,,,,,,,
,32,32,,32,,,,,32,,32,,,32,,,,,,,,,,,,,,,,,,,,,,,,,,
,12,12,,,12,,,,,12,12,,12,,,,,,,,,,,,,,,,,,,,,,,,,,,
,12,12,,,12,,,,,12,12,,12,,,,,,,,,,,,,,,,,,,,,,,,,,,
13,,13,,,13,,,,,13,13,,13,,,,,,,,,,,,,,,,,,,,,,,,,,,
,12,12,,,12,,,,,12,12,,12,,,,,,,,,,,,,,,,,,,,,,,,,,,
,12,12,,,12,,,,,12,12,,12,,,,,,,,,,,,,,,,,,,,,,,,,,,
,12,12,,,12,,,,,12,12,,12,,,,,,,,,,,,,,,,,,,,,,,,,,,
5,,5,,,5,,,,,5,5,,5,,,,,,,,,,,,,,,,,,,,,,,,,,,
7,,,7,7,,,,,7,,,7,7,,,,,,,,,,,,,,,,,,,,,,,,,,,
23,,,23,23,,,,,23,,,23,,23,,,,,,,,,,,,,,,,,,,,,,,,,,
17,,17,,17,,,,,17,,17,,,17,,,,,,,,,,,,,,,,,,,,,,,,,,
,14,,14,14,,,,,14,,,14,14,,,,,,,,,,,,,,,,,,,,,,,,,,,
13,,13,,,13,,,,,13,13,,13,,,,,,,,,,,,,,,,,,,,,,,,,,,
,16,16,,16,,,,,16,,16,,16,,,,,,,,,,,,,,,,,,,,,,,,,,,
17,,17,,17,,,,,17,,17,,,17,,,,,,,,,,,,,,,,,,,,,,,,,,
,18,,18,,18,,,,,18,,18,,18,,,,,,,,,,,,,,,,,,,,,,,,,,
19,,,19,,19,,,,,19,,19,,19,,,,,,,,,,,,,,,,,,,,,,,,,,
,12,12,,,12,,,,,12,12,,12,,,,,,,,,,,,,,,,,,,,,,,,,,,
21,,21,,,21,,,,,21,21,,,21,,,,,,,,,,,,,,,,,,,,,,,,,,
13,,13,,,13,,,,,13,13,,13,,,,,,,,,,,,,,,,,,,,,,,,,,,
,14,,14,14,,,,,14,,,14,14,,,,,,,,,,,,,,,,,,,,,,,,,,,
23,,,23,23,,,,,23,,,23,,23,,,,,,,,,,,,,,,,,,,,,,,,,,
15,,,15,15,,,,,15,,,15,15,,,,,,,,,,,,,,,,,,,,,,,,,,,
,12,12,,,12,,,,,12,12,,12,,,,,,,,,,,,,,,,,,,,,,,,,,,
5,,5,,,5,,,,,5,5,,5,,,,,,,,,,,,,,,,,,,,,,,,,,,,,,,,,,,,
5,,5,,,5,,,,,5,5,,5,,,,,,,,,,,,,,,,,,,,,,,,,,,,,,,,,,,,
5,,5,,,5,,,,,5,5,,5,,,,,,,,,,,,,,,,,,,,,,,,,,,,,,,,,,,,
9,,9,,9,,,,,9,,9,,9,,,,,,,,,,,,,,,,,,,,,,,,,,,,,,,,,,,,
9,,9,,9,,,,,9,,9,,9,,,,,,,,,,,,,,,,,,,,,,,,,,,,,,,,,,,,
9,,9,,9,,,,,9,,9,,9,,,,,,,,,,,,,,,,,,,,,,,,,,,,,,,,,,,,
7,,,7,7,,,,,7,,,7,7,,,,,,,,,,,,,,,,,,,,,,,,,,,,,,,,,,,,
7,,,7,7,,,,,7,,,7,7,,,,,,,,,,,,,,,,,,,,,,,,,,,,,,,,,,,,
,2,,2,,2,,,,,2,,2,2,,,,,,,,,,,,,,,,,,,,,,,,,,,,,,,,,,,,
,2,,2,,2,,,,,2,,2,2,,,,,,,,,,,,,,,,,,,,,,,,,,,,,,,,,,,,
,2,,2,,2,,,,,2,,2,2,,,,,,,,,,,,,,,,,,,,,,,,,,,,,,,,,,,,
3,,,3,,3,,,,,3,,3,3,,,,,,,,,,,,,,,,,,,,,,,,,,,,,,,,,,,,
3,,,3,,3,,,,,3,,3,3,,,,,,,,,,,,,,,,,,,,,,,,,,,,,,,,,,,,
3,,,3,,3,,,,,3,,3,3,,,,,,,,,,,,,,,,,,,,,,,,,,,,,,,,,,,,
,4,4,,,4,,,,,4,4,,4,,,,,,,,,,,,,,,,,,,,,,,,,,,,,,,,,,,,
,4,4,,,4,,,,,4,4,,4,,,,,,,,,,,,,,,,,,,,,,,,,,,,,,,,,,,,
,4,4,,,4,,,,,4,4,,4,,,,,,,,,,,,,,,,,,,,,,,,,,,,,,,,,,,,
23,,,23,23,,,,,23,,,23,,23,,,,,,,,,,,,,,,,,,,,,,,,,,,,,,,,,,,,,,,,,,,,,,,,,,
23,,,23,23,,,,,23,,,23,,23,,,,,,,,,,,,,,,,,,,,,,,,,,,,,,,,,,,,,,,,,,,,,,,,,,
1,,1,,1,,,,,1,,1,,1,,,,,,,,,,,,,,,,,,,,,,,,,,,,,,,,,,,,,,,,,,,,,,,,,,,
1,,1,,1,,,,,1,,1,,1,,,,,,,,,,,,,,,,,,,,,,,,,,,,,,,,,,,,,,,,,,,,,,,,,,,
11,,,11,,11,,,,,11,,11,11,,,,,,,,,,,,,,,,,,,,,,,,,,,,,,,,,,,,,,,,,,,,,,,,,,,
,2,,2,,2,,,,,2,,2,2,,,,,,,,,,,,,,,,,,,,,,,,,,,,,,,,,,,,,,,,,,,,,,,,,,,
,2,,2,,2,,,,,2,,2,2,,,,,,,,,,,,,,,,,,,,,,,,,,,,,,,,,,,,,,,,,,,,,,,,,,,
,2,,2,,2,,,,,2,,2,2,,,,,,,,,,,,,,,,,,,,,,,,,,,,,,,,,,,,,,,,,,,,,,,,,,,
,4,4,,,4,,,,,4,4,,4,,,,,,,,,,,,,,,,,,,,,,,,,,,,,,,,,,,,,,,,,,,,,,,,,,,
5,,5,,,5,,,,,5,5,,5,,,,,,,,,,,,,,,,,,,,,,,,,,,,,,,,,,,,,,,,,,,,,,,,,,,
1,,1,,1,,,,,1,,1,,1,,,,,,,,,,,,,,,,,,,,,,,,,,,,,,,,,,,,,,,,,,,,,,,,,,,
,2,,2,,2,,,,,2,,2,2,,,,,,,,,,,,,,,,,,,,,,,,,,,,,,,,,,,,,,,,,,,,,,,,,,,
1,,1,,1,,,,,1,,1,,1,,,,,,,,,,,,,,,,,,,,,,,,,,,,,,,,,,,,,,,,,,,,,,,,,,,
1,,1,,1,,,,,1,,1,,1,,,,,,,,,,,,,,,,,,,,,,,,,,,,,,,,,,,,,,,,,,,,,,,,,,,
1,,1,,1,,,,,1,,1,,1,,,,,,,,,,,,,,,,,,,,,,,,,,,,,,,,,,,,,,,,,,,,,,,,,,,,,,,,,,,,,,,,,,,,,,,,,,,,,,,,,,,,,,,,,,,,,,,,,,,,,,,,,,,,,,,,,,,,,,,,,,,,,,,,,,,,,,,,,,,,,,,,,,,,,,,,,,,,,,,,,,,,,,,,,,,,,,,,,,,,,,,,,,,,,,,,,,,,,,,,,,,,,,,,,,,,,,,,,,,,,,,,,,,,,,,,,,,,,,,,,,,,,,,,,,,,,,,,,,,,,,,,,,,,,,,,,,,,,,,,,,,,,,,,,,,,,,,,,,,,,,,,,,,,,,,,,,,,,,,,,,,,,,,,,,,,,,,,,,,,,,,,,,,,,,,,,,,,,,,,,,,,,,,,,,,,,,,,,,,,,,,,,,,,,,,,,,,,,,,,,,,,,,,,,,,,,,,,,,,,,,,,,,,,,,,,,,,,
1,,1,,1,,,,,1,,1,,1,,,,,,,,,,,,,,,,,,,,,,,,,,,,,,,,,,,,
,2,,2,,2,,,,,2,,2,2,,,,,,,,,,,,,,,,,,,,,,,,,,,,,,,,,,,,
