,,3,,3,,,,,,,,,3,,3,,,,,,,,,3,,3,,,,,,,,,,3,3,,,,,,,,,,,,,,,,,,,,,,,,,,,
,,4,,,4,,,,,,,,,4,,4,,,,,,,,,4,,4,,,,,,,,4,,,4,,,,,,,,,,,,,,,,,,,,,,,,,,
,,,10,10,,,,,,,,,,10,,10,,,,,,,,10,,10,,,,,,,,,,10,10,,,,,,,,,,,,,,,,,,,,,,,,,,,
,,,8,8,,,,,,,,,8,,8,,,,,,,,,,8,8,,,,,,,,,8,,8,,,,,,,,,,,,,,,,,,,,,,,,,,,
,,,47,,47,,,,,,,,47,,,47,,,,,,,,,47,,47,,,,,,,,47,,,47,,,,,,,,,,,,,,,,,,,,,,,,,,
,,,18,,18,,,,,,,,18,,,18,,,,,,,,,18,,18,,,,,,,,18,,,18,,,,,,,,,,,,,,,,,,,,,,,,,,
,,,46,46,,,,,,,,,46,,46,,,,,,,,,,46,46,,,,,,,,,46,,46,,,,,,,,,,,,,,,,,,,,,,,,,,,
,,,28,28,,,,,,,,,,28,,28,,,,,,,,28,,28,,,,,,,,,28,,28,,,,,,,,,,,,,,,,,,,,,,,,,,,
,,41,,41,,,,,,,,,41,,41,,,,,,,,,41,,41,,,,,,,,,,41,41,,,,,,,,,,,,,,,,,,,,,,,,,,,
,,,38,,38,,,,,,,,,38,38,,,,,,,,,38,,,38,,,,,,,,38,,,38,,,,,,,,,,,,,,,,,,,,,,,,,,
,,2,,,2,,,,,,,,2,,,2,,,,,,,,2,,,2,,,,,,,,,2,,2,,,,,,,,,,,,,,,,,,,,,,,,,,
,,,48,48,,,,,,,,,,48,,48,,,,,,,,48,,48,,,,,,,,,48,,48,,,,,,,,,,,,,,,,,,,,,,,,,,,
,,44,,,44,,,,,,,,,44,,44,,,,,,,,,44,,44,,,,,,,,44,,,44,,,,,,,,,,,,,,,,,,,,,,,,,,
,,,8,8,,,,,,,,,8,,8,,,,,,,,,,8,8,,,,,,,,,8,,8,,,,,,,,,,,,,,,,,,,,,,,,,,,
,,31,,,31,,,,,,,,31,,,31,,,,,,,,31,,,31,,,,,,,,,31,,31,,,,,,,,,,,,,,,,,,,,,,,,,,
,,,18,,18,,,,,,,,18,,,18,,,,,,,,,18,,18,,,,,,,,18,,,18,,,,,,,,,,,,,,,,,,,,,,,,,,
,,23,,23,,,,,,,,,,23,23,,,,,,,,,,23,23,,,,,,,,,,23,23,,,,,,,,,,,,,,,,,,,,,,,,,,,
,,,28,28,,,,,,,,,,28,,28,,,,,,,,28,,28,,,,,,,,,28,,28,,,,,,,,,,,,,,,,,,,,,,,,,,,
,,3,,3,,,,,,,,,3,,3,,,,,,,,,3,,3,,,,,,,,,,3,3,,,,,,,,,,,,,,,,,,,,,,,,,,,
,,,38,,38,,,,,,,,,38,38,,,,,,,,,38,,,38,,,,,,,,38,,,38,,,,,,,,,,,,,,,,,,,,,,,,,,
,,44,,,44,,,,,,,,,44,,44,,,,,,,,,44,,44,,,,,,,,44,,,44,,,,,,,,,,,,,,,,,,,,,,,,,,
,,,48,48,,,,,,,,,,48,,48,,,,,,,,48,,48,,,,,,,,,48,,48,,,,,,,,,,,,,,,,,,,,,,,,,,,
,,15,,,15,,,,,,,,,15,,15,,,,,,,,,15,,15,,,,,,,,15,,,15,,,,,,,,,,,,,,,,,,,,,,,,,,
,,,8,8,,,,,,,,,8,,8,,,,,,,,,,8,8,,,,,,,,,8,,8,,,,,,,,,,,,,,,,,,,,,,,,,,,
,,,49,,49,,,,,,,,,49,49,,,,,,,,,49,,,49,,,,,,,,,49,,49,,,,,,,,,,,,,,,,,,,,,,,,,,
,,,18,,18,,,,,,,,18,,,18,,,,,,,,,18,,18,,,,,,,,18,,,18,,,,,,,,,,,,,,,,,,,,,,,,,,
,,33,,,33,,,,,,,,,33,,33,,,,,,,,,33,,33,,,,,,,,,33,,33,,,,,,,,,,,,,,,,,,,,,,,,,,
,,,28,28,,,,,,,,,,28,,28,,,,,,,,28,,28,,,,,,,,,28,,28,,,,,,,,,,,,,,,,,,,,,,,,,,,
,,5,,5,,,,,,,,,,5,5,,,,,,,,,,5,5,,,,,,,,,5,,5,,,,,,,,,,,,,,,,,,,,,,,,,,,
,,,38,,38,,,,,,,,,38,38,,,,,,,,,38,,,38,,,,,,,,38,,,38,,,,,,,,,,,,,,,,,,,,,,,,,,
,,,39,39,,,,,,,,,,39,,39,,,,,,,,39,,39,,,,,,,,,,39,39,,,,,,,,,,,,,,,,,,,,,,,,,,,
,,,48,48,,,,,,,,,,48,,48,,,,,,,,48,,48,,,,,,,,,48,,48,,,,,,,,,,,,,,,,,,,,,,,,,,,
,,,38,,38,,,,,,,,,38,38,,,,,,,,,38,,,38,,,,,,,,38,,,38,,,,,,,,,,,,,,,,,,,,,,,,,,
,,,8,8,,,,,,,,,8,,8,,,,,,,,,,8,8,,,,,,,,,8,,8,,,,,,,,,,,,,,,,,,,,,,,,,,,
,,45,,45,,,,,,,,,,45,45,,,,,,,,,,45,45,,,,,,,,,45,,45,,,,,,,,,,,,,,,,,,,,,,,,,,,
,,,18,,18,,,,,,,,18,,,18,,,,,,,,,18,,18,,,,,,,,18,,,18,,,,,,,,,,,,,,,,,,,,,,,,,,
,,,18,,18,,,,,,,,18,,,18,,,,,,,,,18,,18,,,,,,,,18,,,18,,,,,,,,,,,,,,,,,,,,,,,,,,
,,,28,28,,,,,,,,,,28,,28,,,,,,,,28,,28,,,,,,,,,28,,28,,,,,,,,,,,,,,,,,,,,,,,,,,,
,,,16,,16,,,,,,,,16,,,16,,,,,,,,,16,,16,,,,,,,,,16,,16,,,,,,,,,,,,,,,,,,,,,,,,,,
,,,38,,38,,,,,,,,,38,38,,,,,,,,,38,,,38,,,,,,,,38,,,38,,,,,,,,,,,,,,,,,,,,,,,,,,
,,12,,12,,,,,,,,,12,,12,,,,,,,,,12,,12,,,,,,,,,,12,12,,,,,,,,,,,,,,,,,,,,,,,,,,,
,,,48,48,,,,,,,,,,48,,48,,,,,,,,48,,48,,,,,,,,,48,,48,,,,,,,,,,,,,,,,,,,,,,,,,,,
,,,20,,20,,,,,,,,,20,20,,,,,,,,,20,,,20,,,,,,,,,20,,20,,,,,,,,,,,,,,,,,,,,,,,,,,
,,,8,8,,,,,,,,,8,,8,,,,,,,,,,8,8,,,,,,,,,8,,8,,,,,,,,,,,,,,,,,,,,,,,,,,,
,,,6,6,,,,,,,,,6,,6,,,,,,,,,,6,6,,,,,,,,,,6,6,,,,,,,,,,,,,,,,,,,,,,,,,,,
,,,18,,18,,,,,,,,18,,,18,,,,,,,,,18,,18,,,,,,,,18,,,18,,,,,,,,,,,,,,,,,,,,,,,,,,
,,,36,,36,,,,,,,,36,,,36,,,,,,,,,36,,36,,,,,,,,36,,,36,,,,,,,,,,,,,,,,,,,,,,,,,,
,,,28,28,,,,,,,,,,28,,28,,,,,,,,28,,28,,,,,,,,,28,,28,,,,,,,,,,,,,,,,,,,,,,,,,,,
,,,47,,47,,,,,,,,47,,,47,,,,,,,,,47,,47,,,,,,,,47,,,47,,,,,,,,,,,,,,,,,,,,,,,,,,
,,,38,,38,,,,,,,,,38,38,,,,,,,,,38,,,38,,,,,,,,38,,,38,,,,,,,,,,,,,,,,,,,,,,,,,,
,,41,,41,,,,,,,,,41,,41,,,,,,,,,41,,41,,,,,,,,,,41,41,,,,,,,,,,,,,,,,,,,,,,,,,,,
,,,48,48,,,,,,,,,,48,,48,,,,,,,,48,,48,,,,,,,,,48,,48,,,,,,,,,,,,,,,,,,,,,,,,,,,
,,,26,26,,,,,,,,,26,,26,,,,,,,,,,26,26,,,,,,,,,,26,26,,,,,,,,,,,,,,,,,,,,,,,,,,,
,,,8,8,,,,,,,,,8,,8,,,,,,,,,,8,8,,,,,,,,,8,,8,,,,,,,,,,,,,,,,,,,,,,,,,,,
,,,17,17,,,,,,,,,17,,17,,,,,,,,,,17,17,,,,,,,,,17,,17,,,,,,,,,,,,,,,,,,,,,,,,,,,
,,,18,,18,,,,,,,,18,,,18,,,,,,,,,18,,18,,,,,,,,18,,,18,,,,,,,,,,,,,,,,,,,,,,,,,,
,,,37,37,,,,,,,,,37,,37,,,,,,,,,,37,37,,,,,,,,,37,,37,,,,,,,,,,,,,,,,,,,,,,,,,,,
,,,28,28,,,,,,,,,,28,,28,,,,,,,,28,,28,,,,,,,,,28,,28,,,,,,,,,,,,,,,,,,,,,,,,,,,
,,,49,,49,,,,,,,,,49,49,,,,,,,,,49,,,49,,,,,,,,,49,,49,,,,,,,,,,,,,,,,,,,,,,,,,,
,,,38,,38,,,,,,,,,38,38,,,,,,,,,38,,,38,,,,,,,,38,,,38,,,,,,,,,,,,,,,,,,,,,,,,,,
,,34,,34,,,,,,,,,,34,34,,,,,,,,,,34,34,,,,,,,,,34,,34,,,,,,,,,,,,,,,,,,,,,,,,,,,
,,,8,8,,,,,,,,,8,,8,,,,,,,,,,8,8,,,,,,,,,8,,8,,,,,,,,,,,,,,,,,,,,,,,,,,,
,,,26,26,,,,,,,,,26,,26,,,,,,,,,,26,26,,,,,,,,,,26,26,,,,,,,,,,,,,,,,,,,,,,,,,,,
,,,18,,18,,,,,,,,18,,,18,,,,,,,,,18,,18,,,,,,,,18,,,18,,,,,,,,,,,,,,,,,,,,,,,,,,
,,,40,,40,,,,,,,,,40,40,,,,,,,,,40,,,40,,,,,,,,,40,,40,,,,,,,,,,,,,,,,,,,,,,,,,,
,,,28,28,,,,,,,,,,28,,28,,,,,,,,28,,28,,,,,,,,,28,,28,,,,,,,,,,,,,,,,,,,,,,,,,,,
,,,29,,29,,,,,,,,,29,29,,,,,,,,,29,,,29,,,,,,,,,29,,29,,,,,,,,,,,,,,,,,,,,,,,,,,
,,,38,,38,,,,,,,,,38,38,,,,,,,,,38,,,38,,,,,,,,38,,,38,,,,,,,,,,,,,,,,,,,,,,,,,,
,,25,,25,,,,,,,,,,25,25,,,,,,,,,,25,25,,,,,,,,,25,,25,,,,,,,,,,,,,,,,,,,,,,,,,,,
,,,48,48,,,,,,,,,,48,,48,,,,,,,,48,,48,,,,,,,,,48,,48,,,,,,,,,,,,,,,,,,,,,,,,,,,
,,2,,,2,,,,,,,,2,,,2,,,,,,,,2,,,2,,,,,,,,,2,,2,,,,,,,,,,,,,,,,,,,,,,,,,,
,,,8,8,,,,,,,,,8,,8,,,,,,,,,,8,8,,,,,,,,,8,,8,,,,,,,,,,,,,,,,,,,,,,,,,,,
,,,47,,47,,,,,,,,47,,,47,,,,,,,,,47,,47,,,,,,,,47,,,47,,,,,,,,,,,,,,,,,,,,,,,,,,
,,,18,,18,,,,,,,,18,,,18,,,,,,,,,18,,18,,,,,,,,18,,,18,,,,,,,,,,,,,,,,,,,,,,,,,,
,,15,,,15,,,,,,,,,15,,15,,,,,,,,,15,,15,,,,,,,,15,,,15,,,,,,,,,,,,,,,,,,,,,,,,,,
